2.065706051873198845e+01   1.558219705432743285e-23
2.360806916426512814e+01   4.433303323474722311e-23
2.655907780979826782e+01   2.997372072500688352e-23
2.951008645533141106e+01   1.377530664458787225e-23
3.246109510086455430e+01   1.531210653847700157e-23
3.541210374639769043e+01   3.294202275050995203e-23
3.836311239193083367e+01   3.114036140536338405e-23
4.131412103746397690e+01   5.529569197308157425e-23
4.426512968299711304e+01   3.563776263760628617e-23
4.721613832853025627e+01   3.818360051257253693e-23
5.016714697406339951e+01   3.866728184260522296e-23
5.311815561959653564e+01   4.205201824586392740e-23
5.606916426512967888e+01   2.967543875002472810e-23
5.902017291066282212e+01   3.228133327489338820e-23
6.197118155619595825e+01   3.642083389553497813e-23
6.492219020172910859e+01   3.178919761680240930e-23
6.787319884726224473e+01   2.698123989482763379e-23
7.082420749279538086e+01   2.058455651984470787e-23
7.377521613832853120e+01   2.415254491322421744e-23
7.672622478386166733e+01   2.013243055874566634e-23
7.967723342939480347e+01   2.359120999954654221e-23
8.262824207492795381e+01   1.984643285518263565e-23
8.557925072046108994e+01   2.312018055336424470e-23
8.853025936599422607e+01   1.726389961097535339e-23
9.148126801152737642e+01   2.304446197466371090e-23
9.443227665706051255e+01   1.616202616757698357e-23
9.738328530259364868e+01   1.913431247467589805e-23
1.003342939481267990e+02   1.908420758574652731e-23
1.032853025936599352e+02   1.633247211381010330e-23
1.062363112391930713e+02   1.690831211037938130e-23
1.091873198847262216e+02   1.044049408028109198e-23
1.121383285302593578e+02   2.465314229936745829e-23
1.150893371757924939e+02   2.076587482222566052e-23
1.180403458213256442e+02   3.665674916389476453e-24
1.209913544668587804e+02   9.498775445473754983e-24
1.239423631123919165e+02   1.364932795150326388e-23
1.268933717579250668e+02   1.787866713727133236e-23
1.298443804034582172e+02   1.090109177916418768e-23
1.327953890489913533e+02   1.011517764828164454e-23
1.357463976945244895e+02   1.535840973324226780e-23
1.386974063400576256e+02   1.897671729802082113e-23
1.416484149855907617e+02   1.546967818674162604e-23
1.445994236311238978e+02   1.284917832629438828e-23
1.475504322766570624e+02   1.265239442717836374e-23
1.505014409221901985e+02   1.224718438111740511e-23
1.534524495677233347e+02   1.209995082766172749e-23
1.564034582132564708e+02   1.276062908208905501e-23
1.593544668587896069e+02   9.231064880702750823e-24
1.623054755043227431e+02   1.095656482436808091e-23
1.652564841498559076e+02   2.880744295409786310e-24
1.682074927953890437e+02   1.096924684435894532e-23
1.711585014409221799e+02   1.029633456947352206e-23
1.741095100864553160e+02   6.180948839883640849e-24
1.770605187319884521e+02   8.807113581862407911e-24
1.800115273775215883e+02   9.204527717707478520e-24
1.829625360230547528e+02   6.817410924302173679e-24
1.859135446685878890e+02   4.114819129614133585e-24
1.888645533141210251e+02   7.783598185199353078e-24
1.918155619596541612e+02   6.332559199448061940e-24
1.947665706051872974e+02   1.280560750465609347e-23
1.977175792507204619e+02   5.618287338865811492e-24
2.006685878962535980e+02   1.145848403284142947e-23
2.036195965417867342e+02   1.045766522091661329e-23
2.065706051873198703e+02   1.042900574117161710e-23
2.095216138328530064e+02   8.108998432072809626e-24
2.124726224783861426e+02   2.239512662041055927e-24
2.154236311239193071e+02   3.512572178016712672e-24
2.183746397694524433e+02   6.605697583964099735e-24
2.213256484149855794e+02   3.810329970505888106e-24
2.242766570605187155e+02   8.648401362243449424e-24
2.272276657060518517e+02   3.262473334599137574e-24
2.301786743515849878e+02   7.510902591597179350e-24
2.331296829971181523e+02   7.328579353860640226e-24
2.360806916426512885e+02   1.023695029673960455e-23
2.390317002881844246e+02   4.178166288396831613e-24
2.419827089337175607e+02   1.190588907280515474e-23
2.449337175792506969e+02   6.455760406071939770e-24
2.478847262247838330e+02   3.868394878660123882e-24
2.508357348703169976e+02   6.133289081444001942e-24
2.537867435158501337e+02   9.382087127883319691e-24
2.567377521613832414e+02   8.512191008619448684e-24
2.596887608069164344e+02   9.629439286701084826e-24
2.626397694524495705e+02   5.601136579420582243e-24
2.655907780979827066e+02   5.765190985472679834e-24
2.685417867435158428e+02   8.586993866538842518e-24
2.714927953890489789e+02   2.208507259576111396e-24
2.744438040345821150e+02   4.024210082363449209e-25
2.773948126801152512e+02   9.937194565996760482e-24
2.803458213256483873e+02   6.237233807319179394e-24
2.832968299711815234e+02   9.519168152920714110e-24
2.862478386167146596e+02   4.893875983439020967e-24
2.891988472622477957e+02   8.155724308587152256e-24
2.921498559077809887e+02   8.210391511965635200e-24
2.951008645533141248e+02   4.331638895964533704e-24
2.980518731988472609e+02   8.993964987309366493e-24
3.010028818443803971e+02   3.471931560048380332e-24
3.039538904899135332e+02   6.749191641763133032e-24
3.069048991354466693e+02   1.703713764972957379e-23
3.098559077809798055e+02   8.981278353961225580e-24
3.128069164265129416e+02   3.958155495908639325e-24
3.157579250720460777e+02   2.897644982921350255e-24
3.187089337175792139e+02   6.030005803719628306e-24
3.216599423631123500e+02   7.622073125469442303e-24
3.246109510086454861e+02   1.335312763703738369e-23
3.275619596541786791e+02   1.045265217912361807e-23
3.305129682997118152e+02   3.187510933833346446e-24
3.334639769452449514e+02   6.684558541860420494e-24
3.364149855907780875e+02   3.050800823672370895e-24
3.393659942363112236e+02   8.475823019611614466e-24
3.423170028818443598e+02   3.447705929933457082e-24
3.452680115273774959e+02   9.212011840886798906e-24
3.482190201729106320e+02   2.868688808425735868e-24
3.511700288184437682e+02   8.379672209378942814e-24
3.541210374639769043e+02   6.440322090535551495e-24
3.570720461095100404e+02   5.680997154191760880e-24
3.600230547550431766e+02   7.858286716646301342e-24
3.629740634005763695e+02   7.550895360010273143e-24
3.659250720461095057e+02   1.193466847234909979e-24
3.688760806916426418e+02   5.009357499420215332e-24
3.718270893371757779e+02   9.696522653237671231e-24
3.747780979827089141e+02   6.119786201783002469e-24
3.777291066282420502e+02   6.224828477532578125e-24
3.806801152737751863e+02   4.202561023032649329e-24
3.836311239193083225e+02   8.966645324777487683e-24
3.865821325648414586e+02   4.149643613918075720e-24
3.895331412103745947e+02   3.211469092557273342e-24
3.924841498559077309e+02   7.563716966151003088e-25
3.954351585014409238e+02   1.028393151105541101e-23
3.983861671469740600e+02   5.902254820509074704e-24
4.013371757925071961e+02   2.669962696822546430e-24
4.042881844380403322e+02   2.677716555848987792e-24
4.072391930835734684e+02   2.428990392851361624e-24
4.101902017291066045e+02   6.167979893778892069e-24
4.131412103746397406e+02   8.696722503177216479e-24
4.160922190201728768e+02   3.639480625085152239e-24
4.190432276657060129e+02   3.916503076447274452e-24
4.219942363112391490e+02   4.518439887333133692e-24
4.249452449567722851e+02   4.865183737238016073e-24
4.278962536023054213e+02   4.582779398091533585e-24
4.308472622478386143e+02   1.153936272200544187e-24
4.337982708933717504e+02   2.777445191552853691e-24
4.367492795389048865e+02   6.519917799473904915e-24
4.397002881844380227e+02   8.159027062155091675e-24
4.426512968299711588e+02   2.727589887416458675e-24
4.456023054755042949e+02   2.880259134657662375e-24
4.485533141210374311e+02   5.447902454342513107e-24
4.515043227665705672e+02   6.477102396275342906e-24
4.544553314121037033e+02   5.525367109813221717e-24
4.574063400576368394e+02   2.643042470463130841e-24
4.603573487031699756e+02   5.881921966654334571e-24
4.633083573487031117e+02   4.255763758973955399e-25
4.662593659942363047e+02   8.724511497081094080e-24
4.692103746397694408e+02   8.528794977334914729e-24
4.721613832853025770e+02   6.107969917302482461e-24
4.751123919308357131e+02   3.871127411342392688e-24
4.780634005763688492e+02   9.157830674472458529e-24
4.810144092219019853e+02   5.337275080819787729e-24
4.839654178674351215e+02   6.586839848838885558e-25
4.869164265129682576e+02   6.542332223027596925e-24
4.898674351585013937e+02   7.296219443846042190e-24
4.928184438040345299e+02   3.798567242209069748e-24
4.957694524495676660e+02   1.908518683850971977e-24
4.987204610951008590e+02   1.549972188399161513e-24
5.016714697406339951e+02   3.293694380581473940e-24
5.046224783861671312e+02   2.573298362248971007e-24
5.075734870317002674e+02   3.874856748282369502e-24
5.105244956772334035e+02   4.205477471522352672e-24
5.134755043227664828e+02   1.022940188556007732e-23
5.164265129682996758e+02   4.766012563762575968e-24
5.193775216138328688e+02   9.053226612932276936e-24
5.223285302593659480e+02   3.374316063957122006e-24
5.252795389048991410e+02   6.629413284697440995e-24
5.282305475504322203e+02   3.183965056978826777e-24
5.311815561959654133e+02   2.771824519163913085e-24
5.341325648414984926e+02   5.490642812967482260e-24
5.370835734870316855e+02   4.990050643584734502e-24
5.400345821325647648e+02   4.010150308662761668e-24
5.429855907780979578e+02   4.783884620079723434e-24
5.459365994236310371e+02   1.201469912323337290e-24
5.488876080691642301e+02   3.175602560553657465e-24
5.518386167146974230e+02   3.924269854379614547e-24
5.547896253602305023e+02   4.055287557145106245e-24
5.577406340057636953e+02   6.128987776929643819e-25
5.606916426512967746e+02   4.446376589641898386e-24
5.636426512968299676e+02   1.191946996256936628e-24
5.665936599423630469e+02   1.287534129283774316e-24
5.695446685878962398e+02   2.428419579284351981e-24
5.724956772334293191e+02   4.770452377866277435e-24
5.754466858789625121e+02   2.355402190991773360e-24
5.783976945244955914e+02   1.802183807080338800e-24
5.813487031700287844e+02   2.439264988409949076e-24
5.842997118155619773e+02   4.322778789878093458e-24
5.872507204610950566e+02   5.085594346850710173e-24
5.902017291066282496e+02   5.741074962439072571e-24
5.931527377521613289e+02   4.281232214686808315e-24
5.961037463976945219e+02   5.685998283137844786e-24
5.990547550432276012e+02   4.187205898257343973e-24
6.020057636887607941e+02   2.178106427658056011e-24
6.049567723342938734e+02   7.990576219913504169e-24
6.079077809798270664e+02   3.990790955774091917e-24
6.108587896253601457e+02   4.193913190443635215e-24
6.138097982708933387e+02   9.597402839404299534e-24
6.167608069164264180e+02   3.786760336506140034e-24
6.197118155619596109e+02   4.087691600418265807e-24
6.226628242074928039e+02   4.459437273302888959e-24
6.256138328530258832e+02   6.575430237130798399e-24
6.285648414985590762e+02   5.362620277745034461e-24
6.315158501440921555e+02   7.707742435838406109e-24
6.344668587896253484e+02   2.544845903010594220e-24
6.374178674351584277e+02   3.642188260191568346e-24
6.403688760806916207e+02   3.338588922320760364e-24
6.433198847262247000e+02   5.173740525541385533e-24
6.462708933717578930e+02   5.121014967526325165e-24
6.492219020172909723e+02   4.342253682554623814e-24
6.521729106628241652e+02   7.193949223028829993e-24
6.551239193083573582e+02   6.414968154704809430e-24
6.580749279538904375e+02   4.300662582279420584e-24
6.610259365994236305e+02   7.940410104518836333e-24
6.639769452449567098e+02   6.731572655130114272e-24
6.669279538904899027e+02   4.603009401823356883e-24
6.698789625360229820e+02   3.803126914868908877e-24
6.728299711815561750e+02   6.376380920024935418e-24
6.757809798270892543e+02   4.797294113371573684e-24
6.787319884726224473e+02   2.833514028873683816e-24
6.816829971181555266e+02   4.840471139928983849e-24
6.846340057636887195e+02   8.536671176019073125e-24
6.875850144092219125e+02   3.281758180821289718e-24
6.905360230547549918e+02   4.884227517827178604e-24
6.934870317002881848e+02   2.228608998155936631e-24
6.964380403458212641e+02   3.045042980501446764e-24
6.993890489913544570e+02   1.044836930654305291e-23
7.023400576368875363e+02   7.102860131503129093e-24
7.052910662824207293e+02   6.580593207949871703e-24
7.082420749279538086e+02   5.841046461839999215e-24
7.111930835734870016e+02   6.292419019309068595e-24
7.141440922190200808e+02   1.171542409178492837e-24
7.170951008645532738e+02   9.908647387483534777e-24
7.200461095100863531e+02   7.045362195356589431e-24
7.229971181556195461e+02   4.132511972228420658e-24
7.259481268011527391e+02   5.379287700097419391e-24
7.288991354466858184e+02   4.030744807939242641e-24
7.318501440922190113e+02   3.427821562688111135e-24
7.348011527377520906e+02   5.422671812253107478e-24
7.377521613832852836e+02   5.480803894783606367e-24
7.407031700288183629e+02   4.249622739525998429e-24
7.436541786743515559e+02   5.436851116153663505e-24
7.466051873198846351e+02   3.755714445045631926e-24
7.495561959654178281e+02   8.274915580073104524e-24
7.525072046109509074e+02   1.137537522689459257e-24
7.554582132564841004e+02   5.898233548483561028e-24
7.584092219020172934e+02   7.350694714379910938e-25
7.613602305475503726e+02   2.519333610342369757e-24
7.643112391930835656e+02   7.221838540341998243e-24
7.672622478386166449e+02   1.045043877001409758e-23
7.702132564841498379e+02   3.139250766246808975e-24
7.731642651296829172e+02   7.551579342183230041e-24
7.761152737752161102e+02   2.463600592164142458e-24
7.790662824207491894e+02   7.901415546186250238e-24
7.820172910662823824e+02   1.692215676495741834e-24
7.849682997118154617e+02   3.759482387202383908e-24
7.879193083573486547e+02   3.440897707936099609e-24
7.908703170028818477e+02   6.669086772523970505e-24
7.938213256484149269e+02   7.496908653739654742e-24
7.967723342939481199e+02   6.643535762181126022e-24
7.997233429394811992e+02   1.014607857290889851e-24
8.026743515850143922e+02   1.819097263811226589e-24
8.056253602305474715e+02   5.460118330651425129e-24
8.085763688760806644e+02   4.854827774356111857e-24
8.115273775216137437e+02   1.966287591242034129e-24
8.144783861671469367e+02   3.296287292022846098e-24
8.174293948126800160e+02   8.815176588897634258e-24
8.203804034582132090e+02   6.024666999281393649e-24
8.233314121037462883e+02   5.725455815076867718e-24
8.262824207492794812e+02   7.093152722452777146e-24
8.292334293948126742e+02   3.042749868263566548e-24
8.321844380403457535e+02   4.087506110957454530e-24
8.351354466858789465e+02   5.037929140327296679e-24
8.380864553314120258e+02   5.305159757755156711e-24
8.410374639769452187e+02   7.790868486504618188e-24
8.439884726224782980e+02   3.491501548994503812e-24
8.469394812680114910e+02   1.583111170740272340e-24
8.498904899135445703e+02   1.158833459875331871e-23
8.528414985590777633e+02   3.384026563133921041e-24
8.557925072046108426e+02   2.843231661400468302e-24
8.587435158501440355e+02   6.934455282123813926e-24
8.616945244956772285e+02   3.218796603327778384e-24
8.646455331412103078e+02   7.410189078425299171e-24
8.675965417867435008e+02   6.263505345590743192e-24
8.705475504322765801e+02   4.126586120619732228e-24
8.734985590778097730e+02   5.354825089177670935e-24
8.764495677233428523e+02   2.083665546715129746e-24
8.794005763688760453e+02   4.367354747351793509e-24
8.823515850144091246e+02   5.145040370795205052e-24
8.853025936599423176e+02   3.055008347003410197e-24
8.882536023054753969e+02   4.678667138246113155e-24
8.912046109510085898e+02   1.587497052373352793e-24
8.941556195965417828e+02   7.539853769052699473e-24
8.971066282420748621e+02   4.265695391779826435e-24
9.000576368876080551e+02   1.167828513380466660e-23
9.030086455331411344e+02   4.645840172095669484e-24
9.059596541786743273e+02   2.823034622393669549e-24
9.089106628242074066e+02   1.369647330978916173e-23
9.118616714697405996e+02   5.109393564366239277e-24
9.148126801152736789e+02   4.629639529830337682e-24
9.177636887608068719e+02   2.258867375795643712e-24
9.207146974063399512e+02   9.756930195105431053e-24
9.236657060518731441e+02   4.982790510493508980e-25
9.266167146974062234e+02   1.490035007069846444e-24
9.295677233429394164e+02   5.419186730483906413e-24
9.325187319884726094e+02   6.423426908434279820e-24
9.354697406340056887e+02   5.689221024683837220e-24
9.384207492795388816e+02   5.024834161324323366e-24
9.413717579250719609e+02   4.014257234441351012e-24
9.443227665706051539e+02   5.230823312687581688e-24
9.472737752161382332e+02   4.185933035794966119e-24
9.502247838616714262e+02   1.006870877429650825e-23
9.531757925072045055e+02   2.679590066888646284e-24
9.561268011527376984e+02   2.898861101055281944e-24
9.590778097982707777e+02   6.367455711685628813e-24
9.620288184438039707e+02   8.137968291559413296e-24
9.649798270893371637e+02   2.674388104996408344e-24
9.679308357348702430e+02   1.286887453773429140e-24
9.708818443804034359e+02   4.382792074538302555e-24
9.738328530259365152e+02   4.561878173885236457e-24
9.767838616714697082e+02   2.417531840630840069e-24
9.797348703170027875e+02   5.421853902574124126e-24
9.826858789625359805e+02   1.189343594195175949e-23
9.856368876080690598e+02   9.060899010648691938e-24
9.885878962536022527e+02   2.979442753163322365e-24
9.915389048991353320e+02   1.514601706836020505e-23
9.944899135446685250e+02   3.623632365458105540e-24
9.974409221902017180e+02   5.137819383520468003e-24
1.000391930835734797e+03   5.423830330452735771e-24
1.003342939481267990e+03   5.862394846643483864e-24
1.006293948126801070e+03   4.589139426411825108e-24
1.009244956772334262e+03   5.109026972536128423e-24
1.012195965417867342e+03   1.292189258298765208e-23
1.015146974063400535e+03   3.495439385104779198e-24
1.018097982708933614e+03   2.958186247524318899e-24
1.021048991354466807e+03   6.266487682039044341e-24
1.023999999999999886e+03   4.833054225417814386e-24
1.026951008645532966e+03   8.804958556631828215e-24
1.029902017291066159e+03   1.922832500130098475e-24
1.032853025936599352e+03   3.874206576106939372e-24
1.035804034582132545e+03   4.680866315484025604e-24
1.038755043227665738e+03   1.027218864016236556e-23
1.041706051873198703e+03   3.175285597829072446e-24
1.044657060518731896e+03   7.256225792328945039e-24
1.047608069164265089e+03   3.524942534931551046e-24
1.050559077809798282e+03   4.984046052938668988e-24
1.053510086455331248e+03   7.434944437395780873e-24
1.056461095100864441e+03   6.407324646226010387e-24
1.059412103746397634e+03   6.863335209251848561e-24
1.062363112391930827e+03   2.293384425805157123e-24
1.065314121037464020e+03   5.402276593651527757e-24
1.068265129682996985e+03   5.442076497704256389e-24
1.071216138328530178e+03   8.916567685846525341e-24
1.074167146974063371e+03   1.263868545533698016e-23
1.077118155619596564e+03   5.156988718012738526e-24
1.080069164265129530e+03   1.064250234845331433e-23
1.083020172910662723e+03   5.113523702897285421e-24
1.085971181556195916e+03   8.992416546075024126e-24
1.088922190201729109e+03   6.976543789273680677e-24
1.091873198847262074e+03   9.309355216004671578e-24
1.094824207492795267e+03   3.715709642832303190e-24
1.097775216138328460e+03   3.708490793995093288e-24
1.100726224783861653e+03   2.752958778003933498e-24
1.103677233429394846e+03   2.292008731468244083e-24
1.106628242074927812e+03   1.048998936067228155e-23
1.109579250720461005e+03   1.260982800472283619e-23
1.112530259365994198e+03   9.196241336750606506e-24
1.115481268011527391e+03   1.088399207509524953e-24
1.118432276657060356e+03   8.168076596766040147e-24
1.121383285302593549e+03   2.869210391644437037e-24
1.124334293948126742e+03   1.368144961362891507e-24
1.127285302593659935e+03   1.372710136589462583e-24
1.130236311239192901e+03   7.218438947572404992e-24
1.133187319884726094e+03   1.522509565018487854e-23
1.136138328530259287e+03   6.939671716222279625e-24
1.139089337175792480e+03   1.103115668782051436e-23
1.142040345821325673e+03   2.670159076338457847e-24
1.144991354466858638e+03   4.019983916450688011e-24
1.147942363112391831e+03   7.836196320015226418e-24
1.150893371757925024e+03   2.579705825631398001e-24
1.153844380403458217e+03   5.387616041260502495e-24
1.156795389048991183e+03   9.520113107371971967e-24
1.159746397694524376e+03   3.505165126613979063e-24
1.162697406340057569e+03   8.475426687068878467e-24
1.165648414985590762e+03   7.656132846202220719e-24
1.168599423631123955e+03   3.992761021211581238e-24
1.171550432276656920e+03   2.139326462351340592e-24
1.174501440922190113e+03   5.842848364339875035e-24
1.177452449567723306e+03   2.077920466687580993e-24
1.180403458213256499e+03   9.723791182414012278e-24
1.183354466858789465e+03   4.212678731589238808e-24
1.186305475504322658e+03   6.072548865380355703e-24
1.189256484149855851e+03   5.013330842429345272e-24
1.192207492795389044e+03   3.745473370327867679e-24
1.195158501440922009e+03   3.549535316949586360e-24
1.198109510086455202e+03   9.594584844601065151e-24
1.201060518731988395e+03   7.784210007640803215e-24
1.204011527377521588e+03   1.062164980606582960e-23
1.206962536023054781e+03   5.025850567510211948e-24
1.209913544668587747e+03   5.942355456162231888e-24
1.212864553314120940e+03   9.107718513412231025e-24
1.215815561959654133e+03   1.687374972169133754e-23
1.218766570605187326e+03   9.739494988353204734e-24
1.221717579250720291e+03   5.533267915674938318e-24
1.224668587896253484e+03   5.280905198064284299e-24
1.227619596541786677e+03   1.149929537327044031e-23
1.230570605187319870e+03   3.386553394084822987e-24
1.233521613832852836e+03   1.169685170062345772e-23
1.236472622478386029e+03   3.096954349795685180e-24
1.239423631123919222e+03   2.968194827792536393e-24
1.242374639769452415e+03   4.836066989040816614e-24
1.245325648414985608e+03   4.900692499066027212e-24
1.248276657060518573e+03   1.352161308557908764e-23
1.251227665706051766e+03   3.343330391490396674e-24
1.254178674351584959e+03   3.872959287260812907e-24
1.257129682997118152e+03   4.235304306223873969e-24
1.260080691642651118e+03   4.252317791813364894e-24
1.263031700288184311e+03   6.874300748925291153e-24
1.265982708933717504e+03   7.660619440308422869e-24
1.268933717579250697e+03   7.480361593704064547e-24
1.271884726224783890e+03   1.474654573584404849e-24
1.274835734870316855e+03   1.113680210155412545e-23
1.277786743515850048e+03   1.842878827222228523e-24
1.280737752161383241e+03   5.933526781602275161e-24
1.283688760806916434e+03   8.043417612438795441e-24
1.286639769452449400e+03   5.719833404323141339e-24
1.289590778097982593e+03   5.072140906003807137e-24
1.292541786743515786e+03   4.277388766368480910e-24
1.295492795389048979e+03   5.312305535868972277e-24
1.298443804034581945e+03   2.713715354640517211e-24
1.301394812680115137e+03   1.257296676764812815e-23
1.304345821325648330e+03   1.292648955441614648e-23
1.307296829971181523e+03   8.883371531806543778e-24
1.310247838616714716e+03   2.860744023097986644e-24
1.313198847262247682e+03   1.284331720793294409e-23
1.316149855907780875e+03   2.630548421618811650e-24
1.319100864553314068e+03   3.268773769645543085e-24
1.322051873198847261e+03   1.409729396951246293e-23
1.325002881844380227e+03   1.015336332727879786e-23
1.327953890489913420e+03   3.177659909606763580e-24
1.330904899135446612e+03   5.214275759300109146e-24
1.333855907780979805e+03   2.067484016271908274e-24
1.336806916426512771e+03   8.077387703691195621e-24
1.339757925072045964e+03   3.812949027764549460e-24
1.342708933717579157e+03   6.742477622890830370e-24
1.345659942363112350e+03   3.987285912263940349e-24
1.348610951008645543e+03   7.059213340284720817e-24
1.351561959654178509e+03   8.329376559500693461e-24
1.354512968299711702e+03   7.775461432962154275e-25
1.357463976945244895e+03   7.953772791668576227e-24
1.360414985590778087e+03   9.746985937552486182e-24
1.363365994236311053e+03   1.536202782297146336e-23
1.366317002881844246e+03   7.019674554725719174e-24
1.369268011527377439e+03   6.214190978310708316e-24
1.372219020172910632e+03   1.473072929501909246e-23
1.375170028818443825e+03   9.951195884909921991e-24
1.378121037463976791e+03   3.979392661475948292e-24
1.381072046109509984e+03   9.641787183322124680e-24
1.384023054755043177e+03   1.024133023368476012e-23
1.386974063400576370e+03   5.458100908590814065e-24
1.389925072046109335e+03   1.097948088522310393e-23
1.392876080691642528e+03   1.892491469296860990e-23
1.395827089337175721e+03   5.773392665580875647e-24
1.398778097982708914e+03   4.869658938592910452e-24
1.401729106628241880e+03   1.599026329653532352e-23
1.404680115273775073e+03   2.379579629031728073e-24
1.407631123919308266e+03   1.744242049394353298e-24
1.410582132564841459e+03   2.465784546417477797e-24
1.413533141210374652e+03   6.888384714513765210e-24
1.416484149855907617e+03   1.060682107502213323e-23
1.419435158501440810e+03   9.132660980824497761e-24
1.422386167146974003e+03   1.065573138515495279e-23
1.425337175792507196e+03   1.198672196733697534e-23
1.428288184438040162e+03   3.528504773095102101e-24
1.431239193083573355e+03   2.578740025841236210e-24
1.434190201729106548e+03   1.240618205643105896e-23
1.437141210374639741e+03   1.244194489047225089e-23
1.440092219020172706e+03   4.688885995794049715e-24
1.443043227665705899e+03   3.178067782644635013e-24
1.445994236311239092e+03   1.208516486301506391e-23
1.448945244956772285e+03   5.382975103368173593e-24
1.451896253602305478e+03   7.159554701910253245e-24
1.454847262247838444e+03   6.872925176172734290e-24
1.457798270893371637e+03   9.124443014219955114e-24
1.460749279538904830e+03   8.140809310047622575e-24
1.463700288184438023e+03   5.027396191342990357e-24
1.466651296829970988e+03   9.468313250815058819e-24
1.469602305475504181e+03   8.185146374035636554e-24
1.472553314121037374e+03   1.213470694094075135e-23
1.475504322766570567e+03   6.798942899383407876e-24
1.478455331412103760e+03   6.136595137874108948e-24
1.481406340057636726e+03   9.420861052686459802e-24
1.484357348703169919e+03   1.014805273215623936e-23
1.487308357348703112e+03   6.176948965457072380e-24
1.490259365994236305e+03   8.281524866076453444e-24
1.493210374639769270e+03   4.360668085118346344e-24
1.496161383285302463e+03   6.107081189094183133e-24
1.499112391930835656e+03   6.669335884538189846e-24
1.502063400576368849e+03   1.011803747775034458e-23
1.505014409221901815e+03   1.254470052335745125e-23
1.507965417867435008e+03   2.377521602539976781e-23
1.510916426512968201e+03   7.570887363378750942e-24
1.513867435158501394e+03   1.146340100546719806e-23
1.516818443804034587e+03   9.665911053936709803e-24
1.519769452449567552e+03   9.634269869733644410e-24
1.522720461095100745e+03   8.443640898142366053e-24
1.525671469740633938e+03   1.176442834839273726e-23
1.528622478386167131e+03   7.345094661070504338e-24
1.531573487031700097e+03   7.652431324301489530e-24
1.534524495677233290e+03   8.163339171952859780e-24
1.537475504322766483e+03   5.570184145128895460e-24
1.540426512968299676e+03   8.132315516293376907e-24
1.543377521613832641e+03   1.009928544448178981e-23
1.546328530259365834e+03   1.040351599017981428e-23
1.549279538904899027e+03   1.015468079975610422e-23
1.552230547550432220e+03   7.125247924099456934e-24
1.555181556195965413e+03   6.966921671256503962e-24
1.558132564841498379e+03   3.939111880938620566e-24
1.561083573487031572e+03   2.950101619322222526e-24
1.564034582132564765e+03   5.256321835877469610e-24
1.566985590778097958e+03   7.077052606096785066e-24
1.569936599423630923e+03   7.797426165135137589e-24
1.572887608069164116e+03   9.651533835491282141e-24
1.575838616714697309e+03   1.326799826535599281e-23
1.578789625360230502e+03   7.734794512103554690e-24
1.581740634005763695e+03   5.317095331454892803e-24
1.584691642651296661e+03   6.236786661082173225e-24
1.587642651296829854e+03   5.943939172778921025e-24
1.590593659942363047e+03   8.583426886691185554e-24
1.593544668587896240e+03   6.843020856447707863e-24
1.596495677233429205e+03   2.931011168698068688e-24
1.599446685878962398e+03   5.793767977211678290e-24
1.602397694524495591e+03   8.278316273111384595e-24
1.605348703170028784e+03   1.172177998787637426e-23
1.608299711815561750e+03   1.528983887382588694e-23
1.611250720461094943e+03   4.930994114913719497e-24
1.614201729106628136e+03   6.885854194075293396e-24
1.617152737752161329e+03   1.363175026691085090e-23
1.620103746397694522e+03   6.617714305760779140e-24
1.623054755043227487e+03   5.141667930173720747e-24
1.626005763688760680e+03   4.682697295092968315e-24
1.628956772334293873e+03   1.679777126352575479e-23
1.631907780979827066e+03   1.328756762407858034e-23
1.634858789625360032e+03   7.512644241153479155e-24
1.637809798270893225e+03   1.642675052689513041e-23
1.640760806916426418e+03   1.098211758718909050e-23
1.643711815561959611e+03   8.388159066790424508e-24
1.646662824207492577e+03   7.243902867009305220e-24
1.649613832853025770e+03   1.056393847337368706e-23
1.652564841498558962e+03   1.087549900353615638e-23
1.655515850144092155e+03   8.750438395019703166e-24
1.658466858789625348e+03   7.560791144557304567e-24
1.661417867435158314e+03   9.424256957811862569e-24
1.664368876080691507e+03   1.817956615078720324e-23
1.667319884726224700e+03   8.535438536790278016e-24
1.670270893371757893e+03   2.744672443218836830e-24
1.673221902017290859e+03   3.163729931515066499e-24
1.676172910662824052e+03   8.444193121597499300e-24
1.679123919308357245e+03   1.522032934217361496e-23
1.682074927953890437e+03   8.150934557103195154e-24
1.685025936599423630e+03   4.649546002297730729e-24
1.687976945244956596e+03   3.363089264839101271e-24
1.690927953890489789e+03   3.990405081414566971e-24
1.693878962536022982e+03   1.128707852917934114e-23
1.696829971181556175e+03   9.421174616095204666e-24
1.699780979827089141e+03   1.103458452361350157e-23
1.702731988472622334e+03   1.047220059625027755e-23
1.705682997118155527e+03   8.997113529117378921e-24
1.708634005763688720e+03   7.593503288490412839e-24
1.711585014409221685e+03   6.050132496555828799e-24
1.714536023054754878e+03   1.326963354631532117e-23
1.717487031700288071e+03   3.203715447779732195e-24
1.720438040345821264e+03   2.499972680661314009e-24
1.723389048991354457e+03   3.948605690611454995e-24
1.726340057636887423e+03   1.904941757948597208e-23
1.729291066282420616e+03   1.210474457149574608e-23
1.732242074927953809e+03   1.083720463468307058e-23
1.735193083573487002e+03   8.440796424096122309e-24
1.738144092219019967e+03   9.761852694846540707e-24
1.741095100864553160e+03   2.917477401802135904e-24
1.744046109510086353e+03   4.546546477583494505e-24
1.746997118155619546e+03   8.203415034576359925e-24
1.749948126801152512e+03   3.410537051870307608e-24
1.752899135446685705e+03   8.414509757429410295e-24
1.755850144092218898e+03   1.291318602705469846e-24
1.758801152737752091e+03   1.280723589680943635e-23
1.761752161383285284e+03   6.690283902061397807e-24
1.764703170028818249e+03   5.993208080903688112e-24
1.767654178674351442e+03   2.673926849825781644e-24
1.770605187319884635e+03   7.983222622624672606e-24
1.773556195965417828e+03   1.352145665199887698e-23
1.776507204610950794e+03   7.237170222583178393e-24
1.779458213256483987e+03   3.287430022059849398e-24
1.782409221902017180e+03   1.494741273050452661e-23
1.785360230547550373e+03   1.281496608957761661e-23
1.788311239193083566e+03   3.345979575880474690e-24
1.791262247838616531e+03   8.003622349106677869e-24
1.794213256484149724e+03   5.920530891324338059e-24
1.797164265129682917e+03   4.151068386305636415e-24
1.800115273775216110e+03   5.188540432088708490e-24
1.803066282420749076e+03   9.037285015343112502e-24
1.806017291066282269e+03   1.118955873192034722e-23
1.808968299711815462e+03   1.024788650866738315e-23
1.811919308357348655e+03   1.362541981648694311e-23
1.814870317002881620e+03   8.594210102720657448e-24
1.817821325648414813e+03   2.575571555829033435e-24
1.820772334293948006e+03   1.372681458407807553e-24
1.823723342939481199e+03   9.384512877684700917e-24
1.826674351585014392e+03   1.541902348776244315e-23
1.829625360230547358e+03   1.519731828579790129e-23
1.832576368876080551e+03   1.290185123264910369e-23
1.835527377521613744e+03   8.518515441689521690e-24
1.838478386167146937e+03   1.133996885029947603e-23
1.841429394812679902e+03   1.115762761049498102e-23
1.844380403458213095e+03   5.515084577880751049e-24
1.847331412103746288e+03   7.461582548945159363e-24
1.850282420749279481e+03   1.396736591556304006e-23
1.853233429394812447e+03   3.186989388702011124e-24
1.856184438040345640e+03   6.666983809223711507e-24
1.859135446685878833e+03   7.941222372502681700e-24
1.862086455331412026e+03   4.364299905952618775e-24
1.865037463976945219e+03   9.577719139522972084e-24
1.867988472622478184e+03   1.278065488724582580e-23
1.870939481268011377e+03   2.877365831723295962e-24
1.873890489913544570e+03   5.608412453572439903e-24
1.876841498559077763e+03   5.950211027470863856e-24
1.879792507204610729e+03   7.724435506556620197e-24
1.882743515850143922e+03   6.850102760425246042e-24
1.885694524495677115e+03   2.460784679000671794e-24
1.888645533141210308e+03   1.081411611694684620e-23
1.891596541786743501e+03   4.770512631147394448e-24
1.894547550432276466e+03   1.649330048770898752e-23
1.897498559077809659e+03   8.896941518101767721e-24
1.900449567723342852e+03   8.581861056739140766e-24
1.903400576368876045e+03   1.024166875591406289e-23
1.906351585014409011e+03   1.779486493430575956e-23
1.909302593659942204e+03   1.559314709900888919e-23
1.912253602305475397e+03   1.286735364570769619e-23
1.915204610951008590e+03   1.155160858023362675e-23
1.918155619596541555e+03   1.242196903852516096e-23
1.921106628242074748e+03   1.307854404743771160e-23
1.924057636887607941e+03   2.287517888746646632e-23
1.927008645533141134e+03   1.001208022966791855e-23
1.929959654178674327e+03   1.427951612718407618e-23
1.932910662824207293e+03   2.450415758337630921e-23
1.935861671469740486e+03   9.229478667750091690e-24
1.938812680115273679e+03   3.729518728661599240e-24
1.941763688760806872e+03   1.381786643766218939e-23
1.944714697406339837e+03   1.909605345432434449e-23
1.947665706051873030e+03   9.793472013959181862e-24
1.950616714697406223e+03   1.102102590757688377e-23
1.953567723342939416e+03   5.592756789792568638e-24
1.956518731988472382e+03   8.588693421446740138e-24
1.959469740634005575e+03   7.850133401256203231e-24
1.962420749279538768e+03   4.886955768406589907e-24
1.965371757925071961e+03   1.102963335492000607e-23
1.968322766570605154e+03   7.833468590590875373e-25
1.971273775216138120e+03   2.175655126782521873e-24
1.974224783861671312e+03   2.186985325153822679e-23
1.977175792507204505e+03   8.512081985049214380e-24
1.980126801152737698e+03   3.364198204322505871e-24
1.983077809798270664e+03   1.658977871520698396e-23
1.986028818443803857e+03   4.076101776391938697e-24
1.988979827089337050e+03   5.131342633865457781e-24
1.991930835734870243e+03   1.818353319278193476e-23
1.994881844380403436e+03   1.182982302425479480e-23
1.997832853025936402e+03   2.199567151234492731e-24
2.000783861671469595e+03   2.045954982070768141e-23
2.003734870317002787e+03   1.129178008240599338e-23
2.006685878962535980e+03   1.851658846698315677e-24
2.009636887608068946e+03   1.175662874918146033e-23
2.012587896253602139e+03   1.459842168420248954e-23
2.015538904899135332e+03   1.228952787233219745e-23
2.018489913544668525e+03   7.311204893678984233e-24
2.021440922190201491e+03   6.218965934960615378e-24
2.024391930835734684e+03   1.754302213617530257e-23
2.027342939481267877e+03   5.194406979691772560e-24
2.030293948126801070e+03   1.399172599842377479e-23
2.033244956772334262e+03   1.528492831175636238e-23
2.036195965417867228e+03   1.899054581484776063e-23
2.039146974063400421e+03   1.642948348055878901e-23
2.042097982708933614e+03   1.470052752608270558e-23
2.045048991354466807e+03   7.744046883577842709e-24
2.048000000000000000e+03   2.289565947827930845e-26
