0.000000000000000000e+00   -9.140516719809949064e-02
2.441406250000000000e-04   -1.213800900360741675e-01
4.882812500000000000e-04   -1.634933879785574751e-01
7.324218750000000000e-04   -2.164877326171935901e-01
9.765625000000000000e-04   -2.754631438680255617e-01
1.220703125000000000e-03   -3.355794957508867471e-01
1.464843750000000000e-03   -3.911985935258429636e-01
1.708984375000000000e-03   -4.394386887839583089e-01
1.953125000000000000e-03   -4.781251715056081264e-01
2.197265625000000000e-03   -5.071528764008141899e-01
2.441406250000000000e-03   -5.262306495092389236e-01
2.685546875000000000e-03   -5.375177359121939835e-01
2.929687500000000000e-03   -5.430339929010737920e-01
3.173828125000000000e-03   -5.467858130851149800e-01
3.417968750000000000e-03   -5.526132101889505988e-01
3.662109375000000000e-03   -5.654872607283051300e-01
3.906250000000000000e-03   -5.878862238995453682e-01
4.150390625000000000e-03   -6.205458684907089184e-01
4.394531250000000000e-03   -6.599213658369127433e-01
4.638671875000000000e-03   -7.007822499166262986e-01
4.882812500000000000e-03   -7.354378790915947484e-01
5.126953125000000000e-03   -7.579089243593722935e-01
5.371093750000000000e-03   -7.639687825547619715e-01
5.615234375000000000e-03   -7.544085786491280254e-01
5.859375000000000000e-03   -7.325190147243700878e-01
6.103515625000000000e-03   -7.047028585830182879e-01
6.347656250000000000e-03   -6.768152800767003319e-01
6.591796875000000000e-03   -6.541763532627261624e-01
6.835937500000000000e-03   -6.386803829881742001e-01
7.080078125000000000e-03   -6.308700420191661884e-01
7.324218750000000000e-03   -6.286315695313238194e-01
7.568359375000000000e-03   -6.299494977486597147e-01
7.812500000000000000e-03   -6.314605630182753560e-01
8.056640625000000000e-03   -6.304669179181222605e-01
8.300781250000000000e-03   -6.230030044761201147e-01
8.544921875000000000e-03   -6.060422876406451609e-01
8.789062500000000000e-03   -5.764735179984304958e-01
9.033203125000000000e-03   -5.338967401419266734e-01
9.277343750000000000e-03   -4.799099391952061366e-01
9.521484375000000000e-03   -4.199655031308702768e-01
9.765625000000000000e-03   -3.604067754547828906e-01
1.000976562500000000e-02   -3.085821749908149170e-01
1.025390625000000000e-02   -2.686876222427316274e-01
1.049804687500000000e-02   -2.419059394732210599e-01
1.074218750000000000e-02   -2.246622799970859896e-01
1.098632812500000000e-02   -2.112681179690299449e-01
1.123046875000000000e-02   -1.943571637362548066e-01
1.147460937500000000e-02   -1.687695315028096554e-01
1.171875000000000000e-02   -1.312005248923494849e-01
1.196289062500000000e-02   -8.222936842520152390e-02
1.220703125000000000e-02   -2.405221036018289488e-02
1.245117187500000000e-02   3.893555911012522297e-02
1.269531250000000000e-02   1.029959193186400640e-01
1.293945312500000000e-02   1.641412320803735947e-01
1.318359375000000000e-02   2.196710591458396200e-01
1.342773437500000000e-02   2.667979014202822574e-01
1.367187500000000000e-02   3.044511947620996972e-01
1.391601562500000000e-02   3.318651625051579623e-01
1.416015625000000000e-02   3.510311146341684174e-01
1.440429687500000000e-02   3.654044136588202596e-01
1.464843750000000000e-02   3.805527883509455811e-01
1.489257812500000000e-02   4.014091681155273483e-01
1.513671875000000000e-02   4.325368522723597176e-01
1.538085937500000000e-02   4.748201550280049532e-01
1.562500000000000000e-02   5.260885045416171524e-01
1.586914062500000000e-02   5.805517127509294273e-01
1.611328125000000000e-02   6.317432288800058915e-01
1.635742187500000000e-02   6.729907443381567544e-01
1.660156250000000000e-02   7.007881468262893154e-01
1.684570312500000000e-02   7.140233831900046901e-01
1.708984375000000000e-02   7.152495373133518353e-01
1.733398437500000000e-02   7.084629792700503081e-01
1.757812500000000000e-02   6.986922386428932041e-01
1.782226562500000000e-02   6.896475655605152077e-01
1.806640625000000000e-02   6.849166878769076261e-01
1.831054687500000000e-02   6.859611973765078474e-01
1.855468750000000000e-02   6.935226506077628583e-01
1.879882812500000000e-02   7.065925275516117265e-01
1.904296875000000000e-02   7.233797504405877765e-01
1.928710937500000000e-02   7.398692063416073550e-01
1.953125000000000000e-02   7.516305823545845755e-01
1.977539062500000000e-02   7.533848531064268883e-01
2.001953125000000000e-02   7.416493325792069546e-01
2.026367187500000000e-02   7.146578154695040208e-01
2.050781250000000000e-02   6.745185393664336893e-01
2.075195312500000000e-02   6.258498241341536872e-01
2.099609375000000000e-02   5.756674792731951706e-01
2.124023437500000000e-02   5.301312325024671868e-01
2.148437500000000000e-02   4.941944074822858801e-01
2.172851562500000000e-02   4.689780095736160725e-01
2.197265625000000000e-02   4.527804549335909257e-01
2.221679687500000000e-02   4.409782243197380436e-01
2.246093750000000000e-02   4.286800657931100766e-01
2.270507812500000000e-02   4.107414930127896158e-01
2.294921875000000000e-02   3.839703714408520541e-01
2.319335937500000000e-02   3.465057679333036211e-01
2.343750000000000000e-02   2.985976194396837147e-01
2.368164062500000000e-02   2.410608055149963680e-01
2.392578125000000000e-02   1.766011853049760383e-01
2.416992187500000000e-02   1.086474196862161623e-01
2.441406250000000000e-02   4.209663312384587935e-02
2.465820312500000000e-02   -1.842406514616361929e-02
2.490234375000000000e-02   -6.835855810391225362e-02
2.514648437500000000e-02   -1.058131492514997885e-01
2.539062500000000000e-02   -1.314737149288704166e-01
2.563476562500000000e-02   -1.499653721482976931e-01
2.587890625000000000e-02   -1.675786797505068315e-01
2.612304687500000000e-02   -1.913072053266621497e-01
2.636718750000000000e-02   -2.259104641333211649e-01
2.661132812500000000e-02   -2.734120936827855730e-01
2.685546875000000000e-02   -3.316228380661681574e-01
2.709960937500000000e-02   -3.960183838112955601e-01
2.734375000000000000e-02   -4.602269374149152714e-01
2.758789062500000000e-02   -5.188783363843028074e-01
2.783203125000000000e-02   -5.677468091917279303e-01
2.807617187500000000e-02   -6.050906832350326781e-01
2.832031250000000000e-02   -6.306552074895485083e-01
2.856445312500000000e-02   -6.457830360750340670e-01
2.880859375000000000e-02   -6.526694392395681055e-01
2.905273437500000000e-02   -6.546768947208696510e-01
2.929687500000000000e-02   -6.552887574178920538e-01
2.954101562500000000e-02   -6.590291308980781304e-01
2.978515625000000000e-02   -6.694721108507242224e-01
3.002929687500000000e-02   -6.891847792807465067e-01
3.027343750000000000e-02   -7.176366534702187661e-01
3.051757812500000000e-02   -7.516546475840962804e-01
3.076171875000000000e-02   -7.848003572433556174e-01
3.100585937500000000e-02   -8.101013999108094277e-01
3.125000000000000000e-02   -8.211877144821733143e-01
3.149414062500000000e-02   -8.152602391760294109e-01
3.173828125000000000e-02   -7.929587573696695868e-01
3.198242187500000000e-02   -7.591003799770672522e-01
3.222656250000000000e-02   -7.200516685404958483e-01
3.247070312500000000e-02   -6.825895309257785648e-01
3.271484375000000000e-02   -6.510747726921772838e-01
3.295898437500000000e-02   -6.276174595919886690e-01
3.320312500000000000e-02   -6.112899982361708062e-01
3.344726562500000000e-02   -5.999590434742798628e-01
3.369140625000000000e-02   -5.903038298224877467e-01
3.393554687500000000e-02   -5.794820322918436961e-01
3.417968750000000000e-02   -5.643085759041660543e-01
3.442382812500000000e-02   -5.420787747044479854e-01
3.466796875000000000e-02   -5.097979886933798888e-01
3.491210937500000000e-02   -4.657984763413595131e-01
3.515625000000000000e-02   -4.096738366250826657e-01
3.540039062500000000e-02   -3.440342087404872351e-01
3.564453125000000000e-02   -2.736921699607866021e-01
3.588867187500000000e-02   -2.056032986620247027e-01
3.613281250000000000e-02   -1.460452245330001730e-01
3.637695312500000000e-02   -9.937972498081738826e-02
3.662109375000000000e-02   -6.565260224992888749e-02
3.686523437500000000e-02   -4.137290220106556310e-02
3.710937500000000000e-02   -1.982308453289871944e-02
3.735351562500000000e-02   5.868749389781681251e-03
3.759765625000000000e-02   4.126709842153070129e-02
3.784179687500000000e-02   8.834398141740117116e-02
3.808593750000000000e-02   1.462369015904166070e-01
3.833007812500000000e-02   2.111290648328455200e-01
3.857421875000000000e-02   2.785399855624193788e-01
3.881835937500000000e-02   3.438935484797210340e-01
3.906250000000000000e-02   4.040956004787275568e-01
3.930664062500000000e-02   4.566994867668236480e-01
3.955078125000000000e-02   5.005209262928280722e-01
3.979492187500000000e-02   5.346059474472247830e-01
4.003906250000000000e-02   5.592934836652951880e-01
4.028320312500000000e-02   5.758165973477599175e-01
4.052734375000000000e-02   5.875364462912473495e-01
4.077148437500000000e-02   5.989473908200333430e-01
4.101562500000000000e-02   6.155089195373287803e-01
4.125976562500000000e-02   6.410996316413881679e-01
4.150390625000000000e-02   6.771919008576456900e-01
4.174804687500000000e-02   7.211525069420218204e-01
4.199218750000000000e-02   7.674495159659990851e-01
4.223632812500000000e-02   8.084035918263791087e-01
4.248046875000000000e-02   8.373817066897790706e-01
4.272460937500000000e-02   8.500822655010924489e-01
4.296875000000000000e-02   8.463915528702879998e-01
4.321289062500000000e-02   8.293349298289538485e-01
4.345703125000000000e-02   8.045014744277080299e-01
4.370117187500000000e-02   7.774592919614931041e-01
4.394531250000000000e-02   7.530485259875563386e-01
4.418945312500000000e-02   7.337856818915501345e-01
4.443359375000000000e-02   7.206716800469723516e-01
4.467773437500000000e-02   7.129099165850515396e-01
4.492187500000000000e-02   7.091193284460286517e-01
4.516601562500000000e-02   7.067287042280501197e-01
4.541015625000000000e-02   7.027896095943342303e-01
4.565429687500000000e-02   6.933389447289329821e-01
4.589843750000000000e-02   6.745283492910130185e-01
4.614257812500000000e-02   6.427994026461010257e-01
4.638671875000000000e-02   5.968802638411159212e-01
4.663085937500000000e-02   5.380057990921535138e-01
4.687500000000000000e-02   4.707773495514194217e-01
4.711914062500000000e-02   4.015890520569688760e-01
4.736328125000000000e-02   3.376131557871477340e-01
4.760742187500000000e-02   2.839467522986663384e-01
4.785156250000000000e-02   2.428275874900430176e-01
4.809570312500000000e-02   2.123493898499060617e-01
4.833984375000000000e-02   1.878960464297143862e-01
4.858398437500000000e-02   1.630845434063580290e-01
4.882812500000000000e-02   1.323571723755209983e-01
4.907226562500000000e-02   9.170094949069929058e-02
4.931640625000000000e-02   4.002638654460384526e-02
4.956054687500000000e-02   -2.176697086111548801e-02
4.980468750000000000e-02   -9.083781233695654989e-02
5.004882812500000000e-02   -1.637798583478160541e-01
5.029296875000000000e-02   -2.364597369339906108e-01
5.053710937500000000e-02   -3.050389870212442123e-01
5.078125000000000000e-02   -3.655580728968776394e-01
5.102539062500000000e-02   -4.151367107848383253e-01
5.126953125000000000e-02   -4.521465247879168370e-01
5.151367187500000000e-02   -4.777205673447513234e-01
5.175781250000000000e-02   -4.952794339423868264e-01
5.200195312500000000e-02   -5.105795092191769413e-01
5.224609375000000000e-02   -5.295960752503554581e-01
5.249023437500000000e-02   -5.573724048536118358e-01
5.273437500000000000e-02   -5.958254231594899419e-01
5.297851562500000000e-02   -6.437146391915735677e-01
5.322265625000000000e-02   -6.963914573939727903e-01
5.346679687500000000e-02   -7.478604371449316668e-01
5.371093750000000000e-02   -7.917938988361672425e-01
5.395507812500000000e-02   -8.236857033783744342e-01
5.419921875000000000e-02   -8.411607232599537243e-01
5.444335937500000000e-02   -8.447793183571357112e-01
5.468750000000000000e-02   -8.368678622132562639e-01
5.493164062500000000e-02   -8.213256045156239749e-01
5.517578125000000000e-02   -8.023030963576937014e-01
5.541992187500000000e-02   -7.841621114423016348e-01
5.566406250000000000e-02   -7.702606604206898577e-01
5.590820312500000000e-02   -7.630713151817929418e-01
5.615234375000000000e-02   -7.630081127414670705e-01
5.639648437500000000e-02   -7.686609628426447349e-01
5.664062500000000000e-02   -7.761657149611005391e-01
5.688476562500000000e-02   -7.803594654004684106e-01
5.712890625000000000e-02   -7.753911096419210391e-01
5.737304687500000000e-02   -7.568990697680011426e-01
5.761718750000000000e-02   -7.227625008102332993e-01
5.786132812500000000e-02   -6.744146686104157684e-01
5.810546875000000000e-02   -6.160202316589830085e-01
5.834960937500000000e-02   -5.538435516185808982e-01
5.859375000000000000e-02   -4.939114276569169792e-01
5.883789062500000000e-02   -4.410173966960961311e-01
5.908203125000000000e-02   -3.971619967382236105e-01
5.932617187500000000e-02   -3.619784796099875801e-01
5.957031250000000000e-02   -3.327161723976816421e-01
5.981445312500000000e-02   -3.057873970614174430e-01
6.005859375000000000e-02   -2.770734928588265977e-01
6.030273437500000000e-02   -2.431048230018141576e-01
6.054687500000000000e-02   -2.008535844741332066e-01
6.079101562500000000e-02   -1.486211889223332527e-01
6.103515625000000000e-02   -8.582709277665584446e-02
6.127929687500000000e-02   -1.403889952732314574e-02
6.152343750000000000e-02   6.339131377805733158e-02
6.176757812500000000e-02   1.410663336772024490e-01
6.201171875000000000e-02   2.131229838558008904e-01
6.225585937500000000e-02   2.742201728129152749e-01
6.250000000000000000e-02   3.216286920397825599e-01
6.274414062500000000e-02   3.556787912994752165e-01
6.298828125000000000e-02   3.803365624243222332e-01
6.323242187500000000e-02   4.015525970042446158e-01
6.347656250000000000e-02   4.258902096951281413e-01
6.372070312500000000e-02   4.580977502540976021e-01
6.396484375000000000e-02   5.003057607477705560e-01
6.420898437500000000e-02   5.514094422121720296e-01
6.445312500000000000e-02   6.078653303319302426e-01
6.469726562500000000e-02   6.647711253346689775e-01
6.494140625000000000e-02   7.176137914980244004e-01
6.518554687500000000e-02   7.625383353603428782e-01
6.542968750000000000e-02   7.971954713509137314e-01
6.567382812500000000e-02   8.200997196241835985e-01
6.591796875000000000e-02   8.310661659617096797e-01
6.616210937500000000e-02   8.307755400009059210e-01
6.640625000000000000e-02   8.215970611252305655e-01
6.665039062500000000e-02   8.072361572611194136e-01
6.689453125000000000e-02   7.929393391548679171e-01
6.713867187500000000e-02   7.838100007912235379e-01
6.738281250000000000e-02   7.836715715090299961e-01
6.762695312500000000e-02   7.930992881884397772e-01
6.787109375000000000e-02   8.092825255217839242e-01
6.811523437500000000e-02   8.260136140832502472e-01
6.835937500000000000e-02   8.358960815889030505e-01
6.860351562500000000e-02   8.322275936918982486e-01
6.884765625000000000e-02   8.115137581156596225e-01
6.909179687500000000e-02   7.739315645400346444e-01
6.933593750000000000e-02   7.234687223124373068e-01
6.958007812500000000e-02   6.660157692644197436e-01
6.982421875000000000e-02   6.079115811119460977e-01
7.006835937500000000e-02   5.537744981761940632e-01
7.031250000000000000e-02   5.062462328409945700e-01
7.055664062500000000e-02   4.656236598209480548e-01
7.080078125000000000e-02   4.309780477411030986e-01
7.104492187500000000e-02   4.003197587939977820e-01
7.128906250000000000e-02   3.714582776583347790e-01
7.153320312500000000e-02   3.415059874706026788e-01
7.177734375000000000e-02   3.072508817446547025e-01
7.202148437500000000e-02   2.649164772067559848e-01
7.226562500000000000e-02   2.115054034565618801e-01
7.250976562500000000e-02   1.455684113999901330e-01
7.275390625000000000e-02   6.875171138339204735e-02
7.299804687500000000e-02   -1.437735044278109879e-02
7.324218750000000000e-02   -9.672677903081307316e-02
7.348632812500000000e-02   -1.710760605368590037e-01
7.373046875000000000e-02   -2.318820346373064167e-01
7.397460937500000000e-02   -2.774704862354150925e-01
7.421875000000000000e-02   -3.101128022900908054e-01
7.446289062500000000e-02   -3.355989836253444047e-01
7.470703125000000000e-02   -3.607697645080783500e-01
7.495117187500000000e-02   -3.917072480785218636e-01
7.519531250000000000e-02   -4.316779643020596247e-01
7.543945312500000000e-02   -4.810415945566879348e-01
7.568359375000000000e-02   -5.373543077567674020e-01
7.592773437500000000e-02   -5.969696823133365804e-01
7.617187500000000000e-02   -6.557629556689775763e-01
7.641601562500000000e-02   -7.102592992222631629e-01
7.666015625000000000e-02   -7.573703276860691558e-01
7.690429687500000000e-02   -7.947387416181301845e-01
7.714843750000000000e-02   -8.203655001287540882e-01
7.739257812500000000e-02   -8.334991553067013781e-01
7.763671875000000000e-02   -8.348581884666755881e-01
7.788085937500000000e-02   -8.274855165150072356e-01
7.812500000000000000e-02   -8.161809664315258228e-01
7.836914062500000000e-02   -8.069012688338451644e-01
7.861328125000000000e-02   -8.045740179925064961e-01
7.885742187500000000e-02   -8.117171217114467208e-01
7.910156250000000000e-02   -8.270396572573531779e-01
7.934570312500000000e-02   -8.460174655769266971e-01
7.958984375000000000e-02   -8.617805225290874338e-01
7.983398437500000000e-02   -8.676030988806826549e-01
8.007812500000000000e-02   -8.585772087579225387e-01
8.032226562500000000e-02   -8.332887174864230806e-01
8.056640625000000000e-02   -7.934615884264032415e-01
8.081054687500000000e-02   -7.434479416474949476e-01
8.105468750000000000e-02   -6.883920421580530524e-01
8.129882812500000000e-02   -6.332192683598605321e-01
8.154296875000000000e-02   -5.813407887141963659e-01
8.178710937500000000e-02   -5.348670169291011023e-01
8.203125000000000000e-02   -4.943752699758746094e-01
8.227539062500000000e-02   -4.595652906226069812e-01
8.251953125000000000e-02   -4.287732361515996793e-01
8.276367187500000000e-02   -3.992966598250147214e-01
8.300781250000000000e-02   -3.671652355308424598e-01
8.325195312500000000e-02   -3.280126067112688615e-01
8.349609375000000000e-02   -2.777693049366893319e-01
8.374023437500000000e-02   -2.144171634635645141e-01
8.398437500000000000e-02   -1.386772439648792377e-01
8.422851562500000000e-02   -5.460551385564879623e-02
8.447265625000000000e-02   3.159362577185386572e-02
8.471679687500000000e-02   1.128565708616333790e-01
8.496093750000000000e-02   1.835986036109527875e-01
8.520507812500000000e-02   2.408962558397432230e-01
8.544921875000000000e-02   2.854311069705554038e-01
8.569335937500000000e-02   3.206269219865496289e-01
8.593750000000000000e-02   3.517504600041257423e-01
8.618164062500000000e-02   3.839977230393095686e-01
8.642578125000000000e-02   4.215481810116094574e-01
8.666992187500000000e-02   4.665359230061082996e-01
8.691406250000000000e-02   5.193228277700773221e-01
8.715820312500000000e-02   5.784221772421144214e-01
8.740234375000000000e-02   6.412034225211721283e-01
8.764648437500000000e-02   7.038749982078729150e-01
8.789062500000000000e-02   7.620750852027897704e-01
8.813476562500000000e-02   8.112032213166265882e-01
8.837890625000000000e-02   8.473755820066679600e-01
8.862304687500000000e-02   8.681909294053443693e-01
8.886718750000000000e-02   8.740362154261471783e-01
8.911132812500000000e-02   8.680342093720918584e-01
8.935546875000000000e-02   8.557972667106207298e-01
8.959960937500000000e-02   8.436832034006778169e-01
8.984375000000000000e-02   8.373368124041790095e-01
9.008789062500000000e-02   8.396480753418456011e-01
9.033203125000000000e-02   8.502700429438549978e-01
9.057617187500000000e-02   8.656398553570936460e-01
9.082031250000000000e-02   8.804742150004944978e-01
9.106445312500000000e-02   8.889605730013560025e-01
9.130859375000000000e-02   8.864986022720259262e-01
9.155273437500000000e-02   8.702486540231060275e-01
9.179687500000000000e-02   8.396952841899923969e-01
9.204101562500000000e-02   7.960045744391082145e-01
9.228515625000000000e-02   7.419240280411707467e-01
9.252929687500000000e-02   6.811157054128725852e-01
9.277343750000000000e-02   6.180665896548458438e-01
9.301757812500000000e-02   5.572088357114031165e-01
9.326171875000000000e-02   5.026018062691024468e-01
9.350585937500000000e-02   4.566911930928513330e-01
9.375000000000000000e-02   4.197073507089542077e-01
9.399414062500000000e-02   3.888987215945839959e-01
9.423828125000000000e-02   3.591888844435898731e-01
9.448242187500000000e-02   3.241505320827709480e-01
9.472656250000000000e-02   2.781478065836644475e-01
9.497070312500000000e-02   2.178188287562477510e-01
9.521484375000000000e-02   1.434994651241897901e-01
9.545898437500000000e-02   5.886238388720485548e-02
9.570312500000000000e-02   -2.995725789430815980e-02
9.594726562500000000e-02   -1.164540324067643295e-01
9.619140625000000000e-02   -1.951732087937331495e-01
9.643554687500000000e-02   -2.631247190120085122e-01
9.667968750000000000e-02   -3.196743824805665657e-01
9.692382812500000000e-02   -3.663202777764709706e-01
9.716796875000000000e-02   -4.056467039314402556e-01
9.741210937500000000e-02   -4.409403055537504668e-01
9.765625000000000000e-02   -4.755292882526221399e-01
9.790039062500000000e-02   -5.128252322974364841e-01
9.814453125000000000e-02   -5.556883444030925601e-01
9.838867187500000000e-02   -6.060988694602702509e-01
9.863281250000000000e-02   -6.640367077515065830e-01
9.887695312500000000e-02   -7.271241041944764838e-01
9.912109375000000000e-02   -7.903841760057765953e-01
9.936523437500000000e-02   -8.474520947221695355e-01
9.960937500000000000e-02   -8.919545239387342006e-01
9.985351562500000000e-02   -9.196394189274055275e-01
1.000976562500000000e-01   -9.295314920659805136e-01
1.003417968750000000e-01   -9.245828847708736919e-01
1.005859375000000000e-01   -9.104897749145883790e-01
1.008300781250000000e-01   -8.940884978713519171e-01
1.010742187500000000e-01   -8.810866665267053088e-01
1.013183593750000000e-01   -8.747799054387450646e-01
1.015625000000000000e-01   -8.751906549060285423e-01
1.018066406250000000e-01   -8.798336149952514784e-01
1.020507812500000000e-01   -8.846786410751418250e-01
1.022949218750000000e-01   -8.856635601744426989e-01
1.025390625000000000e-01   -8.792787212917126949e-01
1.027832031250000000e-01   -8.630951136303601778e-01
1.030273437500000000e-01   -8.355090607967214922e-01
1.032714843750000000e-01   -7.956413478861354971e-01
1.035156250000000000e-01   -7.435564153483175120e-01
1.037597656250000000e-01   -6.807876461055624162e-01
1.040039062500000000e-01   -6.105838682318659449e-01
1.042480468750000000e-01   -5.380776989234391516e-01
1.044921875000000000e-01   -4.689918155456277993e-01
1.047363281250000000e-01   -4.082805684239983468e-01
1.049804687500000000e-01   -3.581642519882342612e-01
1.052246093750000000e-01   -3.173659803379045852e-01
1.054687500000000000e-01   -2.810542759302218085e-01
1.057128906250000000e-01   -2.425769857763799275e-01
1.059570312500000000e-01   -1.954157986548680503e-01
1.062011718750000000e-01   -1.354971451359594792e-01
1.064453125000000000e-01   -6.211881998915108616e-02
1.066894531250000000e-01   2.187536301374969419e-02
1.069335937500000000e-01   1.114688194240357477e-01
1.071777343750000000e-01   2.008938420054023344e-01
1.074218750000000000e-01   2.853384029364889329e-01
1.076660156250000000e-01   3.614876646160112839e-01
1.079101562500000000e-01   4.277851363906727822e-01
1.081542968750000000e-01   4.838233156837884463e-01
1.083984375000000000e-01   5.302697868596312203e-01
1.086425781250000000e-01   5.685522900007381475e-01
1.088867187500000000e-01   6.012053913530344129e-01
1.091308593750000000e-01   6.317326700413180562e-01
1.093750000000000000e-01   6.644468902704321334e-01
1.096191406250000000e-01   7.031983904290007859e-01
1.098632812500000000e-01   7.502294076835233083e-01
1.101074218750000000e-01   8.047203282960317949e-01
1.103515625000000000e-01   8.625825656010280840e-01
1.105957031250000000e-01   9.172067431911449242e-01
1.108398437500000000e-01   9.612015505102222690e-01
1.110839843750000000e-01   9.887146781009180652e-01
1.113281250000000000e-01   9.973089010427297341e-01
1.115722656250000000e-01   9.883937432506418874e-01
1.118164062500000000e-01   9.668338285380114749e-01
1.120605468750000000e-01   9.389976361611096500e-01
1.123046875000000000e-01   9.109865699970525199e-01
1.125488281250000000e-01   8.869457264339775104e-01
1.127929687500000000e-01   8.686818661357931237e-01
1.130371093750000000e-01   8.555663106921268524e-01
1.132812500000000000e-01   8.454409926814939746e-01
1.135253906250000000e-01   8.352024335057346427e-01
1.137695312500000000e-01   8.215393204927333715e-01
1.140136718750000000e-01   8.009258348593276677e-01
1.142578125000000000e-01   7.700557462504243889e-01
1.145019531250000000e-01   7.261329009611120489e-01
1.147460937500000000e-01   6.678142842812933022e-01
1.149902343750000000e-01   5.957808465756408989e-01
1.152343750000000000e-01   5.134538936988400915e-01
1.154785156250000000e-01   4.265129702490266239e-01
1.157226562500000000e-01   3.418354666731429070e-01
1.159667968750000000e-01   2.654313284782194304e-01
1.162109375000000000e-01   2.008252098541057629e-01
1.164550781250000000e-01   1.477925885969343933e-01
1.166992187500000000e-01   1.026610535817235464e-01
1.169433593750000000e-01   5.939631132938356234e-02
1.171875000000000000e-01   1.172216481186307696e-02
1.174316406250000000e-01   -4.519355133307063205e-02
1.176757812500000000e-01   -1.134112449174389525e-01
1.179199218750000000e-01   -1.921358206110801159e-01
1.181640625000000000e-01   -2.781072562028198414e-01
1.184082031250000000e-01   -3.668162038618025811e-01
1.186523437500000000e-01   -4.534661600119131442e-01
1.188964843750000000e-01   -5.339606622240027356e-01
1.191406250000000000e-01   -6.049220646912830679e-01
1.193847656250000000e-01   -6.641248132856589770e-01
1.196289062500000000e-01   -7.106041141620387247e-01
1.198730468750000000e-01   -7.448711111968244758e-01
1.201171875000000000e-01   -7.692309244758036568e-01
1.203613281250000000e-01   -7.878266481359832429e-01
1.206054687500000000e-01   -8.058084104828255878e-01
1.208496093750000000e-01   -8.281927403436629698e-01
1.210937500000000000e-01   -8.581003019230589723e-01
1.213378906250000000e-01   -8.957888334148655929e-01
1.215820312500000000e-01   -9.380347621718723161e-01
1.218261718750000000e-01   -9.791763033123841442e-01
1.220703125000000000e-01   -1.012535429376064444e+00
1.223144531250000000e-01   -1.032439793521707561e+00
1.225585937500000000e-01   -1.035559134568067030e+00
1.228027343750000000e-01   -1.021675060496576082e+00
1.230468750000000000e-01   -9.931323751274448997e-01
1.232910156250000000e-01   -9.540084825079532260e-01
1.235351562500000000e-01   -9.088620048347635372e-01
1.237792968750000000e-01   -8.619575154497685077e-01
1.240234375000000000e-01   -8.167564896398589180e-01
1.242675781250000000e-01   -7.757224757829705997e-01
1.245117187500000000e-01   -7.399099051465927168e-01
1.247558593750000000e-01   -7.088179298258852068e-01
1.250000000000000000e-01   -6.800052960238012201e-01
1.252441406250000000e-01   -6.493772533200437014e-01
1.254882812500000000e-01   -6.117508417782638874e-01
1.257324218750000000e-01   -5.622985497961466850e-01
1.259765625000000000e-01   -4.979237564061788079e-01
1.262207031250000000e-01   -4.185753984337549638e-01
1.264648437500000000e-01   -3.274372929926638309e-01
1.267089843750000000e-01   -2.303775046612830391e-01
1.269531250000000000e-01   -1.342260909087813203e-01
1.271972656250000000e-01   -4.504581169899404131e-02
1.274414062500000000e-01   3.354220466610841750e-02
1.276855468750000000e-01   1.008609663000305523e-01
1.279296875000000000e-01   1.589999171570164738e-01
1.281738281250000000e-01   2.116876775882703676e-01
1.284179687500000000e-01   2.632072222709614939e-01
1.286621093750000000e-01   3.171914784787289165e-01
1.289062500000000000e-01   3.761819645286381686e-01
1.291503906250000000e-01   4.414122557000654812e-01
1.293945312500000000e-01   5.129915289711615145e-01
1.296386718750000000e-01   5.897042070466826935e-01
1.298828125000000000e-01   6.689883946350395627e-01
1.301269531250000000e-01   7.467237691721299031e-01
1.303710937500000000e-01   8.177129121949795465e-01
1.306152343750000000e-01   8.765809869085195993e-01
1.308593750000000000e-01   9.193380742343363332e-01
1.311035156250000000e-01   9.446340938288435574e-01
1.313476562500000000e-01   9.546652790758390905e-01
1.315917968750000000e-01   9.545068397888269995e-01
1.318359375000000000e-01   9.509634476186682450e-01
1.320800781250000000e-01   9.502913648016193537e-01
1.323242187500000000e-01   9.563836178691604850e-01
1.325683593750000000e-01   9.696001807031725539e-01
1.328125000000000000e-01   9.870094657154810935e-01
1.330566406250000000e-01   1.003512655990838276e+00
1.333007812500000000e-01   1.013610613649835068e+00
1.335449218750000000e-01   1.012740883727481833e+00
1.337890625000000000e-01   9.981816335191550094e-01
1.340332031250000000e-01   9.690266092681565357e-01
1.342773437500000000e-01   9.259262705214770239e-01
1.345214843750000000e-01   8.705657808113670404e-01
1.347656250000000000e-01   8.055311405333028807e-01
1.350097656250000000e-01   7.342371561965309601e-01
1.352539062500000000e-01   6.609923622438544921e-01
1.354980468750000000e-01   5.904090085816963152e-01
1.357421875000000000e-01   5.265064162919703694e-01
1.359863281250000000e-01   4.713431873133009931e-01
1.362304687500000000e-01   4.240568638755964348e-01
1.364746093750000000e-01   3.805208536096402194e-01
1.367187500000000000e-01   3.343558143520969916e-01
1.369628906250000000e-01   2.787419551721233568e-01
1.372070312500000000e-01   2.087651172098135277e-01
1.374511718750000000e-01   1.230621265147007065e-01
1.376953125000000000e-01   2.447121936259188946e-02
1.379394531250000000e-01   -8.091179128015497934e-02
1.381835937500000000e-01   -1.855660247646709338e-01
1.384277343750000000e-01   -2.828571080257040737e-01
1.386718750000000000e-01   -3.685683344905733017e-01
1.389160156250000000e-01   -4.415000127875540747e-01
1.391601562500000000e-01   -5.028624727429130692e-01
1.394042968750000000e-01   -5.553148125132785218e-01
1.396484375000000000e-01   -6.018502268317424964e-01
1.398925781250000000e-01   -6.453407431879127909e-01
1.401367187500000000e-01   -6.883663267671868979e-01
1.403808593750000000e-01   -7.333640988924098325e-01
1.406250000000000000e-01   -7.824017992189106208e-01
1.408691406250000000e-01   -8.366461059423250246e-01
1.411132812500000000e-01   -8.954156669411040825e-01
1.413574218750000000e-01   -9.556428022722568416e-01
1.416015625000000000e-01   -1.011928958632260622e+00
1.418457031250000000e-01   -1.057712974767905045e+00
1.420898437500000000e-01   -1.086975684885379545e+00
1.423339843750000000e-01   -1.096272602840959509e+00
1.425781250000000000e-01   -1.085973467547308502e+00
1.428222656250000000e-01   -1.060424186477638697e+00
1.430664062500000000e-01   -1.026524814592043811e+00
1.433105468750000000e-01   -9.918158620318020535e-01
1.435546875000000000e-01   -9.616691797843801570e-01
1.437988281250000000e-01   -9.384424193943553538e-01
1.440429687500000000e-01   -9.208617217673972233e-01
1.442871093750000000e-01   -9.050403266010297321e-01
1.445312500000000000e-01   -8.861149569296780104e-01
1.447753906250000000e-01   -8.597107449118447375e-01
1.450195312500000000e-01   -8.227697870003475300e-01
1.452636718750000000e-01   -7.736755347366818247e-01
1.455078125000000000e-01   -7.119234336536219843e-01
1.457519531250000000e-01   -6.378934489318682788e-01
1.459960937500000000e-01   -5.528414016253980767e-01
1.462402343750000000e-01   -4.592654238707546965e-01
1.464843750000000000e-01   -3.611466705170566782e-01
1.467285156250000000e-01   -2.636904645975784445e-01
1.469726562500000000e-01   -1.722495973833136629e-01
1.472167968750000000e-01   -9.089948060789017348e-02
1.474609375000000000e-01   -2.098082133477725472e-02
1.477050781250000000e-01   3.961346936335222169e-02
1.479492187500000000e-01   9.603666326717746893e-02
1.481933593750000000e-01   1.548637965948274908e-01
1.484375000000000000e-01   2.219673044074815527e-01
1.486816406250000000e-01   3.005678146686198149e-01
1.489257812500000000e-01   3.902589017975094943e-01
1.491699218750000000e-01   4.872161993869681962e-01
1.494140625000000000e-01   5.855031873913182361e-01
1.496582031250000000e-01   6.788122930004030220e-01
1.499023437500000000e-01   7.620250799202543668e-01
1.501464843750000000e-01   8.319490466873875611e-01
1.503906250000000000e-01   8.874428155084169711e-01
1.506347656250000000e-01   9.290703896496715908e-01
1.508789062500000000e-01   9.586903782181049882e-01
1.511230468750000000e-01   9.790685033601734810e-01
1.513671875000000000e-01   9.936719403102640680e-01
1.516113281250000000e-01   1.006323188532464386e+00
1.518554687500000000e-01   1.020610670444759283e+00
1.520996093750000000e-01   1.038937255925538317e+00
1.523437500000000000e-01   1.061613493096882577e+00
1.525878906250000000e-01   1.086232367596988713e+00
1.528320312500000000e-01   1.108100638036018992e+00
1.530761718750000000e-01   1.120871234879419864e+00
1.533203125000000000e-01   1.118613737460492530e+00
1.535644531250000000e-01   1.097485353994668511e+00
1.538085937500000000e-01   1.056823852419340959e+00
1.540527343750000000e-01   9.993680321508190412e-01
1.542968750000000000e-01   9.303725915974047078e-01
1.545410156250000000e-01   8.561527426615482828e-01
1.547851562500000000e-01   7.824686400564915267e-01
1.550292968750000000e-01   7.132478329938612971e-01
1.552734375000000000e-01   6.500409170825760530e-01
1.555175781250000000e-01   5.921852726334443373e-01
1.557617187500000000e-01   5.373066880062079553e-01
1.560058593750000000e-01   4.819950272444704642e-01
1.562500000000000000e-01   4.224392317888418513e-01
1.564941406250000000e-01   3.549972634119433201e-01
1.567382812500000000e-01   2.766903742803442645e-01
1.569824218750000000e-01   1.858990850229889358e-01
1.572265625000000000e-01   8.306229259716768620e-02
1.574707031250000000e-01   -2.889878038140819907e-02
1.577148437500000000e-01   -1.447270498193131416e-01
1.579589843750000000e-01   -2.576840576540700423e-01
1.582031250000000000e-01   -3.611971891809011570e-01
1.584472656250000000e-01   -4.506210771496549361e-01
1.586914062500000000e-01   -5.245253618094134485e-01
1.589355468750000000e-01   -5.849670277777015981e-01
1.591796875000000000e-01   -6.366318294958880353e-01
1.594238281250000000e-01   -6.852412970803750669e-01
1.596679687500000000e-01   -7.358004255356149770e-01
1.599121093750000000e-01   -7.913092321031596210e-01
1.601562500000000000e-01   -8.523889651806231260e-01
1.604003906250000000e-01   -9.175252557153665833e-01
1.606445312500000000e-01   -9.836620645306043409e-01
1.608886718750000000e-01   -1.046823643248488533e+00
1.611328125000000000e-01   -1.102686657423364913e+00
1.613769531250000000e-01   -1.146979366466215566e+00
1.616210937500000000e-01   -1.175955214767929746e+00
1.618652343750000000e-01   -1.187029112555693988e+00
1.621093750000000000e-01   -1.179617123273717150e+00
1.623535156250000000e-01   -1.155682462266045540e+00
1.625976562500000000e-01   -1.119686720560823856e+00
1.628417968750000000e-01   -1.077689814342383201e+00
1.630859375000000000e-01   -1.035913089261127684e+00
1.633300781250000000e-01   -9.989515687829503277e-01
1.635742187500000000e-01   -9.684046264997520082e-01
1.638183593750000000e-01   -9.422025636547465277e-01
1.640625000000000000e-01   -9.156288816937174779e-01
1.643066406250000000e-01   -8.825402423940146290e-01
1.645507812500000000e-01   -8.373453739540400731e-01
1.647949218750000000e-01   -7.766069562098519841e-01
1.650390625000000000e-01   -6.997626021031462251e-01
1.652832031250000000e-01   -6.088520659794168788e-01
1.655273437500000000e-01   -5.076028683890196902e-01
1.657714843750000000e-01   -4.003745370062342657e-01
1.660156250000000000e-01   -2.914068382960425807e-01
1.662597656250000000e-01   -1.843979929478183899e-01
1.665039062500000000e-01   -8.248232421861395602e-02
1.667480468750000000e-01   1.190825144518038378e-02
1.669921875000000000e-01   9.741089449900725006e-02
1.672363281250000000e-01   1.743822322845068329e-01
1.674804687500000000e-01   2.452599208881788007e-01
1.677246093750000000e-01   3.143612205712905672e-01
1.679687500000000000e-01   3.868596352357036028e-01
1.682128906250000000e-01   4.672355571885381531e-01
1.684570312500000000e-01   5.574766390057922516e-01
1.687011718750000000e-01   6.559945592346050347e-01
1.689453125000000000e-01   7.576520345230234321e-01
1.691894531250000000e-01   8.551177213166453184e-01
1.694335937500000000e-01   9.408699825099575698e-01
1.696777343750000000e-01   1.009417524007942824e+00
1.699218750000000000e-01   1.058734700204119639e+00
1.701660156250000000e-01   1.090365968248051987e+00
1.704101562500000000e-01   1.108328447908112580e+00
1.706542968750000000e-01   1.117483441689359314e+00
1.708984375000000000e-01   1.122018191899207373e+00
1.711425781250000000e-01   1.124736869504250780e+00
1.713867187500000000e-01   1.126928264047138972e+00
1.716308593750000000e-01   1.128890768250087273e+00
1.718750000000000000e-01   1.130263358149335984e+00
1.721191406250000000e-01   1.129987321513822085e+00
1.723632812500000000e-01   1.125840372303169579e+00
1.726074218750000000e-01   1.114305133781884338e+00
1.728515625000000000e-01   1.090826757507600053e+00
1.730957031250000000e-01   1.050905322970542066e+00
1.733398437500000000e-01   9.915843539191856459e-01
1.735839843750000000e-01   9.130343599789598752e-01
1.738281250000000000e-01   8.190667025146124436e-01
1.740722656250000000e-01   7.165339938332903058e-01
1.743164062500000000e-01   6.134361078768343356e-01
1.745605468750000000e-01   5.167299980754054278e-01
1.748046875000000000e-01   4.301544987211077253e-01
1.750488281250000000e-01   3.533122578524413027e-01
1.752929687500000000e-01   2.821330044517302849e-01
1.755371093750000000e-01   2.106468062644900607e-01
1.757812500000000000e-01   1.330931877924143025e-01
1.760253906250000000e-01   4.575918295769076244e-02
1.762695312500000000e-01   -5.235070005863487475e-02
1.765136718750000000e-01   -1.596920682599244357e-01
1.767578125000000000e-01   -2.732676370738214566e-01
1.770019531250000000e-01   -3.894869049387361670e-01
1.772460937500000000e-01   -5.047083109358193598e-01
1.774902343750000000e-01   -6.151413669786084393e-01
1.777343750000000000e-01   -7.169012265349284929e-01
1.779785156250000000e-01   -8.061033087642630601e-01
1.782226562500000000e-01   -8.796584896303472068e-01
1.784667968750000000e-01   -9.362751875461770013e-01
1.787109375000000000e-01   -9.774839715761349801e-01
1.789550781250000000e-01   -1.007678814197062511e+00
1.791992187500000000e-01   -1.033201566001047844e+00
1.794433593750000000e-01   -1.060343044485976716e+00
1.796875000000000000e-01   -1.093213391361564701e+00
1.799316406250000000e-01   -1.132075695026843576e+00
1.801757812500000000e-01   -1.173145589926861243e+00
1.804199218750000000e-01   -1.209717063226314560e+00
1.806640625000000000e-01   -1.234301164659745043e+00
1.809082031250000000e-01   -1.241085133001655683e+00
1.811523437500000000e-01   -1.227066326312773237e+00
1.813964843750000000e-01   -1.192484358925022692e+00
1.816406250000000000e-01   -1.140247675010422679e+00
1.818847656250000000e-01   -1.074488159393084841e+00
1.821289062500000000e-01   -9.996100604531868994e-01
1.823730468750000000e-01   -9.195846366300395314e-01
1.826171875000000000e-01   -8.379184180054701780e-01
1.828613281250000000e-01   -7.574317376370508503e-01
1.831054687500000000e-01   -6.801858951564211386e-01
1.833496093750000000e-01   -6.068765108716145384e-01
1.835937500000000000e-01   -5.363794544249380625e-01
1.838378906250000000e-01   -4.653533493713700175e-01
1.840820312500000000e-01   -3.888612885348173287e-01
1.843261718750000000e-01   -3.016140377001599870e-01
1.845703125000000000e-01   -1.998961501257541240e-01
1.848144531250000000e-01   -8.296561153033867042e-02
1.850585937500000000e-01   4.605369579170483230e-02
1.853027343750000000e-01   1.808162108360748810e-01
1.855468750000000000e-01   3.133312303174071167e-01
1.857910156250000000e-01   4.362958644195137903e-01
1.860351562500000000e-01   5.447671511779479392e-01
1.862792968750000000e-01   6.371723900747398028e-01
1.865234375000000000e-01   7.149427742537814989e-01
1.867675781250000000e-01   7.816037053550877189e-01
1.870117187500000000e-01   8.411967107916563657e-01
1.872558593750000000e-01   8.973613477994725196e-01
1.875000000000000000e-01   9.526894184906506968e-01
1.877441406250000000e-01   1.008734360223293880e+00
1.879882812500000000e-01   1.065840598387221005e+00
1.882324218750000000e-01   1.123191015874390963e+00
1.884765625000000000e-01   1.178420200951975527e+00
1.887207031250000000e-01   1.227667082363478546e+00
1.889648437500000000e-01   1.265716316112411644e+00
1.892089843750000000e-01   1.287267585349170407e+00
1.894531250000000000e-01   1.288139855762782116e+00
1.896972656250000000e-01   1.266680397862498086e+00
1.899414062500000000e-01   1.224483178320617593e+00
1.901855468750000000e-01   1.166295054972662948e+00
1.904296875000000000e-01   1.098618503580161887e+00
1.906738281250000000e-01   1.028036681473996738e+00
1.909179687500000000e-01   9.592613136227368109e-01
1.911621093750000000e-01   8.941939759405698185e-01
1.914062500000000000e-01   8.316453750804378986e-01
1.916503906250000000e-01   7.683067055234653608e-01
1.918945312500000000e-01   6.998954816332167983e-01
1.921386718750000000e-01   6.225921297106959962e-01
1.923828125000000000e-01   5.336217525678914608e-01
1.926269531250000000e-01   4.317074176545937503e-01
1.928710937500000000e-01   3.169492033138652243e-01
1.931152343750000000e-01   1.910065262702571598e-01
1.933593750000000000e-01   5.692406185813975172e-02
1.936035156250000000e-01   -8.075309476491329685e-02
1.938476562500000000e-01   -2.165085458989585432e-01
1.940917968750000000e-01   -3.445207527052819851e-01
1.943359375000000000e-01   -4.600614948533530146e-01
1.945800781250000000e-01   -5.604972230175644388e-01
1.948242187500000000e-01   -6.462576223096230255e-01
1.950683593750000000e-01   -7.206359958444112923e-01
1.953125000000000000e-01   -7.890239718807858793e-01
1.955566406250000000e-01   -8.570109772767634526e-01
1.958007812500000000e-01   -9.287593463321556220e-01
1.960449218750000000e-01   -1.005373958608750007e+00
1.962890625000000000e-01   -1.084677618369002117e+00
1.965332031250000000e-01   -1.161663797063574810e+00
1.967773437500000000e-01   -1.230171391317125495e+00
1.970214843750000000e-01   -1.284297083066132883e+00
1.972656250000000000e-01   -1.319954241377691906e+00
1.975097656250000000e-01   -1.335092349133111256e+00
1.977539062500000000e-01   -1.329995380999474897e+00
1.979980468750000000e-01   -1.305591751011113022e+00
1.982421875000000000e-01   -1.265089277523009814e+00
1.984863281250000000e-01   -1.211816882328685452e+00
1.987304687500000000e-01   -1.149767069877047021e+00
1.989746093750000000e-01   -1.083373365475466477e+00
1.992187500000000000e-01   -1.016715004717416715e+00
1.994628906250000000e-01   -9.522876905872232900e-01
1.997070312500000000e-01   -8.899837613978611728e-01
1.999511718750000000e-01   -8.265685767200773304e-01
2.001953125000000000e-01   -7.564353856458370107e-01
2.004394531250000000e-01   -6.731372104415307422e-01
2.006835937500000000e-01   -5.718140387355479248e-01
2.009277343750000000e-01   -4.510076448506788460e-01
2.011718750000000000e-01   -3.135380536490978143e-01
2.014160156250000000e-01   -1.655769891113227088e-01
2.016601562500000000e-01   -1.499740669313638121e-02
2.019042968750000000e-01   1.309538828291792745e-01
2.021484375000000000e-01   2.671509018201872476e-01
2.023925781250000000e-01   3.913361650523967117e-01
2.026367187500000000e-01   5.034918008749250662e-01
2.028808593750000000e-01   6.051290816356202917e-01
2.031250000000000000e-01   6.982368268434795411e-01
2.033691406250000000e-01   7.849534522152997740e-01
2.036132812500000000e-01   8.672933561109786860e-01
2.038574218750000000e-01   9.473962006633477317e-01
2.041015625000000000e-01   1.027092388877937301e+00
2.043457031250000000e-01   1.107457180906037175e+00
2.045898437500000000e-01   1.187703415897416015e+00
2.048339843750000000e-01   1.264746230511763825e+00
2.050781250000000000e-01   1.333015254510042658e+00
2.053222656250000000e-01   1.385827256864383239e+00
2.055664062500000000e-01   1.416398968574341888e+00
2.058105468750000000e-01   1.420865312478025722e+00
2.060546875000000000e-01   1.399021040780008551e+00
2.062988281250000000e-01   1.354671160863796464e+00
2.065429687500000000e-01   1.294441757680099725e+00
2.067871093750000000e-01   1.225875513601312861e+00
2.070312500000000000e-01   1.154998649666800103e+00
2.072753906250000000e-01   1.084919580518565407e+00
2.075195312500000000e-01   1.015356616419853308e+00
2.077636718750000000e-01   9.437104182983069300e-01
2.080078125000000000e-01   8.662737466475994852e-01
2.082519531250000000e-01   7.796877999741435028e-01
2.084960937500000000e-01   6.814937929126131388e-01
2.087402343750000000e-01   5.703956108133643177e-01
2.089843750000000000e-01   4.458426234514650255e-01
2.092285156250000000e-01   3.081237765298974751e-01
2.094726562500000000e-01   1.584705543551327700e-01
2.097167968750000000e-01   -1.123266612282528649e-04
2.099609375000000000e-01   -1.627165152142227011e-01
2.102050781250000000e-01   -3.226342173904225841e-01
2.104492187500000000e-01   -4.727195702475992523e-01
2.106933593750000000e-01   -6.070136209716762155e-01
2.109375000000000000e-01   -7.227090037728861605e-01
2.111816406250000000e-01   -8.209254414965198032e-01
2.114257812500000000e-01   -9.063933493928693075e-01
2.116699218750000000e-01   -9.854643000491518645e-01
2.119140625000000000e-01   -1.063939471338276821e+00
2.121582031250000000e-01   -1.144850707954651492e+00
2.124023437500000000e-01   -1.227624804689096516e+00
2.126464843750000000e-01   -1.308317393411019491e+00
2.128906250000000000e-01   -1.381079032468547574e+00
2.131347656250000000e-01   -1.439903713302455257e+00
2.133789062500000000e-01   -1.479365699707188009e+00
2.136230468750000000e-01   -1.496601269177533888e+00
2.138671875000000000e-01   -1.490356411753065435e+00
2.141113281250000000e-01   -1.460801073785707782e+00
2.143554687500000000e-01   -1.409530996954088344e+00
2.145996093750000000e-01   -1.339051426513021115e+00
2.148437500000000000e-01   -1.253166325795576741e+00
2.150878906250000000e-01   -1.156483926677843943e+00
2.153320312500000000e-01   -1.054208861716917633e+00
2.155761718750000000e-01   -9.507410101070384867e-01
2.158203125000000000e-01   -8.487579616513603042e-01
2.160644531250000000e-01   -7.478373752883055170e-01
2.163085937500000000e-01   -6.447003426276893823e-01
2.165527343750000000e-01   -5.339786218453899114e-01
2.167968750000000000e-01   -4.102919413998960541e-01
2.170410156250000000e-01   -2.700156956252013352e-01
2.172851562500000000e-01   -1.130773877128149058e-01
2.175292968750000000e-01   5.696915652513245137e-02
2.177734375000000000e-01   2.334670126921943034e-01
2.180175781250000000e-01   4.085780490318496327e-01
2.182617187500000000e-01   5.747577336629955402e-01
2.185058593750000000e-01   7.264894643242475469e-01
2.187500000000000000e-01   8.607216141023033007e-01
2.189941406250000000e-01   9.770524659994526129e-01
2.192382812500000000e-01   1.076710020055238193e+00
2.194824218750000000e-01   1.162064967019042161e+00
2.197265625000000000e-01   1.235703058334455040e+00
2.199707031250000000e-01   1.300321586571071997e+00
2.202148437500000000e-01   1.358047228670175688e+00
2.204589843750000000e-01   1.410365205597516880e+00
2.207031250000000000e-01   1.457312539751175029e+00
2.209472656250000000e-01   1.497225845469785321e+00
2.211914062500000000e-01   1.526134513014326455e+00
2.214355468750000000e-01   1.538849690033014195e+00
2.216796875000000000e-01   1.529291810857706713e+00
2.219238281250000000e-01   1.492823895224578479e+00
2.221679687500000000e-01   1.427369749956156397e+00
2.224121093750000000e-01   1.334553890643281227e+00
2.226562500000000000e-01   1.219272564347111176e+00
2.229003906250000000e-01   1.088684099738095989e+00
2.231445312500000000e-01   9.500962228781163477e-01
2.233886718750000000e-01   8.094782622294119934e-01
2.236328125000000000e-01   6.701189075053075594e-01
2.238769531250000000e-01   5.327626949022095104e-01
2.241210937500000000e-01   3.959524292888901287e-01
2.243652343750000000e-01   2.573584352734857861e-01
2.246093750000000000e-01   1.144035162473284184e-01
2.248535156250000000e-01   -3.480701049445968781e-02
2.250976562500000000e-01   -1.914707483307702129e-01
2.253417968750000000e-01   -3.555429688542441347e-01
2.255859375000000000e-01   -5.256633408675702723e-01
2.258300781250000000e-01   -6.984943677335193613e-01
2.260742187500000000e-01   -8.689226321469830649e-01
2.263183593750000000e-01   -1.030073455799930482e+00
2.265625000000000000e-01   -1.174634699031288587e+00
2.268066406250000000e-01   -1.296157156789208731e+00
2.270507812500000000e-01   -1.390892956242786083e+00
2.272949218750000000e-01   -1.458404219409848768e+00
2.275390625000000000e-01   -1.501762098295908787e+00
2.277832031250000000e-01   -1.526170127147983724e+00
2.280273437500000000e-01   -1.537393784622382409e+00
2.282714843750000000e-01   -1.539652509376455258e+00
2.285156250000000000e-01   -1.534432139999547751e+00
2.287597656250000000e-01   -1.520912822808089260e+00
2.290039062500000000e-01   -1.496159734440960065e+00
2.292480468750000000e-01   -1.456276590635700252e+00
2.294921875000000000e-01   -1.397823165748348195e+00
2.297363281250000000e-01   -1.317944478047024415e+00
2.299804687500000000e-01   -1.214881802075904238e+00
2.302246093750000000e-01   -1.087725831787315744e+00
2.304687500000000000e-01   -9.372459933785208808e-01
2.307128906250000000e-01   -7.659177949926417872e-01
2.309570312500000000e-01   -5.786591692142325494e-01
2.312011718750000000e-01   -3.823716900649927197e-01
2.314453125000000000e-01   -1.852905167415977161e-01
2.316894531250000000e-01   5.205625513112192675e-03
2.319335937500000000e-01   1.839591461157390195e-01
2.321777343750000000e-01   3.494864863100246022e-01
2.324218750000000000e-01   5.035850706559205081e-01
2.326660156250000000e-01   6.505471962379433259e-01
2.329101562500000000e-01   7.948466728970934314e-01
2.331542968750000000e-01   9.395269757509768782e-01
2.333984375000000000e-01   1.084562643366463019e+00
2.336425781250000000e-01   1.227113658949659625e+00
2.338867187500000000e-01   1.361857010721572170e+00
2.341308593750000000e-01   1.482645681609032096e+00
2.343750000000000000e-01   1.583438744835286460e+00
2.346191406250000000e-01   1.659526745488771660e+00
2.348632812500000000e-01   1.707482753341468484e+00
2.351074218750000000e-01   1.725381924522007893e+00
2.353515625000000000e-01   1.712148545347950135e+00
2.355957031250000000e-01   1.668648349484966431e+00
2.358398437500000000e-01   1.596960757524494401e+00
2.360839843750000000e-01   1.501179549509286337e+00
2.363281250000000000e-01   1.386813529503413411e+00
2.365722656250000000e-01   1.260220250362236394e+00
2.368164062500000000e-01   1.126653059396476309e+00
2.370605468750000000e-01   9.890808300658868735e-01
2.373046875000000000e-01   8.468960020294538094e-01
2.375488281250000000e-01   6.965556453942733928e-01
2.377929687500000000e-01   5.325677107998885162e-01
2.380371093750000000e-01   3.502191024108829431e-01
2.382812500000000000e-01   1.476009293375455944e-01
2.385253906250000000e-01   -7.252342299697726868e-02
2.387695312500000000e-01   -3.032517033500909953e-01
2.390136718750000000e-01   -5.347879968046492793e-01
2.392578125000000000e-01   -7.572637850500958390e-01
2.395019531250000000e-01   -9.625865081072491058e-01
2.397460937500000000e-01   -1.146155200835565768e+00
2.399902343750000000e-01   -1.305976751573294958e+00
2.402343750000000000e-01   -1.441891653726449674e+00
2.404785156250000000e-01   -1.553895966684940344e+00
2.407226562500000000e-01   -1.642439812834766144e+00
2.409667968750000000e-01   -1.706839205587703967e+00
2.412109375000000000e-01   -1.749281015107835069e+00
2.414550781250000000e-01   -1.771850334762174795e+00
2.416992187500000000e-01   -1.777077942446602110e+00
2.419433593750000000e-01   -1.766437162558469831e+00
2.421875000000000000e-01   -1.738899259185469282e+00
2.424316406250000000e-01   -1.690377883800723513e+00
2.426757812500000000e-01   -1.614789968824582367e+00
2.429199218750000000e-01   -1.505803630336600252e+00
2.431640625000000000e-01   -1.359647718101008707e+00
2.434082031250000000e-01   -1.176838915159013066e+00
2.436523437500000000e-01   -9.628949097522733203e-01
2.438964843750000000e-01   -7.268429364807277304e-01
2.441406250000000000e-01   -4.794050372216186462e-01
2.443847656250000000e-01   -2.302136230127548588e-01
2.446289062500000000e-01   1.377464811567553904e-02
2.448730468750000000e-01   2.491125750715570408e-01
2.451171875000000000e-01   4.747267280683401536e-01
2.453613281250000000e-01   6.908728676715503170e-01
2.456054687500000000e-01   8.976527521557886580e-01
2.458496093750000000e-01   1.094631019797019933e+00
2.460937500000000000e-01   1.280433731024678723e+00
2.463378906250000000e-01   1.453632634348540176e+00
2.465820312500000000e-01   1.612561143301172839e+00
2.468261718750000000e-01   1.755223422750181728e+00
2.470703125000000000e-01   1.878219264472456462e+00
2.473144531250000000e-01   1.976537716285842405e+00
2.475585937500000000e-01   2.043256056044505442e+00
2.478027343750000000e-01   2.070883502049720715e+00
2.480468750000000000e-01   2.052707434854746715e+00
2.482910156250000000e-01   1.986338743178882815e+00
2.485351562500000000e-01   1.872892267920027276e+00
2.487792968750000000e-01   1.718840929106454585e+00
2.490234375000000000e-01   1.533222297962585357e+00
2.492675781250000000e-01   1.325527451666651757e+00
2.495117187500000000e-01   1.103319406275943049e+00
2.497558593750000000e-01   8.711881116162856209e-01
2.500000000000000000e-01   6.308170961740559024e-01
2.502441406250000000e-01   3.824708512099018187e-01
2.504882812500000000e-01   1.261654010100074497e-01
2.507324218750000000e-01   -1.371650092949961153e-01
2.509765625000000000e-01   -4.055864172663210532e-01
2.512207031250000000e-01   -6.758286320911043310e-01
2.514648437500000000e-01   -9.439658766152506653e-01
2.517089843750000000e-01   -1.205156609809958423e+00
2.519531250000000000e-01   -1.453522648992818134e+00
2.521972656250000000e-01   -1.681323152549253352e+00
2.524414062500000000e-01   -1.879574959001900414e+00
2.526855468750000000e-01   -2.038523579785228357e+00
2.529296875000000000e-01   -2.149642001001728087e+00
2.531738281250000000e-01   -2.206672804290197742e+00
2.534179687500000000e-01   -2.209367294421166861e+00
2.536621093750000000e-01   -2.159309948267436940e+00
2.539062500000000000e-01   -2.063199695489845720e+00
2.541503906250000000e-01   -1.929243090470049937e+00
2.543945312500000000e-01   -1.764880999336584821e+00
2.546386718750000000e-01   -1.575277259172593869e+00
2.548828125000000000e-01   -1.362300353133525377e+00
2.551269531250000000e-01   -1.125307182007312390e+00
2.553710937500000000e-01   -8.628358251163374959e-01
2.556152343750000000e-01   -5.746026709061440307e-01
2.558593750000000000e-01   -2.628527679696244235e-01
2.561035156250000000e-01   6.724007905824823383e-02
2.563476562500000000e-01   4.081246075651398519e-01
2.565917968750000000e-01   7.508742719449670311e-01
2.568359375000000000e-01   1.085953192486778462e+00
2.570800781250000000e-01   1.403405447711645104e+00
2.573242187500000000e-01   1.692595148639666425e+00
2.575683593750000000e-01   1.942444866427347483e+00
2.578125000000000000e-01   2.142174480462737396e+00
2.580566406250000000e-01   2.282737966871179580e+00
2.583007812500000000e-01   2.358804330385010584e+00
2.585449218750000000e-01   2.369542627826223047e+00
2.587890625000000000e-01   2.319374694016638649e+00
2.590332031250000000e-01   2.214440552022663766e+00
2.592773437500000000e-01   2.061522910329480762e+00
2.595214843750000000e-01   1.865716159901981364e+00
2.597656250000000000e-01   1.629192950070640578e+00
2.600097656250000000e-01   1.352135282575962272e+00
2.602539062500000000e-01   1.034517699848624073e+00
2.604980468750000000e-01   6.781092656861116286e-01
2.607421875000000000e-01   2.877387328661104582e-01
2.609863281250000000e-01   -1.281911371370183517e-01
2.612304687500000000e-01   -5.581125078307054288e-01
2.614746093750000000e-01   -9.882154636194704356e-01
2.617187500000000000e-01   -1.403604662732421904e+00
2.619628906250000000e-01   -1.789354933544984094e+00
2.622070312500000000e-01   -2.129565364488438917e+00
2.624511718750000000e-01   -2.409639837165853837e+00
2.626953125000000000e-01   -2.616999097204966596e+00
2.629394531250000000e-01   -2.741264790122709183e+00
2.631835937500000000e-01   -2.775567705586582168e+00
2.634277343750000000e-01   -2.717486332093256518e+00
2.636718750000000000e-01   -2.569102086188314260e+00
2.639160156250000000e-01   -2.336419975288123396e+00
2.641601562500000000e-01   -2.027780647517022583e+00
2.644042968750000000e-01   -1.652575650806474394e+00
2.646484375000000000e-01   -1.219992668109785683e+00
2.648925781250000000e-01   -7.387922694416516611e-01
2.651367187500000000e-01   -2.180455310669352775e-01
2.653808593750000000e-01   3.307416105413179541e-01
2.656250000000000000e-01   8.923507274998492278e-01
2.658691406250000000e-01   1.447272001121727270e+00
2.661132812500000000e-01   1.972730450609237796e+00
2.663574218750000000e-01   2.443635773056278548e+00
2.666015625000000000e-01   2.835072924105174419e+00
2.668457031250000000e-01   3.123383886185032932e+00
2.670898437500000000e-01   3.287759884223857121e+00
2.673339843750000000e-01   3.310193875822508236e+00
2.675781250000000000e-01   3.177220994611887228e+00
2.678222656250000000e-01   2.881025173492504088e+00
2.680664062500000000e-01   2.421874086633883039e+00
2.683105468750000000e-01   1.809612595424650472e+00
2.685546875000000000e-01   1.066602347319564270e+00
2.687988281250000000e-01   2.260865520148161723e-01
2.690429687500000000e-01   -6.674968221635989574e-01
2.692871093750000000e-01   -1.563835622687953286e+00
2.695312500000000000e-01   -2.406891465711739286e+00
2.697753906250000000e-01   -3.141096692029009319e+00
2.700195312500000000e-01   -3.710901899442574425e+00
2.702636718750000000e-01   -4.063339132576493817e+00
2.705078125000000000e-01   -4.147188574285013196e+00
2.707519531250000000e-01   -3.917502418956548382e+00
2.709960937500000000e-01   -3.339110321712491558e+00
2.712402343750000000e-01   -2.398583402482066695e+00
2.714843750000000000e-01   -1.113546586244002601e+00
2.717285156250000000e-01   4.504743422813917708e-01
2.719726562500000000e-01   2.170780392371742806e+00
2.722167968750000000e-01   3.853286017311964073e+00
2.724609375000000000e-01   5.231103308638402893e+00
2.727050781250000000e-01   5.970429577013423028e+00
2.729492187500000000e-01   5.720159129506050988e+00
2.731933593750000000e-01   4.236503685178989009e+00
2.734375000000000000e-01   1.626076629806993301e+00
2.736816406250000000e-01   -1.458791817227765186e+00
2.739257812500000000e-01   -4.010299495772429168e+00
2.741699218750000000e-01   -5.196578980856840779e+00
2.744140625000000000e-01   -4.716563606297868638e+00
2.746582031250000000e-01   -2.889342122647682753e+00
2.749023437500000000e-01   -4.631672559805520839e-01
2.751464843750000000e-01   1.648125378679749620e+00
2.753906250000000000e-01   2.853423310436549620e+00
2.756347656250000000e-01   2.862091147371377264e+00
2.758789062500000000e-01   1.812464357247567159e+00
2.761230468750000000e-01   2.377885941216549837e-01
2.763671875000000000e-01   -1.137748515932066162e+00
2.766113281250000000e-01   -1.766958771225303426e+00
2.768554687500000000e-01   -1.512022704235848725e+00
2.770996093750000000e-01   -6.663036560047811419e-01
2.773437500000000000e-01   2.743956829853431700e-01
2.775878906250000000e-01   8.971570067313175967e-01
2.778320312500000000e-01   9.820333164746978261e-01
2.780761718750000000e-01   5.535082208212339649e-01
2.783203125000000000e-01   -1.052396811969358442e-01
2.785644531250000000e-01   -6.342842954244225506e-01
2.788085937500000000e-01   -8.056425593973145505e-01
2.790527343750000000e-01   -6.222530308954420386e-01
2.792968750000000000e-01   -2.376014774053765155e-01
2.795410156250000000e-01   1.498128615056061042e-01
2.797851562500000000e-01   3.740797556081943975e-01
2.800292968750000000e-01   3.709618777227204900e-01
2.802734375000000000e-01   1.808504252850018923e-01
2.805175781250000000e-01   -6.527095771397090074e-02
2.807617187500000000e-01   -2.453749897694680049e-01
2.810058593750000000e-01   -3.000873298025471536e-01
2.812500000000000000e-01   -2.389325624048822816e-01
2.814941406250000000e-01   -1.107649904860559531e-01
2.817382812500000000e-01   8.184981983795693375e-03
2.819824218750000000e-01   5.980016822199479137e-02
2.822265625000000000e-01   3.108929581359766436e-02
2.824707031250000000e-01   -4.392091025764486428e-02
2.827148437500000000e-01   -1.166550765945629231e-01
2.829589843750000000e-01   -1.486946015554338196e-01
2.832031250000000000e-01   -1.298947867760319730e-01
2.834472656250000000e-01   -7.169101786892105588e-02
2.836914062500000000e-01   -6.139170144608809519e-03
2.839355468750000000e-01   3.582660866636194763e-02
2.841796875000000000e-01   3.704843377110613595e-02
2.844238281250000000e-01   3.414268386205927298e-03
2.846679687500000000e-01   -4.796320906408586826e-02
2.849121093750000000e-01   -9.553973150625730271e-02
2.851562500000000000e-01   -1.244321637266194158e-01
2.854003906250000000e-01   -1.256950090631251959e-01
2.856445312500000000e-01   -1.043148382178207684e-01
2.858886718750000000e-01   -7.090665848164431906e-02
2.861328125000000000e-01   -3.869087342383184525e-02
2.863769531250000000e-01   -1.466810018089025926e-02
2.866210937500000000e-01   -2.691453999105563374e-03
2.868652343750000000e-01   -1.895109099805503507e-04
2.871093750000000000e-01   -4.135859536605345638e-03
2.873535156250000000e-01   -9.597310405719169588e-03
2.875976562500000000e-01   -1.679607428707465336e-02
2.878417968750000000e-01   -2.587644957725697414e-02
2.880859375000000000e-01   -3.891494113921273312e-02
2.883300781250000000e-01   -5.415314303730548590e-02
2.885742187500000000e-01   -6.935427537622305960e-02
2.888183593750000000e-01   -7.826710671563257005e-02
2.890625000000000000e-01   -7.675360069866779544e-02
2.893066406250000000e-01   -6.123556541083684246e-02
2.895507812500000000e-01   -3.468466467141033405e-02
2.897949218750000000e-01   -2.327207735728289029e-03
2.900390625000000000e-01   2.617615331822495742e-02
2.902832031250000000e-01   4.376480870821840979e-02
2.905273437500000000e-01   4.473611025217950898e-02
2.907714843750000000e-01   3.062877380786727458e-02
2.910156250000000000e-01   5.499290307561065586e-03
2.912597656250000000e-01   -2.160360910679960667e-02
2.915039062500000000e-01   -4.369315047704246113e-02
2.917480468750000000e-01   -5.414069614180454237e-02
2.919921875000000000e-01   -5.222099576418895439e-02
2.922363281250000000e-01   -3.866704395552526125e-02
2.924804687500000000e-01   -1.843347443060924795e-02
2.927246093750000000e-01   5.256568973348153470e-03
2.929687500000000000e-01   2.772499038403410457e-02
2.932128906250000000e-01   4.718084473598883194e-02
2.934570312500000000e-01   6.028790322602976121e-02
2.937011718750000000e-01   6.633994173169029118e-02
2.939453125000000000e-01   6.266687210159137267e-02
2.941894531250000000e-01   5.026319886478988058e-02
2.944335937500000000e-01   2.973119540416770817e-02
2.946777343750000000e-01   6.519200377571245271e-03
2.949218750000000000e-01   -1.445157052034523951e-02
2.951660156250000000e-01   -2.569493154949139754e-02
2.954101562500000000e-01   -2.406307750203484988e-02
2.956542968750000000e-01   -7.618190972424737466e-03
2.958984375000000000e-01   1.885813343027360062e-02
2.961425781250000000e-01   4.986331391290677734e-02
2.963867187500000000e-01   7.632700914234194500e-02
2.966308593750000000e-01   9.294889426938710009e-02
2.968750000000000000e-01   9.511150674194900068e-02
2.971191406250000000e-01   8.487809148710438734e-02
2.973632812500000000e-01   6.475162778454186807e-02
2.976074218750000000e-01   4.126787175039196148e-02
2.978515625000000000e-01   1.840431056149572503e-02
2.980957031250000000e-01   1.594456665886581290e-03
2.983398437500000000e-01   -8.329782534380015049e-03
2.985839843750000000e-01   -9.226673404001713499e-03
2.988281250000000000e-01   -2.630072118421825089e-03
2.990722656250000000e-01   1.222516747217695064e-02
2.993164062500000000e-01   3.210557487933710791e-02
2.995605468750000000e-01   5.517765780130791387e-02
2.998046875000000000e-01   7.555991142682089157e-02
3.000488281250000000e-01   8.991909922513888209e-02
3.002929687500000000e-01   9.236202490594390413e-02
3.005371093750000000e-01   8.240334604467379476e-02
3.007812500000000000e-01   6.037784061239991756e-02
3.010253906250000000e-01   3.336873727764740755e-02
3.012695312500000000e-01   6.842655026536055909e-03
3.015136718750000000e-01   -1.061233735470020444e-02
3.017578125000000000e-01   -1.586821110344686925e-02
3.020019531250000000e-01   -6.147175573363129926e-03
3.022460937500000000e-01   1.360989836663097433e-02
3.024902343750000000e-01   3.978229129223802285e-02
3.027343750000000000e-01   6.479846367792191364e-02
3.029785156250000000e-01   8.549766193716307194e-02
3.032226562500000000e-01   9.697710075514867634e-02
3.034667968750000000e-01   1.005862962862886789e-01
3.037109375000000000e-01   9.523688721683494507e-02
3.039550781250000000e-01   8.448428875444248531e-02
3.041992187500000000e-01   6.794815939831649887e-02
3.044433593750000000e-01   5.046227361665357736e-02
3.046875000000000000e-01   3.345414122650459260e-02
3.049316406250000000e-01   2.326550234691688798e-02
3.051757812500000000e-01   2.179126898132867016e-02
3.054199218750000000e-01   3.412563047901817637e-02
3.056640625000000000e-01   5.740317950114483952e-02
3.059082031250000000e-01   8.997052931083314442e-02
3.061523437500000000e-01   1.220283038119273911e-01
3.063964843750000000e-01   1.485277387967998963e-01
3.066406250000000000e-01   1.610344424080066283e-01
3.068847656250000000e-01   1.602271668285557282e-01
3.071289062500000000e-01   1.456700191790946397e-01
3.073730468750000000e-01   1.267257732342889354e-01
3.076171875000000000e-01   1.075483102039407196e-01
3.078613281250000000e-01   9.746070189528739658e-02
3.081054687500000000e-01   9.630746665841619092e-02
3.083496093750000000e-01   1.080059853318088153e-01
3.085937500000000000e-01   1.269480341872817886e-01
3.088378906250000000e-01   1.542375805634742525e-01
3.090820312500000000e-01   1.827358964176707679e-01
3.093261718750000000e-01   2.141817021075353988e-01
3.095703125000000000e-01   2.411004907258004759e-01
3.098144531250000000e-01   2.657738339616056433e-01
3.100585937500000000e-01   2.804308642138268470e-01
3.103027343750000000e-01   2.888495592107616083e-01
3.105468750000000000e-01   2.849941620547239429e-01
3.107910156250000000e-01   2.792413758572607763e-01
3.110351562500000000e-01   2.703635576505998839e-01
3.112792968750000000e-01   2.736791152318222009e-01
3.115234375000000000e-01   2.865046907344904747e-01
3.117675781250000000e-01   3.232770775249800277e-01
3.120117187500000000e-01   3.714569312774200771e-01
3.122558593750000000e-01   4.382553828828965603e-01
3.125000000000000000e-01   4.886398273911171097e-01
3.127441406250000000e-01   4.862746234733587580e-01
3.129882812500000000e-01   1.398762823454565429e-01
3.132324218750000000e-01   -1.450361207679149410e-02
3.134765625000000000e-01   -6.876122217483417176e-02
3.137207031250000000e-01   -1.357240220504029038e-01
3.139648437500000000e-01   -1.863242565240297577e-01
3.142089843750000000e-01   -2.426936695943043842e-01
3.144531250000000000e-01   -2.846974697428026890e-01
3.146972656250000000e-01   -3.249966815597397640e-01
3.149414062500000000e-01   -3.511254033259554874e-01
3.151855468750000000e-01   -3.744311084630158049e-01
3.154296875000000000e-01   -3.864636938299313429e-01
3.156738281250000000e-01   -3.957946177774808727e-01
3.159179687500000000e-01   -3.980847073882577414e-01
3.161621093750000000e-01   -4.039920284349555191e-01
3.164062500000000000e-01   -4.114577125313726436e-01
3.166503906250000000e-01   -4.303261887254036244e-01
3.168945312500000000e-01   -4.574165872972075775e-01
3.171386718750000000e-01   -4.956621066630325090e-01
3.173828125000000000e-01   -5.355179658724499303e-01
3.176269531250000000e-01   -5.741603754908043422e-01
3.178710937500000000e-01   -6.000749006548338205e-01
3.181152343750000000e-01   -6.124219230022904803e-01
3.183593750000000000e-01   -6.068569008755042571e-01
3.186035156250000000e-01   -5.894167055686001522e-01
3.188476562500000000e-01   -5.627766196461914117e-01
3.190917968750000000e-01   -5.365746594767806243e-01
3.193359375000000000e-01   -5.130632201675332515e-01
3.195800781250000000e-01   -4.986907700680780486e-01
3.198242187500000000e-01   -4.915771988651731483e-01
3.200683593750000000e-01   -4.932934220036376827e-01
3.203125000000000000e-01   -4.989767093430773071e-01
3.205566406250000000e-01   -5.074596604089411933e-01
3.208007812500000000e-01   -5.124822427128863378e-01
3.210449218750000000e-01   -5.118905497752489486e-01
3.212890625000000000e-01   -4.997028015706621029e-01
3.215332031250000000e-01   -4.759029204188489626e-01
3.217773437500000000e-01   -4.383609930215543460e-01
3.220214843750000000e-01   -3.916140653234574387e-01
3.222656250000000000e-01   -3.387805428513591122e-01
3.225097656250000000e-01   -2.882093920998461956e-01
3.227539062500000000e-01   -2.435424821817193941e-01
3.229980468750000000e-01   -2.105345760193207683e-01
3.232421875000000000e-01   -1.877333102608113036e-01
3.234863281250000000e-01   -1.744641671842651898e-01
3.237304687500000000e-01   -1.644024130645421744e-01
3.239746093750000000e-01   -1.536908709076870716e-01
3.242187500000000000e-01   -1.360775111027292539e-01
3.244628906250000000e-01   -1.101813636651063771e-01
3.247070312500000000e-01   -7.299238852755243756e-02
3.249511718750000000e-01   -2.667627755657684882e-02
3.251953125000000000e-01   2.765104182514145290e-02
3.254394531250000000e-01   8.534760673008665033e-02
3.256835937500000000e-01   1.437150936414294533e-01
3.259277343750000000e-01   1.966109302696865679e-01
3.261718750000000000e-01   2.411829046421814227e-01
3.264160156250000000e-01   2.736821092076539563e-01
3.266601562500000000e-01   2.948976617331220407e-01
3.269042968750000000e-01   3.059719828279092724e-01
3.271484375000000000e-01   3.129692930957372887e-01
3.273925781250000000e-01   3.208689167831038080e-01
3.276367187500000000e-01   3.366821079259396665e-01
3.278808593750000000e-01   3.626360632036060294e-01
3.281250000000000000e-01   4.004501900926887847e-01
3.283691406250000000e-01   4.463146728336002678e-01
3.286132812500000000e-01   4.963025876521472424e-01
3.288574218750000000e-01   5.432931295886632705e-01
3.291015625000000000e-01   5.830674798941597459e-01
3.293457031250000000e-01   6.113187706703788749e-01
3.295898437500000000e-01   6.279919477809977613e-01
3.298339843750000000e-01   6.328555491059202343e-01
3.300781250000000000e-01   6.293565363031891069e-01
3.303222656250000000e-01   6.199277707366739332e-01
3.305664062500000000e-01   6.093240105236813475e-01
3.308105468750000000e-01   6.001343059057462348e-01
3.310546875000000000e-01   5.967346082477383851e-01
3.312988281250000000e-01   6.007732206296457766e-01
3.315429687500000000e-01   6.139019565826940861e-01
3.317871093750000000e-01   6.336777707669213333e-01
3.320312500000000000e-01   6.567530694764793786e-01
3.322753906250000000e-01   6.761731190115204404e-01
3.325195312500000000e-01   6.863321477731446629e-01
3.327636718750000000e-01   6.814464040176776427e-01
3.330078125000000000e-01   6.607736843277619565e-01
3.332519531250000000e-01   6.256954251902178132e-01
3.334960937500000000e-01   5.824382101784115751e-01
3.337402343750000000e-01   5.374398878997003193e-01
3.339843750000000000e-01   4.981781467587483858e-01
3.342285156250000000e-01   4.679566423704861200e-01
3.344726562500000000e-01   4.485013783038398483e-01
3.347167968750000000e-01   4.372550561400965208e-01
3.349609375000000000e-01   4.311786026911936243e-01
3.352050781250000000e-01   4.250291859038800024e-01
3.354492187500000000e-01   4.152531398712323019e-01
3.356933593750000000e-01   3.980123688149993511e-01
3.359375000000000000e-01   3.719301372280125473e-01
3.361816406250000000e-01   3.349697557795082714e-01
3.364257812500000000e-01   2.877061584930606930e-01
3.366699218750000000e-01   2.311473720203502946e-01
3.369140625000000000e-01   1.695523560995667867e-01
3.371582031250000000e-01   1.073845918168712665e-01
3.374023437500000000e-01   5.126198112458633938e-02
3.376464843750000000e-01   5.548328133848247530e-03
3.378906250000000000e-01   -2.669924415853721159e-02
3.381347656250000000e-01   -4.735475066444889275e-02
3.383789062500000000e-01   -6.024663001979256582e-02
3.386230468750000000e-01   -7.283239582532950729e-02
