0.000000000000000000e+00   3.260830876537913481e-01
2.441406250000000000e-04   -2.829431413162433184e-01
4.882812500000000000e-04   1.069469455906016053e+00
7.324218750000000000e-04   -1.081894373095665607e+00
9.765625000000000000e-04   1.077284019288258676e+00
1.220703125000000000e-03   4.206534120526711495e-01
1.464843750000000000e-03   -3.085482851294329976e+00
1.708984375000000000e-03   -5.893525439113794784e-01
1.953125000000000000e-03   1.200815390195093119e-01
2.197265625000000000e-03   -4.674206160968196605e-02
2.441406250000000000e-03   -1.984712995941915858e+00
2.685546875000000000e-03   -3.976675409858787535e-01
2.929687500000000000e-03   -1.723759401529921353e+00
3.173828125000000000e-03   -6.048764666229687892e-01
3.417968750000000000e-03   -1.713435961055136847e+00
3.662109375000000000e-03   -6.257545889741403800e-01
3.906250000000000000e-03   9.517605861121962718e-01
4.150390625000000000e-03   -2.384294885087543947e-01
4.394531250000000000e-03   -1.275864981515061336e+00
4.638671875000000000e-03   -6.563117129282252105e-01
4.882812500000000000e-03   5.318880118663544404e-02
5.126953125000000000e-03   2.056244936260809841e-01
5.371093750000000000e-03   -1.359894690529020789e+00
5.615234375000000000e-03   4.303658295907858422e-01
5.859375000000000000e-03   -9.401357067153111036e-01
6.103515625000000000e-03   6.865341491075747093e-01
6.347656250000000000e-03   -5.575359227245070270e-01
6.591796875000000000e-03   -1.220561977829700773e+00
6.835937500000000000e-03   -4.206997199174400959e-01
7.080078125000000000e-03   -6.907309163238243288e-01
7.324218750000000000e-03   -9.085487544098538315e-01
7.568359375000000000e-03   1.201117357306259237e+00
7.812500000000000000e-03   4.025471349448326297e-01
8.056640625000000000e-03   -4.740589959515166263e-01
8.300781250000000000e-03   -1.715543705194524593e+00
8.544921875000000000e-03   -1.004785229743740516e+00
8.789062500000000000e-03   1.764761154201487103e-01
9.033203125000000000e-03   -1.186513438794651654e+00
9.277343750000000000e-03   -7.061519969285728893e-01
9.521484375000000000e-03   -8.282763764299363451e-01
9.765625000000000000e-03   -1.587958705231225620e+00
1.000976562500000000e-02   -2.715503863894326297e+00
1.025390625000000000e-02   5.019331289910011762e-01
1.049804687500000000e-02   8.372599201222247212e-01
1.074218750000000000e-02   -8.673722646322147289e-01
1.098632812500000000e-02   -1.239537899322335157e+00
1.123046875000000000e-02   -1.219884192232752795e+00
1.147460937500000000e-02   -1.130936783511920174e+00
1.171875000000000000e-02   7.146240870454502181e-01
1.196289062500000000e-02   2.137374119952678841e-01
1.220703125000000000e-02   1.022408747763331238e+00
1.245117187500000000e-02   -8.832133128426743474e-01
1.269531250000000000e-02   -2.291635553914821877e+00
1.293945312500000000e-02   1.877935268386892398e+00
1.318359375000000000e-02   -1.209346878969046246e+00
1.342773437500000000e-02   -1.369640871688537320e+00
1.367187500000000000e-02   4.696106816146438656e-01
1.391601562500000000e-02   5.402359906924142363e-01
1.416015625000000000e-02   3.719028609886578240e-01
1.440429687500000000e-02   6.908959260226551491e-01
1.464843750000000000e-02   -1.480345940532233451e+00
1.489257812500000000e-02   3.820011448918449876e-02
1.513671875000000000e-02   8.392299278611649038e-01
1.538085937500000000e-02   1.112505419534006057e+00
1.562500000000000000e-02   3.685091388027783577e-01
1.586914062500000000e-02   1.355940575524468672e+00
1.611328125000000000e-02   7.717157418105686784e-01
1.635742187500000000e-02   1.078489324967081275e+00
1.660156250000000000e-02   2.036181697868668206e+00
1.684570312500000000e-02   2.182390969949040971e-01
1.708984375000000000e-02   7.608179066641069799e-01
1.733398437500000000e-02   3.064080632368119783e+00
1.757812500000000000e-02   1.323087108005418511e+00
1.782226562500000000e-02   1.179624096282520185e+00
1.806640625000000000e-02   -8.096529536983033681e-01
1.831054687500000000e-02   7.701891257837509830e-01
1.855468750000000000e-02   7.301365156574146642e-01
1.879882812500000000e-02   6.933582929430390784e-01
1.904296875000000000e-02   -8.272262916529823928e-02
1.928710937500000000e-02   8.295295402998088818e-02
1.953125000000000000e-02   1.444140750103605875e+00
1.977539062500000000e-02   -4.776218043511484129e-02
2.001953125000000000e-02   7.589003068366435567e-01
2.026367187500000000e-02   2.175973010453813750e+00
2.050781250000000000e-02   2.215699285100689586e+00
2.075195312500000000e-02   -1.398554347273244236e+00
2.099609375000000000e-02   1.327545916764937828e-01
2.124023437500000000e-02   -7.684987486292148562e-01
2.148437500000000000e-02   8.807005692273993658e-01
2.172851562500000000e-02   8.141738296820015819e-01
2.197265625000000000e-02   1.330259603217137432e+00
2.221679687500000000e-02   1.023649283850093905e+00
2.246093750000000000e-02   4.225883048635076800e-01
2.270507812500000000e-02   7.050779800580871948e-01
2.294921875000000000e-02   4.287656785404591053e-01
2.319335937500000000e-02   9.412599105718998382e-01
2.343750000000000000e-02   2.086898779273636872e+00
2.368164062500000000e-02   1.778882017184303110e-01
2.392578125000000000e-02   -7.638235566518283282e-01
2.416992187500000000e-02   2.604462447078834675e-01
2.441406250000000000e-02   2.717062404550512622e-01
2.465820312500000000e-02   3.698779574498243239e-01
2.490234375000000000e-02   -2.762456711786286379e-01
2.514648437500000000e-02   -1.265980433422295715e+00
2.539062500000000000e-02   3.218268417993607189e-01
2.563476562500000000e-02   -5.741462806608466085e-01
2.587890625000000000e-02   -8.280697637845575720e-02
2.612304687500000000e-02   -1.251451372609475310e-01
2.636718750000000000e-02   -7.854873455640835056e-01
2.661132812500000000e-02   -1.810172101714522530e-01
2.685546875000000000e-02   8.986076171582120242e-01
2.709960937500000000e-02   -3.218239753732376474e-01
2.734375000000000000e-02   -3.914101408863282505e-01
2.758789062500000000e-02   -7.527804958815913494e-01
2.783203125000000000e-02   8.424530914093585343e-01
2.807617187500000000e-02   -9.008848101703766931e-01
2.832031250000000000e-02   -1.184839743697390535e+00
2.856445312500000000e-02   -3.088831695881567030e-01
2.880859375000000000e-02   -4.763587600927612353e-01
2.905273437500000000e-02   -1.843777157466925276e+00
2.929687500000000000e-02   -6.058236932572901301e-01
2.954101562500000000e-02   -1.499762060484276238e-01
2.978515625000000000e-02   -2.517566581797142742e-03
3.002929687500000000e-02   1.071804238335877513e-01
3.027343750000000000e-02   -7.881337538083028615e-01
3.051757812500000000e-02   4.069656973147579571e-01
3.076171875000000000e-02   1.509063055955588650e+00
3.100585937500000000e-02   -2.229092247688619466e+00
3.125000000000000000e-02   -2.617036701964183809e+00
3.149414062500000000e-02   -1.442740079157185829e+00
3.173828125000000000e-02   -1.277937217648557278e+00
3.198242187500000000e-02   1.470767890439708958e-01
3.222656250000000000e-02   -4.179051672287028008e-01
3.247070312500000000e-02   2.042257941706317470e-01
3.271484375000000000e-02   -1.318844788195478568e+00
3.295898437500000000e-02   -1.359341014049685548e+00
3.320312500000000000e-02   -1.050862633216413489e+00
3.344726562500000000e-02   -1.129497834225718506e-01
3.369140625000000000e-02   -2.162861681101053257e+00
3.393554687500000000e-02   -1.258944987433527452e+00
3.417968750000000000e-02   -2.412263949658534357e-01
3.442382812500000000e-02   1.245007352721777316e+00
3.466796875000000000e-02   -6.500718026041940600e-01
3.491210937500000000e-02   -7.280992235369310173e-01
3.515625000000000000e-02   -8.243494633590126019e-01
3.540039062500000000e-02   1.099069280319864006e-01
3.564453125000000000e-02   1.120215994828976935e+00
3.588867187500000000e-02   -9.092067830426772135e-01
3.613281250000000000e-02   -2.467774155786513490e-01
3.637695312500000000e-02   8.295384492687455369e-01
3.662109375000000000e-02   -2.078747385086125554e+00
3.686523437500000000e-02   1.921549148449137878e-01
3.710937500000000000e-02   -1.353729712880713254e-01
3.735351562500000000e-02   7.589027065887160584e-01
3.759765625000000000e-02   -4.453256945392835564e-01
3.784179687500000000e-02   -8.343700974147399974e-01
3.808593750000000000e-02   -6.718052206511024860e-01
3.833007812500000000e-02   3.769095546229563332e-01
3.857421875000000000e-02   1.884017547906597700e+00
3.881835937500000000e-02   -3.133833926742752296e-01
3.906250000000000000e-02   6.607454529567146073e-01
3.930664062500000000e-02   9.601710235166732721e-01
3.955078125000000000e-02   2.561327148944088972e+00
3.979492187500000000e-02   -9.193456954838551132e-02
4.003906250000000000e-02   -8.015876302658557773e-01
4.028320312500000000e-02   3.634899012211411651e-01
4.052734375000000000e-02   1.518836509430088855e+00
4.077148437500000000e-02   6.028173420346051303e-01
4.101562500000000000e-02   1.909156591198868602e+00
4.125976562500000000e-02   1.636607239683436077e-01
4.150390625000000000e-02   5.482200484080842484e-01
4.174804687500000000e-02   3.133578073511358864e-01
4.199218750000000000e-02   2.196444849051451875e+00
4.223632812500000000e-02   -2.361633216604622110e+00
4.248046875000000000e-02   3.519983245128144311e-01
4.272460937500000000e-02   8.489022682193949620e-01
4.296875000000000000e-02   -3.807146332304038872e-01
4.321289062500000000e-02   1.532613930136328684e-01
4.345703125000000000e-02   2.758838407413121807e+00
4.370117187500000000e-02   1.360443352850638332e+00
4.394531250000000000e-02   1.967806986403879133e-01
4.418945312500000000e-02   6.884144889816687929e-01
4.443359375000000000e-02   -1.360014146530875934e+00
4.467773437500000000e-02   1.477171676378051801e+00
4.492187500000000000e-02   1.197732692119275022e+00
4.516601562500000000e-02   9.688699681470856750e-02
4.541015625000000000e-02   1.716479067883779352e+00
4.565429687500000000e-02   1.509437259565429568e-01
4.589843750000000000e-02   4.755419316575696942e-01
4.614257812500000000e-02   -4.549538280068327056e-02
4.638671875000000000e-02   -3.164955174592771203e-01
4.663085937500000000e-02   5.061939135935465961e-01
4.687500000000000000e-02   -2.689826032387248808e-02
4.711914062500000000e-02   -2.689837040524730230e-02
4.736328125000000000e-02   -3.218380963003110162e-01
4.760742187500000000e-02   1.271571978904799671e+00
4.785156250000000000e-02   1.538005947582129940e+00
4.809570312500000000e-02   2.445591496713047097e-01
4.833984375000000000e-02   -6.593211962500978851e-01
4.858398437500000000e-02   -7.033001670552180284e-01
4.882812500000000000e-02   7.714856244231796945e-01
4.907226562500000000e-02   -1.056017342730331432e+00
4.931640625000000000e-02   1.454836670322580794e+00
4.956054687500000000e-02   -7.157558026807072649e-01
4.980468750000000000e-02   3.308769560393910042e-02
5.004882812500000000e-02   -1.869586036360177950e+00
5.029296875000000000e-02   -1.582897361600094921e-01
5.053710937500000000e-02   8.849997382242744681e-01
5.078125000000000000e-02   5.934613140504966244e-01
5.102539062500000000e-02   5.103057613779139468e-01
5.126953125000000000e-02   -2.797738373039557191e-01
5.151367187500000000e-02   -8.417786508689130143e-01
5.175781250000000000e-02   -1.055711422782285691e+00
5.200195312500000000e-02   2.104657733468646708e+00
5.224609375000000000e-02   -1.597641196643595052e+00
5.249023437500000000e-02   -1.931350271189812284e-01
5.273437500000000000e-02   7.429584078486898280e-01
5.297851562500000000e-02   9.870776750532631039e-02
5.322265625000000000e-02   7.222244655160316995e-01
5.346679687500000000e-02   3.612069086812752516e-01
5.371093750000000000e-02   -1.447903200835892079e+00
5.395507812500000000e-02   -7.887771450566497533e-01
5.419921875000000000e-02   -2.181441553911458442e+00
5.444335937500000000e-02   -2.341336389943126761e+00
5.468750000000000000e-02   -7.210260595962210139e-01
5.493164062500000000e-02   -7.801155154723882212e-01
5.517578125000000000e-02   -3.412962297631138231e+00
5.541992187500000000e-02   -1.232556338862155654e+00
5.566406250000000000e-02   -2.438072200111541576e+00
5.590820312500000000e-02   -6.703258780224915503e-01
5.615234375000000000e-02   -6.981727714480416846e-01
5.639648437500000000e-02   -1.298021086038127603e+00
5.664062500000000000e-02   -1.115399805677645295e+00
5.688476562500000000e-02   -5.949897201582208250e-01
5.712890625000000000e-02   -7.949310478685134296e-02
5.737304687500000000e-02   9.154426126123292873e-01
5.761718750000000000e-02   1.028882014248695409e+00
5.786132812500000000e-02   9.333384344890767181e-01
5.810546875000000000e-02   -2.166737804270683299e+00
5.834960937500000000e-02   -2.198310085321578122e-01
5.859375000000000000e-02   -6.656721600058699284e-01
5.883789062500000000e-02   -7.408719407950330460e-01
5.908203125000000000e-02   -1.319513520945429619e+00
5.932617187500000000e-02   -2.055480855597733025e-01
5.957031250000000000e-02   4.638379586742775312e-02
5.981445312500000000e-02   -7.704803635248413940e-01
6.005859375000000000e-02   3.272645123606369166e-01
6.030273437500000000e-02   8.330710749260185344e-02
6.054687500000000000e-02   5.891618669515213957e-01
6.079101562500000000e-02   8.019615108402035342e-02
6.103515625000000000e-02   -9.806940368913017458e-01
6.127929687500000000e-02   -1.019985731360510517e+00
6.152343750000000000e-02   2.519433364254565211e-01
6.176757812500000000e-02   1.581314892131742977e-01
6.201171875000000000e-02   2.381297338923499957e-02
6.225585937500000000e-02   3.645463485083372257e-01
6.250000000000000000e-02   -3.812014387143959349e-01
6.274414062500000000e-02   -6.123299149136123276e-01
6.298828125000000000e-02   5.926547678473901293e-01
6.323242187500000000e-02   1.546635528699176421e+00
6.347656250000000000e-02   6.885485076186051989e-01
6.372070312500000000e-02   -4.848702735081040771e-01
6.396484375000000000e-02   3.927969022742928695e-01
6.420898437500000000e-02   -5.052805619473130783e-01
6.445312500000000000e-02   -1.360379124350835633e-01
6.469726562500000000e-02   4.737211625285529804e-02
6.494140625000000000e-02   2.112023818069785452e+00
6.518554687500000000e-02   1.002080115263260518e-01
6.542968750000000000e-02   -2.222593165045984309e-01
6.567382812500000000e-02   -1.631593249466848805e+00
6.591796875000000000e-02   2.915994339331283935e+00
6.616210937500000000e-02   6.616894575623455399e-01
6.640625000000000000e-02   -4.838496755899235890e-01
6.665039062500000000e-02   2.743844678206149301e-01
6.689453125000000000e-02   7.965139045993722133e-01
6.713867187500000000e-02   -6.449065770799394803e-01
6.738281250000000000e-02   1.563961517639819387e+00
6.762695312500000000e-02   3.629556159702582163e-01
6.787109375000000000e-02   1.151317152481544204e+00
6.811523437500000000e-02   2.320547372188642488e+00
6.835937500000000000e-02   4.283964891488360460e-01
6.860351562500000000e-02   1.369945185622781780e+00
6.884765625000000000e-02   1.313795888137604173e+00
6.909179687500000000e-02   9.759262643109974933e-01
6.933593750000000000e-02   1.674652078174579284e+00
6.958007812500000000e-02   2.517369131587409381e+00
6.982421875000000000e-02   -5.660327073606545856e-01
7.006835937500000000e-02   1.372471708853910899e+00
7.031250000000000000e-02   -5.355798498700929944e-01
7.055664062500000000e-02   1.313877765971754874e+00
7.080078125000000000e-02   1.727867658301081466e+00
7.104492187500000000e-02   1.179703438870954413e+00
7.128906250000000000e-02   7.376310478640865087e-01
7.153320312500000000e-02   6.527181489746926024e-01
7.177734375000000000e-02   2.053280107763456819e+00
7.202148437500000000e-02   6.678035229761003500e-01
7.226562500000000000e-02   1.589667422186454404e+00
7.250976562500000000e-02   6.973357982365261387e-01
7.275390625000000000e-02   7.495200068438060415e-01
7.299804687500000000e-02   7.821334057693717368e-01
7.324218750000000000e-02   -2.963741689240629307e-01
7.348632812500000000e-02   -1.442368464325840538e-01
7.373046875000000000e-02   -1.346966789448702795e-01
7.397460937500000000e-02   1.420602485357883360e+00
7.421875000000000000e-02   -5.947911710691274889e-01
7.446289062500000000e-02   -1.478314224693445977e+00
7.470703125000000000e-02   1.230480359770535770e-01
7.495117187500000000e-02   5.115227538011378472e-02
7.519531250000000000e-02   4.714063124766701973e-01
7.543945312500000000e-02   7.071069015643803857e-01
7.568359375000000000e-02   -2.470245616876433736e+00
7.592773437500000000e-02   3.541710773383338062e-01
7.617187500000000000e-02   -1.362505463727957222e+00
7.641601562500000000e-02   -1.806790302792264102e-01
7.666015625000000000e-02   -8.773446019716266697e-01
7.690429687500000000e-02   -2.258537894234503157e-02
7.714843750000000000e-02   2.281187437298479864e-02
7.739257812500000000e-02   -1.874556457564350520e+00
7.763671875000000000e-02   -1.941681107736618062e+00
7.788085937500000000e-02   6.338169091662471111e-01
7.812500000000000000e-02   -3.303245132975856535e+00
7.836914062500000000e-02   4.083980425631140165e-01
7.861328125000000000e-02   1.567169663829527104e-01
7.885742187500000000e-02   -1.982316615230966583e+00
7.910156250000000000e-02   -1.744803106570371742e+00
7.934570312500000000e-02   -3.716477708809590386e+00
7.958984375000000000e-02   -9.817480758240698657e-02
7.983398437500000000e-02   -1.584249911577895187e-01
8.007812500000000000e-02   -4.450912122614589794e-01
8.032226562500000000e-02   -1.892104841204919063e+00
8.056640625000000000e-02   -7.134636864582086790e-01
8.081054687500000000e-02   -2.288945382489246061e+00
8.105468750000000000e-02   8.227779801605411558e-01
8.129882812500000000e-02   -2.236131977897173884e-01
8.154296875000000000e-02   -9.320704780616915208e-01
8.178710937500000000e-02   -2.555044274226819567e+00
8.203125000000000000e-02   1.470429589602568976e+00
8.227539062500000000e-02   1.082412677071566298e+00
8.251953125000000000e-02   -1.299415349091504135e+00
8.276367187500000000e-02   1.674702929265830809e-01
8.300781250000000000e-02   -1.976387928429292007e+00
8.325195312500000000e-02   3.803692188258825380e-01
8.349609375000000000e-02   -5.507603689874277508e-01
8.374023437500000000e-02   -1.430798266096148019e+00
8.398437500000000000e-02   -6.019817472901592970e-01
8.422851562500000000e-02   1.133975790736950762e-01
8.447265625000000000e-02   1.177626317855925420e+00
8.471679687500000000e-02   3.635649292767476753e-02
8.496093750000000000e-02   -1.614480415886281994e+00
8.520507812500000000e-02   8.873138808580681436e-02
8.544921875000000000e-02   -4.636174122254529406e-01
8.569335937500000000e-02   9.070155416534024795e-01
8.593750000000000000e-02   -2.370021570776842390e-02
8.618164062500000000e-02   4.920230152874815466e-01
8.642578125000000000e-02   1.387604651687356139e+00
8.666992187500000000e-02   -4.658317606456539584e-01
8.691406250000000000e-02   -1.356661024798306303e-01
8.715820312500000000e-02   9.024985023692494446e-01
8.740234375000000000e-02   2.443424687756771130e-01
8.764648437500000000e-02   5.406935851714405050e-01
8.789062500000000000e-02   1.122324937501162634e-01
8.813476562500000000e-02   9.053373328074661996e-01
8.837890625000000000e-02   2.080014000675438346e-01
8.862304687500000000e-02   9.221355251727056945e-01
8.886718750000000000e-02   5.301865787675520414e-01
8.911132812500000000e-02   1.395100671149548166e+00
8.935546875000000000e-02   1.553938272788831121e+00
8.959960937500000000e-02   2.921271568435395705e-01
8.984375000000000000e-02   1.946819378498681141e+00
9.008789062500000000e-02   1.857784973249042640e-02
9.033203125000000000e-02   -4.412723119244900127e-01
9.057617187500000000e-02   -2.991995073370483649e-01
9.082031250000000000e-02   8.605252366718819657e-01
9.106445312500000000e-02   1.230284382088557615e+00
9.130859375000000000e-02   7.643252514719652002e-03
9.155273437500000000e-02   1.446492780181001470e+00
9.179687500000000000e-02   1.927324886061648090e+00
9.204101562500000000e-02   1.644759356102960757e+00
9.228515625000000000e-02   -8.399245573621594296e-01
9.252929687500000000e-02   1.052821216322177733e+00
9.277343750000000000e-02   -1.144972510537470012e-01
9.301757812500000000e-02   8.348324487857207155e-01
9.326171875000000000e-02   1.611511416374424854e+00
9.350585937500000000e-02   -1.608920366202540586e-01
9.375000000000000000e-02   2.682896514868620130e+00
9.399414062500000000e-02   -1.614331144614149227e-01
9.423828125000000000e-02   -4.434567585735820217e-01
9.448242187500000000e-02   4.623817961640332985e-01
9.472656250000000000e-02   -3.540981294723347439e+00
9.497070312500000000e-02   6.597416271943055133e-01
9.521484375000000000e-02   2.436779779582544769e+00
9.545898437500000000e-02   -7.563920159134448484e-01
9.570312500000000000e-02   -1.300767192400874850e-01
9.594726562500000000e-02   -1.416004021027768234e+00
9.619140625000000000e-02   -1.497536200786102834e+00
9.643554687500000000e-02   -1.743889813132651678e+00
9.667968750000000000e-02   -3.495432656535777394e-01
9.692382812500000000e-02   -7.463446515398509673e-01
9.716796875000000000e-02   1.107546764669284367e-01
9.741210937500000000e-02   -2.258481950063060684e-01
9.765625000000000000e-02   -1.147752910477279453e+00
9.790039062500000000e-02   -1.035789909449874147e+00
9.814453125000000000e-02   7.969174051909667933e-02
9.838867187500000000e-02   -1.549250072951312562e+00
9.863281250000000000e-02   6.740095019957380584e-01
9.887695312500000000e-02   7.137698412126504133e-01
9.912109375000000000e-02   -6.786938949409326849e-01
9.936523437500000000e-02   -5.462193627745685065e-01
9.960937500000000000e-02   -1.070602807531093187e-01
9.985351562500000000e-02   1.318427140514591311e+00
1.000976562500000000e-01   -1.225697109319268119e+00
1.003417968750000000e-01   -3.115895829672301609e-01
1.005859375000000000e-01   -9.911897422166705551e-01
1.008300781250000000e-01   -5.410543475081499576e-01
1.010742187500000000e-01   -9.580134225369415502e-01
1.013183593750000000e-01   -1.375970547041262426e+00
1.015625000000000000e-01   -2.752473726610292992e+00
1.018066406250000000e-01   -2.981992737147139971e-01
1.020507812500000000e-01   -1.258872329156075498e+00
1.022949218750000000e-01   -1.377908681013077619e+00
1.025390625000000000e-01   -1.493167645326790138e+00
1.027832031250000000e-01   -2.529244918532570274e+00
1.030273437500000000e-01   -9.842789165823468966e-01
1.032714843750000000e-01   2.990696403710804141e-01
1.035156250000000000e-01   1.423403919126940975e+00
1.037597656250000000e-01   6.699912170271471457e-01
1.040039062500000000e-01   -1.002893062926521139e+00
1.042480468750000000e-01   -1.465812323971934283e+00
1.044921875000000000e-01   6.758923874077543692e-01
1.047363281250000000e-01   4.793074855809585366e-01
1.049804687500000000e-01   1.504062044155791700e-01
1.052246093750000000e-01   -1.155573282643576061e+00
1.054687500000000000e-01   -3.716777588154404621e-01
1.057128906250000000e-01   -2.154699777443747966e+00
1.059570312500000000e-01   -2.535515512917581038e-01
1.062011718750000000e-01   -9.230649741479042270e-01
1.064453125000000000e-01   8.805616091813244228e-01
1.066894531250000000e-01   -3.296633226757655910e-01
1.069335937500000000e-01   1.221735761196186765e+00
1.071777343750000000e-01   1.036073164853215989e+00
1.074218750000000000e-01   1.752348117390231774e+00
1.076660156250000000e-01   2.285321717763772575e+00
1.079101562500000000e-01   1.388512475835487425e+00
1.081542968750000000e-01   6.065364168971674186e-01
1.083984375000000000e-01   7.457932346805097312e-01
1.086425781250000000e-01   3.506103384729856720e-01
1.088867187500000000e-01   1.318773781154713998e+00
1.091308593750000000e-01   -7.391125178200180779e-01
1.093750000000000000e-01   -4.489448359981678127e-01
1.096191406250000000e-01   1.064689323227389767e-01
1.098632812500000000e-01   1.981886692340162903e-01
1.101074218750000000e-01   -3.015811782404380637e-01
1.103515625000000000e-01   3.195742746138476864e+00
1.105957031250000000e-01   1.717516024943498643e+00
1.108398437500000000e-01   1.254332161806229307e+00
1.110839843750000000e-01   1.905681710542080687e+00
1.113281250000000000e-01   7.452442905171675624e-01
1.115722656250000000e-01   5.407782067757353761e-02
1.118164062500000000e-01   1.769550245327589755e+00
1.120605468750000000e-01   1.207445314618018850e+00
1.123046875000000000e-01   3.963271246493355604e-01
1.125488281250000000e-01   1.385906739237531937e+00
1.127929687500000000e-01   6.215329688978665085e-02
1.130371093750000000e-01   7.713500280226051053e-01
1.132812500000000000e-01   9.526996885190924802e-01
1.135253906250000000e-01   9.664732491176689644e-01
1.137695312500000000e-01   9.642018081527533591e-01
1.140136718750000000e-01   4.946484188184305242e-01
1.142578125000000000e-01   -6.431543659127455514e-01
1.145019531250000000e-01   1.197147131529473052e+00
1.147460937500000000e-01   9.170412235084687280e-01
1.149902343750000000e-01   5.715801851935777833e-01
1.152343750000000000e-01   6.689053859881788355e-01
1.154785156250000000e-01   -2.987056522502256617e-01
1.157226562500000000e-01   1.011691376747819726e+00
1.159667968750000000e-01   -1.645204898176716224e+00
1.162109375000000000e-01   6.164066505447330924e-01
1.164550781250000000e-01   3.117784559482972284e+00
1.166992187500000000e-01   6.813620980451261522e-01
1.169433593750000000e-01   4.023995791106971809e-01
1.171875000000000000e-01   -4.454675007423306576e-01
1.174316406250000000e-01   -6.171753907437647069e-01
1.176757812500000000e-01   1.505734108681985595e-01
1.179199218750000000e-01   -3.970425227620157371e-01
1.181640625000000000e-01   5.428174833654471065e-01
1.184082031250000000e-01   -9.670324248471577622e-02
1.186523437500000000e-01   -3.950590851739575748e-02
1.188964843750000000e-01   2.463650411408498664e-01
1.191406250000000000e-01   2.373064836614481976e+00
1.193847656250000000e-01   -1.689930524088981034e+00
1.196289062500000000e-01   3.050303317755218568e-01
1.198730468750000000e-01   -1.939788496964151010e+00
1.201171875000000000e-01   -1.026630269976076981e+00
1.203613281250000000e-01   -1.018423466340814709e+00
1.206054687500000000e-01   -2.031329426262752147e+00
1.208496093750000000e-01   -1.714693339130757277e+00
1.210937500000000000e-01   5.308822637519388099e-01
1.213378906250000000e-01   -1.559815658700769436e+00
1.215820312500000000e-01   -7.199156640659546413e-01
1.218261718750000000e-01   -2.073447380054320444e-01
1.220703125000000000e-01   -2.083772654784884715e+00
1.223144531250000000e-01   -2.229009233587360139e+00
1.225585937500000000e-01   -7.235825207970725259e-01
1.228027343750000000e-01   -1.511544040758022067e+00
1.230468750000000000e-01   -1.515493223197305284e+00
1.232910156250000000e-01   4.956491876588335344e-01
1.235351562500000000e-01   -2.182653663926352738e+00
1.237792968750000000e-01   2.839183083422679998e-01
1.240234375000000000e-01   -1.609227703411136634e+00
1.242675781250000000e-01   5.709760245995961769e-01
1.245117187500000000e-01   1.052104896291872427e+00
1.247558593750000000e-01   -1.514152949551018368e-01
1.250000000000000000e-01   5.069682687946568400e-01
1.252441406250000000e-01   -4.955501809697344662e-01
1.254882812500000000e-01   -1.154856187113579624e+00
1.257324218750000000e-01   -3.141492653517675038e+00
1.259765625000000000e-01   9.576970301275424813e-01
1.262207031250000000e-01   -1.297340096362553652e+00
1.264648437500000000e-01   -9.567076367451137209e-01
1.267089843750000000e-01   -4.091258561919682846e-01
1.269531250000000000e-01   -1.534940692855720545e+00
1.271972656250000000e-01   -1.093207919654983762e+00
1.274414062500000000e-01   1.163220396803497314e+00
1.276855468750000000e-01   3.113231288785262563e-01
1.279296875000000000e-01   -4.617103431960032367e-01
1.281738281250000000e-01   -3.374182417126553313e-01
1.284179687500000000e-01   2.875181120179568645e-02
1.286621093750000000e-01   2.059514983332093596e-01
1.289062500000000000e-01   -8.008149814303338054e-01
1.291503906250000000e-01   8.020851981000016728e-01
1.293945312500000000e-01   -3.292353781658455270e-01
1.296386718750000000e-01   2.162859680248506097e-02
1.298828125000000000e-01   5.296465988749046727e-02
1.301269531250000000e-01   -2.526180560955619825e-01
1.303710937500000000e-01   -1.722078959788559127e-01
1.306152343750000000e-01   2.166281063688712205e+00
1.308593750000000000e-01   6.692807449918246609e-01
1.311035156250000000e-01   -2.607610686752953599e-01
1.313476562500000000e-01   4.468170686713207052e-01
1.315917968750000000e-01   2.574514366690388911e+00
1.318359375000000000e-01   1.287124291349292404e+00
1.320800781250000000e-01   1.908589556027981748e+00
1.323242187500000000e-01   -1.272385252366761699e-01
1.325683593750000000e-01   -4.595781824595248088e-01
1.328125000000000000e-01   -1.231180974079213897e+00
1.330566406250000000e-01   8.194802850604898659e-01
1.333007812500000000e-01   1.454062609209442636e+00
1.335449218750000000e-01   1.294833095409697377e+00
1.337890625000000000e-01   -5.256181089353803015e-01
1.340332031250000000e-01   1.188493208341568463e+00
1.342773437500000000e-01   2.033058454428478434e+00
1.345214843750000000e-01   3.037468379986538736e-01
1.347656250000000000e-01   2.474641651725447034e+00
1.350097656250000000e-01   9.699560383273838626e-01
1.352539062500000000e-01   4.424079337071211149e-01
1.354980468750000000e-01   8.900558218449120540e-01
1.357421875000000000e-01   -6.070541521362029513e-01
1.359863281250000000e-01   -2.168239255419672218e-01
1.362304687500000000e-01   6.265110031793980072e-01
1.364746093750000000e-01   -2.508808997625125992e-01
1.367187500000000000e-01   7.526303044286521970e-01
1.369628906250000000e-01   -2.459025223018840300e+00
1.372070312500000000e-01   2.342260859011785490e-01
1.374511718750000000e-01   2.582899456372337976e+00
1.376953125000000000e-01   -1.842168076432690427e+00
1.379394531250000000e-01   -1.220611593996708599e+00
1.381835937500000000e-01   2.564777346350563536e-01
1.384277343750000000e-01   4.383763905664453397e-02
1.386718750000000000e-01   -8.711066942879678310e-01
1.389160156250000000e-01   -2.472258417785200280e-02
1.391601562500000000e-01   -2.894299080233210808e-01
1.394042968750000000e-01   3.729147749159947844e-01
1.396484375000000000e-01   -6.008531333228068760e-01
1.398925781250000000e-01   -1.253365288347462858e+00
1.401367187500000000e-01   -1.664345909337610063e-01
1.403808593750000000e-01   -1.417631312379938058e-01
1.406250000000000000e-01   -2.475489190942234519e+00
1.408691406250000000e-01   -5.353335039212236968e-01
1.411132812500000000e-01   -9.866463275696237822e-01
1.413574218750000000e-01   -9.959811212565650163e-01
1.416015625000000000e-01   -2.470328021584287104e+00
1.418457031250000000e-01   -1.498495710173602113e-01
1.420898437500000000e-01   2.254278806171301774e-01
1.423339843750000000e-01   5.474222986689217807e-01
1.425781250000000000e-01   -7.345270676036990132e-01
1.428222656250000000e-01   -4.833131359045000353e-01
1.430664062500000000e-01   1.668796654322702022e-01
1.433105468750000000e-01   -1.734838710261198846e+00
1.435546875000000000e-01   -6.555089609835126341e-01
1.437988281250000000e-01   -4.766445879612217773e-01
1.440429687500000000e-01   1.100886669614782987e+00
1.442871093750000000e-01   -1.224697480527901394e+00
1.445312500000000000e-01   9.357379728400680996e-01
1.447753906250000000e-01   8.908651235976672300e-02
1.450195312500000000e-01   -1.557948088229101469e+00
1.452636718750000000e-01   7.634993241061035496e-01
1.455078125000000000e-01   -3.422435137927478666e-01
1.457519531250000000e-01   -6.790333760404997365e-01
1.459960937500000000e-01   -1.521078059861059373e+00
1.462402343750000000e-01   4.342906476533909266e-01
1.464843750000000000e-01   -2.273975499733731920e-01
1.467285156250000000e-01   -1.242345206095026411e+00
1.469726562500000000e-01   -3.642122439855826066e-01
1.472167968750000000e-01   -6.934835767876049717e-01
1.474609375000000000e-01   1.119849153102473238e+00
1.477050781250000000e-01   1.010298698829783293e+00
1.479492187500000000e-01   -8.014877701666793808e-01
1.481933593750000000e-01   -8.896303561568597029e-02
1.484375000000000000e-01   -3.901338808662924151e-01
1.486816406250000000e-01   -6.427924883151011626e-01
1.489257812500000000e-01   5.938639660704314593e-01
1.491699218750000000e-01   -5.493650669190530689e-01
1.494140625000000000e-01   1.625378434185133225e-01
1.496582031250000000e-01   4.870281131299368238e-01
1.499023437500000000e-01   4.214368012904479155e-01
1.501464843750000000e-01   1.683850440975261487e+00
1.503906250000000000e-01   1.601689058666861731e+00
1.506347656250000000e-01   8.064945233904803334e-01
1.508789062500000000e-01   -1.766824532910165127e-02
1.511230468750000000e-01   2.665508297145245731e+00
1.513671875000000000e-01   8.687251868387277920e-01
1.516113281250000000e-01   7.428925984455670983e-01
1.518554687500000000e-01   2.661809244659611551e+00
1.520996093750000000e-01   -1.739757529745320941e+00
1.523437500000000000e-01   1.611908223606111301e+00
1.525878906250000000e-01   2.301546090892815588e+00
1.528320312500000000e-01   1.939005272396205237e+00
1.530761718750000000e-01   1.073884876927612142e+00
1.533203125000000000e-01   1.530806189770099079e+00
1.535644531250000000e-01   8.793236828310821984e-01
1.538085937500000000e-01   2.308419751666772157e+00
1.540527343750000000e-01   1.062274564290631274e+00
1.542968750000000000e-01   9.141437953298193753e-01
1.545410156250000000e-01   1.406888920504458795e-01
1.547851562500000000e-01   3.798299223588575968e-01
1.550292968750000000e-01   -4.059847112666967184e-01
1.552734375000000000e-01   1.007942338320846565e+00
1.555175781250000000e-01   -5.104333878074476250e-01
1.557617187500000000e-01   3.233058081712397031e-02
1.560058593750000000e-01   1.609936394093015866e-01
1.562500000000000000e-01   1.711865883083593332e+00
1.564941406250000000e-01   4.622762918281558275e-01
1.567382812500000000e-01   -1.478766432264248254e-01
1.569824218750000000e-01   1.471420390118578725e+00
1.572265625000000000e-01   -3.950415563701122346e-01
1.574707031250000000e-01   -6.603604166394004826e-01
1.577148437500000000e-01   -3.546279018754860957e-01
1.579589843750000000e-01   2.604781836827984587e-01
1.582031250000000000e-01   -2.604711445511545875e+00
1.584472656250000000e-01   -3.793003711262839528e-01
1.586914062500000000e-01   -8.041498793442100057e-01
1.589355468750000000e-01   -4.128057239597998640e-02
1.591796875000000000e-01   -1.196546467363715394e+00
1.594238281250000000e-01   -3.696670502494844857e-02
1.596679687500000000e-01   -4.593674569743357861e-01
1.599121093750000000e-01   -2.082338203495171847e+00
1.601562500000000000e-01   -2.259062604546675235e-01
1.604003906250000000e-01   1.497629050337311307e-01
1.606445312500000000e-01   7.948831466066144658e-02
1.608886718750000000e-01   -7.411809125985052704e-01
1.611328125000000000e-01   -2.082555785729616638e+00
1.613769531250000000e-01   -4.437709249404388490e-01
1.616210937500000000e-01   -1.020508517002832072e+00
1.618652343750000000e-01   -1.709468365422073810e-01
1.621093750000000000e-01   8.678509329278595585e-02
1.623535156250000000e-01   -1.083809308458318243e+00
1.625976562500000000e-01   -1.152399785084401662e+00
1.628417968750000000e-01   -9.194516707724122995e-01
1.630859375000000000e-01   -5.517929731918405079e-01
1.633300781250000000e-01   -1.797817245286939425e+00
1.635742187500000000e-01   -1.513576847910465650e+00
1.638183593750000000e-01   -1.056640236525480114e+00
1.640625000000000000e-01   -1.534346399335775546e+00
1.643066406250000000e-01   -8.777865157196104162e-01
1.645507812500000000e-01   -1.375809711693062876e-01
1.647949218750000000e-01   8.544479414012952079e-01
1.650390625000000000e-01   -9.916376452365832650e-01
1.652832031250000000e-01   1.299458517639597299e-01
1.655273437500000000e-01   -1.576564097387429086e+00
1.657714843750000000e-01   4.641932066422743142e-01
1.660156250000000000e-01   -9.121300631953929150e-01
1.662597656250000000e-01   6.241936098053053605e-01
1.665039062500000000e-01   -1.407339258781289404e+00
1.667480468750000000e-01   1.394511612213886753e+00
1.669921875000000000e-01   1.732131297315304963e-01
1.672363281250000000e-01   -2.105374040248099987e-01
1.674804687500000000e-01   6.102868626916171380e-01
1.677246093750000000e-01   -1.779701150465826387e-01
1.679687500000000000e-01   5.232722409202348324e-01
1.682128906250000000e-01   1.094311041123323669e+00
1.684570312500000000e-01   1.949132087427999149e+00
1.687011718750000000e-01   6.504787897659954909e-01
1.689453125000000000e-01   1.418219714361937278e+00
1.691894531250000000e-01   1.446078013889766201e+00
1.694335937500000000e-01   1.418147692983844133e+00
1.696777343750000000e-01   5.494640746933628916e-01
1.699218750000000000e-01   1.641847221753274688e+00
1.701660156250000000e-01   9.622987534764206874e-01
1.704101562500000000e-01   1.717659744277076683e+00
1.706542968750000000e-01   4.149861362614660765e-01
1.708984375000000000e-01   4.260086491293914590e-01
1.711425781250000000e-01   1.239204670332750835e+00
1.713867187500000000e-01   1.818746310742381356e+00
1.716308593750000000e-01   1.093457425781775738e+00
1.718750000000000000e-01   2.673042618969126760e+00
1.721191406250000000e-01   5.177845417653176990e-02
1.723632812500000000e-01   -5.113414012783792373e-01
1.726074218750000000e-01   6.099954714980726500e-01
1.728515625000000000e-01   1.587290369338289209e-01
1.730957031250000000e-01   1.983103014887686699e+00
1.733398437500000000e-01   5.825201726422099026e-03
1.735839843750000000e-01   6.927154132128522379e-01
1.738281250000000000e-01   -6.898672715240774522e-01
1.740722656250000000e-01   -7.629003327365484199e-02
1.743164062500000000e-01   1.597776093009175002e-01
1.745605468750000000e-01   -8.064862222487756416e-01
1.748046875000000000e-01   -5.980352996641848801e-02
1.750488281250000000e-01   -1.249804956885058216e+00
1.752929687500000000e-01   -1.325682147260281774e+00
1.755371093750000000e-01   -7.137602272453786867e-01
1.757812500000000000e-01   -1.626907092027786828e+00
1.760253906250000000e-01   8.821747161831867690e-01
1.762695312500000000e-01   -1.001667556532422010e+00
1.765136718750000000e-01   -3.091143889499827768e+00
1.767578125000000000e-01   2.071679163438516103e+00
1.770019531250000000e-01   -3.177811434974661342e+00
1.772460937500000000e-01   -1.616076861745361581e+00
1.774902343750000000e-01   -8.756201771437996939e-01
1.777343750000000000e-01   -1.427554686123441385e+00
1.779785156250000000e-01   6.614456629497774687e-01
1.782226562500000000e-01   -2.151906720000973661e-01
1.784667968750000000e-01   -1.432557039682668565e+00
1.787109375000000000e-01   -1.399928049377289430e+00
1.789550781250000000e-01   1.366838542859891259e+00
1.791992187500000000e-01   -1.022560148731504359e+00
1.794433593750000000e-01   -2.134826207605486470e+00
1.796875000000000000e-01   -2.464977051525393814e-01
1.799316406250000000e-01   5.549289288079676252e-01
1.801757812500000000e-01   -2.502874422213397843e+00
1.804199218750000000e-01   -1.692347874776738648e+00
1.806640625000000000e-01   -9.216063848808401238e-01
1.809082031250000000e-01   -1.129628856893444722e+00
1.811523437500000000e-01   -2.622339375818423246e+00
1.813964843750000000e-01   8.330974851427926098e-02
1.816406250000000000e-01   -1.597430758389080108e+00
1.818847656250000000e-01   -3.834195601595397629e-01
1.821289062500000000e-01   -1.071509418974437189e+00
1.823730468750000000e-01   -1.717321171108549427e+00
1.826171875000000000e-01   -1.687663928534034907e+00
1.828613281250000000e-01   -2.133552439453231031e+00
1.831054687500000000e-01   -2.392509369719204582e+00
1.833496093750000000e-01   6.894086984611077495e-01
1.835937500000000000e-01   2.645699117660227015e-02
1.838378906250000000e-01   -9.584246506968834289e-01
1.840820312500000000e-01   7.455753388256419756e-01
1.843261718750000000e-01   -2.178540896323526432e+00
1.845703125000000000e-01   -7.094310754633695870e-01
1.848144531250000000e-01   -3.884355650406904892e-01
1.850585937500000000e-01   1.269263643493173221e+00
1.853027343750000000e-01   -4.236897767932401027e-01
1.855468750000000000e-01   1.353605477524641998e+00
1.857910156250000000e-01   1.837285064129668966e+00
1.860351562500000000e-01   1.016024564528473784e+00
1.862792968750000000e-01   7.957485975902832687e-01
1.865234375000000000e-01   1.964002132351905905e+00
1.867675781250000000e-01   2.193241761859690886e+00
1.870117187500000000e-01   2.546645308727814694e+00
1.872558593750000000e-01   6.927997992150403128e-01
1.875000000000000000e-01   2.195768346499097134e+00
1.877441406250000000e-01   2.393441480200543481e+00
1.879882812500000000e-01   1.765680688865383985e+00
1.882324218750000000e-01   -2.685874956438385683e-02
1.884765625000000000e-01   7.808531206771511801e-01
1.887207031250000000e-01   1.050904326950157230e+00
1.889648437500000000e-01   2.108897547957890417e+00
1.892089843750000000e-01   2.635543630251858893e+00
1.894531250000000000e-01   1.845400011376592930e+00
1.896972656250000000e-01   3.246070296708890801e+00
1.899414062500000000e-01   2.699523709481093547e+00
1.901855468750000000e-01   7.322598615234696684e-01
1.904296875000000000e-01   -1.241509879031073571e-01
1.906738281250000000e-01   2.505641392191980454e+00
1.909179687500000000e-01   1.680657868015700940e+00
1.911621093750000000e-01   2.011204506292598240e-02
1.914062500000000000e-01   2.145638036134733362e+00
1.916503906250000000e-01   1.427669714088582342e+00
1.918945312500000000e-01   1.117567467662587077e+00
1.921386718750000000e-01   -1.861727991446126218e+00
1.923828125000000000e-01   -4.059770385552043948e-01
1.926269531250000000e-01   8.186584156778227150e-01
1.928710937500000000e-01   5.926821229169517702e-01
1.931152343750000000e-01   -6.557890542189540595e-01
1.933593750000000000e-01   1.082783069247433838e+00
1.936035156250000000e-01   -1.037476664363490064e+00
1.938476562500000000e-01   -4.640031372072556670e-01
1.940917968750000000e-01   7.521151554772852466e-01
1.943359375000000000e-01   3.183698665195308641e-01
1.945800781250000000e-01   -1.291338453629475636e+00
1.948242187500000000e-01   1.419424077902007086e+00
1.950683593750000000e-01   4.226139484039641014e-01
1.953125000000000000e-01   -8.964201240587132968e-01
1.955566406250000000e-01   -5.479189749812057864e-01
1.958007812500000000e-01   -2.325401458694216217e+00
1.960449218750000000e-01   -1.454495426056239271e+00
1.962890625000000000e-01   -2.772296150004755488e-01
1.965332031250000000e-01   -2.371863127647148684e+00
1.967773437500000000e-01   -1.071099427662489223e+00
1.970214843750000000e-01   -9.703067996586282051e-01
1.972656250000000000e-01   5.967287781311416683e-01
1.975097656250000000e-01   -1.972867156198328198e+00
1.977539062500000000e-01   -1.604041714753986270e+00
1.979980468750000000e-01   -9.721298715734566498e-01
1.982421875000000000e-01   -3.867638151144310310e-01
1.984863281250000000e-01   -1.505327776050939370e+00
1.987304687500000000e-01   -6.908295966501849517e-01
1.989746093750000000e-01   -1.973045542732884794e+00
1.992187500000000000e-01   -3.089441166001043015e+00
1.994628906250000000e-01   -1.782900185721659092e+00
1.997070312500000000e-01   -9.024119360357025776e-01
1.999511718750000000e-01   2.172080678699167766e+00
2.001953125000000000e-01   -5.202063014568438781e-01
2.004394531250000000e-01   -2.037613078585014392e+00
2.006835937500000000e-01   -1.422218683771851344e+00
2.009277343750000000e-01   -1.130092618219001865e+00
2.011718750000000000e-01   -3.207204164677250890e-01
2.014160156250000000e-01   -1.659878767602237723e-02
2.016601562500000000e-01   -6.856512736965680865e-01
2.019042968750000000e-01   -2.207580846646616468e+00
2.021484375000000000e-01   1.670801327010035475e+00
2.023925781250000000e-01   8.675491216700659258e-01
2.026367187500000000e-01   2.709596706303561753e+00
2.028808593750000000e-01   5.832519274018953537e-01
2.031250000000000000e-01   9.823585884050277661e-01
2.033691406250000000e-01   -2.361167449210260560e+00
2.036132812500000000e-01   6.526377925275378411e-01
2.038574218750000000e-01   1.493666802270449789e+00
2.041015625000000000e-01   2.016316130672428208e+00
2.043457031250000000e-01   -6.204935153517567720e-02
2.045898437500000000e-01   3.412989943816045812e+00
2.048339843750000000e-01   3.364396248903516184e+00
2.050781250000000000e-01   1.325088654191625359e+00
2.053222656250000000e-01   1.482209052119749737e+00
2.055664062500000000e-01   1.033329813557984256e+00
2.058105468750000000e-01   -4.767680501540381699e-01
2.060546875000000000e-01   1.655474807493864317e-02
2.062988281250000000e-01   -1.607000396589590929e+00
2.065429687500000000e-01   9.778373329188981833e-01
2.067871093750000000e-01   5.612747585592620103e-01
2.070312500000000000e-01   8.847548898053031463e-01
2.072753906250000000e-01   3.396229237406081403e+00
2.075195312500000000e-01   -1.029960114350954248e+00
2.077636718750000000e-01   1.561692767704865759e+00
2.080078125000000000e-01   9.134422331800817751e-01
2.082519531250000000e-01   -3.491987030936805625e-01
2.084960937500000000e-01   -4.300090784007666311e-01
2.087402343750000000e-01   1.738378273583240929e+00
2.089843750000000000e-01   -2.316197195924084851e-01
2.092285156250000000e-01   1.472443973919928428e+00
2.094726562500000000e-01   -4.324181378120210972e-01
2.097167968750000000e-01   -9.173778716208644823e-01
2.099609375000000000e-01   -1.097588797658196835e+00
2.102050781250000000e-01   5.127311417645005198e-01
2.104492187500000000e-01   -3.900151744111078900e-01
2.106933593750000000e-01   -3.459481543077504440e-01
2.109375000000000000e-01   -4.575745566140814735e-01
2.111816406250000000e-01   -4.059758102145206160e-01
2.114257812500000000e-01   -1.287168180353188696e+00
2.116699218750000000e-01   -1.331952035910832111e+00
2.119140625000000000e-01   2.107832221607484902e-01
2.121582031250000000e-01   -2.188115768799421712e+00
2.124023437500000000e-01   -8.394111427149081317e-01
2.126464843750000000e-01   -2.239848564530862340e+00
2.128906250000000000e-01   -1.707118734327465637e+00
2.131347656250000000e-01   3.613659816222088428e-01
2.133789062500000000e-01   -2.137714301526468130e+00
2.136230468750000000e-01   -9.245815654649155446e-01
2.138671875000000000e-01   -1.983485623455569780e+00
2.141113281250000000e-01   -1.633009841151486397e+00
2.143554687500000000e-01   -1.167742798318388564e+00
2.145996093750000000e-01   -1.894519699360560194e+00
2.148437500000000000e-01   -1.286045560194704729e+00
2.150878906250000000e-01   8.569760701571343953e-01
2.153320312500000000e-01   -1.514076881111076300e+00
2.155761718750000000e-01   -1.649608211073044339e+00
2.158203125000000000e-01   -9.849954246979679695e-01
2.160644531250000000e-01   2.962652133950581719e-04
2.163085937500000000e-01   -2.066846769105821657e+00
2.165527343750000000e-01   7.226548885939548805e-02
2.167968750000000000e-01   -1.296345089218360558e+00
2.170410156250000000e-01   1.892643373217162139e+00
2.172851562500000000e-01   1.753260935472277238e-01
2.175292968750000000e-01   -6.236965473153106565e-01
2.177734375000000000e-01   5.139599801180843031e-01
2.180175781250000000e-01   1.431849426393019709e+00
2.182617187500000000e-01   -8.116511894392488546e-01
2.185058593750000000e-01   8.197749925997969145e-01
2.187500000000000000e-01   7.685646357457269484e-02
2.189941406250000000e-01   2.564128822018942044e-02
2.192382812500000000e-01   3.136741051053867912e-01
2.194824218750000000e-01   2.137727866004371702e+00
2.197265625000000000e-01   9.930278924970715737e-01
2.199707031250000000e-01   1.800486283213531324e+00
2.202148437500000000e-01   9.731014141979287269e-01
2.204589843750000000e-01   1.989261218899598838e+00
2.207031250000000000e-01   1.573744776712480142e+00
2.209472656250000000e-01   1.173685399265811835e+00
2.211914062500000000e-01   1.820460977304136696e+00
2.214355468750000000e-01   1.510380725716851336e+00
2.216796875000000000e-01   -1.150953893752432178e+00
2.219238281250000000e-01   2.624897675560960764e+00
2.221679687500000000e-01   2.710671130156312447e+00
2.224121093750000000e-01   3.951941284691355527e+00
2.226562500000000000e-01   1.121201206130485239e+00
2.229003906250000000e-01   1.550312898388135574e+00
2.231445312500000000e-01   2.276277720890760747e+00
2.233886718750000000e-01   -2.879726463735365893e-01
2.236328125000000000e-01   -5.686837422323522961e-01
2.238769531250000000e-01   4.872453194909260876e-01
2.241210937500000000e-01   -1.224534748566906250e+00
2.243652343750000000e-01   1.962419616972371328e+00
2.246093750000000000e-01   -1.408588562901116781e+00
2.248535156250000000e-01   -6.268935513251392422e-01
2.250976562500000000e-01   -1.693841430490252931e+00
2.253417968750000000e-01   -1.113180582106033212e+00
2.255859375000000000e-01   -6.467365734449875836e-01
2.258300781250000000e-01   -2.841099972380862759e-01
2.260742187500000000e-01   -5.864086633528537984e-01
2.263183593750000000e-01   -2.463245620210410269e+00
2.265625000000000000e-01   -1.239693251153121123e+00
2.268066406250000000e-01   5.877445454771138000e-02
2.270507812500000000e-01   -1.325559975097858167e+00
2.272949218750000000e-01   7.514084448495558788e-02
2.275390625000000000e-01   -1.112093264845279039e+00
2.277832031250000000e-01   -1.477192674529990146e+00
2.280273437500000000e-01   -6.199913854654788281e-01
2.282714843750000000e-01   -2.298078079517252181e+00
2.285156250000000000e-01   -1.870123027942012461e+00
2.287597656250000000e-01   -1.567471951226918625e+00
2.290039062500000000e-01   -2.901466535844958283e+00
2.292480468750000000e-01   -2.160647673642126509e+00
2.294921875000000000e-01   -8.304038875040682388e-01
2.297363281250000000e-01   -1.575107979196869845e+00
2.299804687500000000e-01   -8.322232326863568952e-01
2.302246093750000000e-01   1.413382133990820355e-02
2.304687500000000000e-01   1.241322647363132914e+00
2.307128906250000000e-01   -8.341751812604289995e-01
2.309570312500000000e-01   -6.589089999404837972e-01
2.312011718750000000e-01   -1.345663866094803263e+00
2.314453125000000000e-01   -2.265319647838783812e+00
2.316894531250000000e-01   -3.464901730160004911e-01
2.319335937500000000e-01   1.269228344515949791e+00
2.321777343750000000e-01   3.838287050714962456e-01
2.324218750000000000e-01   4.803326513601311465e-01
2.326660156250000000e-01   2.205423341713466989e+00
2.329101562500000000e-01   8.081042954118855537e-01
2.331542968750000000e-01   1.331211174674473918e+00
2.333984375000000000e-01   -1.803498610526721724e-01
2.336425781250000000e-01   4.141003769705390303e-01
2.338867187500000000e-01   3.017091006703162215e+00
2.341308593750000000e-01   2.487723901931533366e+00
2.343750000000000000e-01   1.843861316352306989e+00
2.346191406250000000e-01   1.580611429198353290e+00
2.348632812500000000e-01   9.153700420638309909e-01
2.351074218750000000e-01   3.137086213577926497e+00
2.353515625000000000e-01   -8.110606835259749625e-02
2.355957031250000000e-01   1.111118417172746620e+00
2.358398437500000000e-01   8.140621383994759430e-01
2.360839843750000000e-01   2.145647309389827395e+00
2.363281250000000000e-01   2.575900705109052780e+00
2.365722656250000000e-01   1.601801758031619727e+00
2.368164062500000000e-01   7.153336105380538879e-01
2.370605468750000000e-01   1.297407595481566922e+00
2.373046875000000000e-01   5.230658529473936058e-01
2.375488281250000000e-01   2.480137192164985294e+00
2.377929687500000000e-01   3.127423478674829643e-02
2.380371093750000000e-01   1.148553812837530996e+00
2.382812500000000000e-01   4.893599804492109184e-01
2.385253906250000000e-01   1.788461727361166043e+00
2.387695312500000000e-01   8.959524148876105709e-01
2.390136718750000000e-01   4.089774117057476954e-01
2.392578125000000000e-01   -1.171781863020605385e+00
2.395019531250000000e-01   -8.531916725998964779e-01
2.397460937500000000e-01   -2.078504285269652030e+00
2.399902343750000000e-01   -1.796365672298290139e+00
2.402343750000000000e-01   -4.642682882747977136e-01
2.404785156250000000e-01   -1.936578693345794910e+00
2.407226562500000000e-01   -2.089556069608690336e+00
2.409667968750000000e-01   -1.005518783202092203e+00
2.412109375000000000e-01   -2.014953425882211047e+00
2.414550781250000000e-01   -3.460161692917666176e+00
2.416992187500000000e-01   -2.119479608027766915e+00
2.419433593750000000e-01   3.447387576310179669e-01
2.421875000000000000e-01   -1.369992421069257338e+00
2.424316406250000000e-01   -1.162561878704913454e+00
2.426757812500000000e-01   -1.943178440474426782e+00
2.429199218750000000e-01   -1.680200724742108243e+00
2.431640625000000000e-01   -1.752007053952227666e+00
2.434082031250000000e-01   -2.378385793160963324e+00
2.436523437500000000e-01   -2.050060102337842416e+00
2.438964843750000000e-01   5.524758123752567807e-01
2.441406250000000000e-01   -2.750353797143858525e-01
2.443847656250000000e-01   3.326363045722083300e-01
2.446289062500000000e-01   -2.520663613229198408e+00
2.448730468750000000e-01   2.055581857693964842e+00
2.451171875000000000e-01   -4.124986433798478180e-01
2.453613281250000000e-01   2.271133095992203366e+00
2.456054687500000000e-01   1.564126682740116792e-01
2.458496093750000000e-01   8.278672621536387055e-01
2.460937500000000000e-01   5.852307972347282616e-01
2.463378906250000000e-01   1.814021973816688282e+00
2.465820312500000000e-01   2.264130394872093888e+00
2.468261718750000000e-01   1.390695466653372847e+00
2.470703125000000000e-01   -1.977246155929259508e-01
2.473144531250000000e-01   3.013189038363337069e+00
2.475585937500000000e-01   2.122832356458026482e+00
2.478027343750000000e-01   2.267394420644339714e+00
2.480468750000000000e-01   3.156528326953663033e+00
2.482910156250000000e-01   2.126658808217600782e+00
2.485351562500000000e-01   2.904116387464053872e+00
2.487792968750000000e-01   -1.944172994382804553e-01
2.490234375000000000e-01   2.709447052692266045e+00
2.492675781250000000e-01   4.203873853572376862e-01
2.495117187500000000e-01   9.953868551984933477e-01
2.497558593750000000e-01   -1.056063808304319895e+00
2.500000000000000000e-01   -1.135851165965508169e+00
2.502441406250000000e-01   1.080417753681521265e-01
2.504882812500000000e-01   -1.193373801843894633e+00
2.507324218750000000e-01   2.035921502420313445e+00
2.509765625000000000e-01   -3.625217000642433351e-01
2.512207031250000000e-01   -1.156338719792598391e-01
2.514648437500000000e-01   -1.567041147756815800e+00
2.517089843750000000e-01   5.335380218171537070e-02
2.519531250000000000e-01   3.987734903211915816e-01
2.521972656250000000e-01   -3.330379216675705689e-01
2.524414062500000000e-01   -1.990522259333731947e+00
2.526855468750000000e-01   -3.518834784581468256e+00
2.529296875000000000e-01   -2.783379356362875701e+00
2.531738281250000000e-01   -2.239443638360788302e+00
2.534179687500000000e-01   -1.878755355167144536e+00
2.536621093750000000e-01   -1.789455771730585232e+00
2.539062500000000000e-01   -1.695098892859298045e+00
2.541503906250000000e-01   -2.634732309877983791e+00
2.543945312500000000e-01   -3.723755828834959480e+00
2.546386718750000000e-01   -3.652561399319433022e+00
2.548828125000000000e-01   -3.039274478420785908e+00
2.551269531250000000e-01   -3.491812937159683106e+00
2.553710937500000000e-01   -2.722734935502771902e-01
2.556152343750000000e-01   -3.373141919481580930e-01
2.558593750000000000e-01   3.499775448843207570e-01
2.561035156250000000e-01   -1.171583137924940177e+00
2.563476562500000000e-01   -9.938680759025589895e-01
2.565917968750000000e-01   -2.092133038543609047e-01
2.568359375000000000e-01   1.607048550043614910e+00
2.570800781250000000e-01   1.534997131807034343e+00
2.573242187500000000e-01   3.189604724804702141e+00
2.575683593750000000e-01   1.430153056768878272e+00
2.578125000000000000e-01   1.175323607203982101e+00
2.580566406250000000e-01   2.239828135976038137e+00
2.583007812500000000e-01   3.489856164078823042e+00
2.585449218750000000e-01   4.228491229433440246e+00
2.587890625000000000e-01   3.333941006218646308e+00
2.590332031250000000e-01   2.432855354523947522e+00
2.592773437500000000e-01   1.301829215835646814e+00
2.595214843750000000e-01   2.104285453014905105e+00
2.597656250000000000e-01   2.280287161312857247e+00
2.600097656250000000e-01   1.015156208393048765e+00
2.602539062500000000e-01   4.184390607561128683e-01
2.604980468750000000e-01   1.644838091779690981e+00
2.607421875000000000e-01   8.029404886078251868e-01
2.609863281250000000e-01   -1.253199545581019647e-01
2.612304687500000000e-01   -8.528735568743051054e-01
2.614746093750000000e-01   -1.222747963668580518e+00
2.617187500000000000e-01   5.298996049212572057e-01
2.619628906250000000e-01   -3.305615392696845234e+00
2.622070312500000000e-01   -3.269279812298592436e+00
2.624511718750000000e-01   -2.927522330978308496e+00
2.626953125000000000e-01   -3.278963729610484990e+00
2.629394531250000000e-01   -2.884111596697005453e+00
2.631835937500000000e-01   -4.111521055536364599e+00
2.634277343750000000e-01   -4.038188605481644267e+00
2.636718750000000000e-01   -4.206338989581607790e-01
2.639160156250000000e-01   -1.514092293511596576e+00
2.641601562500000000e-01   -3.710118758052909804e+00
2.644042968750000000e-01   -1.657755205433063317e+00
2.646484375000000000e-01   -6.434611959516134405e-01
2.648925781250000000e-01   -1.235295790569349128e+00
2.651367187500000000e-01   8.457801046304116444e-01
2.653808593750000000e-01   1.822512613092064138e+00
2.656250000000000000e-01   8.293809535378422471e-01
2.658691406250000000e-01   6.234430604518670371e-01
2.661132812500000000e-01   1.562609476147586829e+00
2.663574218750000000e-01   5.316522613188275237e+00
2.666015625000000000e-01   4.574578720482109340e+00
2.668457031250000000e-01   4.257501858028384767e+00
2.670898437500000000e-01   4.834056726620771904e+00
2.673339843750000000e-01   4.449818516811307134e+00
2.675781250000000000e-01   2.361936072500691708e+00
2.678222656250000000e-01   1.920231179132517063e+00
2.680664062500000000e-01   1.619453942534604396e+00
2.683105468750000000e-01   1.949656752788388347e+00
2.685546875000000000e-01   1.650574702056923693e+00
2.687988281250000000e-01   9.941798546544462489e-01
2.690429687500000000e-01   8.324238488954204263e-01
2.692871093750000000e-01   -6.609775216473475767e-01
2.695312500000000000e-01   -1.220559071399845319e+00
2.697753906250000000e-01   -3.805513188784420908e+00
2.700195312500000000e-01   -4.857257986638887637e+00
2.702636718750000000e-01   -4.828449632171170514e+00
2.705078125000000000e-01   -5.199873322384026331e+00
2.707519531250000000e-01   -3.992126551918934396e+00
2.709960937500000000e-01   -2.587348769206135213e+00
2.712402343750000000e-01   -3.668404277009631897e+00
2.714843750000000000e-01   -1.944081166234607805e+00
2.717285156250000000e-01   9.607385520248598043e-01
2.719726562500000000e-01   9.157978734110610031e-01
2.722167968750000000e-01   3.424497393916654087e+00
2.724609375000000000e-01   6.404591776186027374e+00
2.727050781250000000e-01   7.265385727349411127e+00
2.729492187500000000e-01   5.160082757618041249e+00
2.731933593750000000e-01   4.528133400892746963e+00
2.734375000000000000e-01   4.484602314769008391e-01
2.736816406250000000e-01   -2.037449469072805108e+00
2.739257812500000000e-01   -3.989466930960414714e+00
2.741699218750000000e-01   -4.892951166907606897e+00
2.744140625000000000e-01   -4.719800904412425169e+00
2.746582031250000000e-01   -3.654910634777008394e+00
2.749023437500000000e-01   9.622806862251306326e-01
2.751464843750000000e-01   -4.664627487099233250e-01
2.753906250000000000e-01   3.392498730579324384e+00
2.756347656250000000e-01   2.985976716172179302e+00
2.758789062500000000e-01   1.058716601132688284e+00
2.761230468750000000e-01   -1.291340789906418207e+00
2.763671875000000000e-01   -3.783108481310180071e-01
2.766113281250000000e-01   -1.364118805942499346e+00
2.768554687500000000e-01   -1.707269456862985146e+00
2.770996093750000000e-01   -2.471704054395004735e-02
2.773437500000000000e-01   -9.416413665964308566e-02
2.775878906250000000e-01   -4.493502427534800669e-01
2.778320312500000000e-01   1.428006971186637664e+00
2.780761718750000000e-01   1.062410834541487770e+00
2.783203125000000000e-01   6.518529964112688146e-01
2.785644531250000000e-01   -3.468240629975096745e-01
2.788085937500000000e-01   -6.433174537466608278e-01
2.790527343750000000e-01   -1.565159561711589042e-01
2.792968750000000000e-01   3.306698485559249612e-01
2.795410156250000000e-01   1.260861912166403087e+00
2.797851562500000000e-01   1.875966674303815696e+00
2.800292968750000000e-01   -1.041245591951398541e+00
2.802734375000000000e-01   9.010214838010356386e-01
2.805175781250000000e-01   -3.856941041825907579e-01
2.807617187500000000e-01   8.337761318149425893e-01
2.810058593750000000e-01   7.478457124260314837e-01
2.812500000000000000e-01   -7.392103643494796206e-01
2.814941406250000000e-01   -2.149061356437832471e-01
2.817382812500000000e-01   5.145862822717095497e-01
2.819824218750000000e-01   -3.944164178293171896e-01
2.822265625000000000e-01   2.900232836645451062e-01
2.824707031250000000e-01   8.825704281803690154e-01
2.827148437500000000e-01   -7.592104516742600451e-01
2.829589843750000000e-01   -1.110103393532519744e+00
2.832031250000000000e-01   2.996300007847097491e-01
2.834472656250000000e-01   1.779024834555592571e-01
2.836914062500000000e-01   -1.109752968578779031e+00
2.839355468750000000e-01   5.761323471781536476e-01
2.841796875000000000e-01   2.375770640455505955e-02
2.844238281250000000e-01   -1.538360640557145387e-01
2.846679687500000000e-01   8.951075819206146811e-01
2.849121093750000000e-01   -8.656205645422740957e-01
2.851562500000000000e-01   -1.874979249332249243e+00
2.854003906250000000e-01   1.039260980435270820e+00
2.856445312500000000e-01   -1.447083955208190442e-01
2.858886718750000000e-01   1.092880281447456525e+00
2.861328125000000000e-01   6.970670717214263457e-01
2.863769531250000000e-01   -9.511073675641028569e-01
2.866210937500000000e-01   -7.814055635784736831e-01
2.868652343750000000e-01   -6.474243423161361033e-01
2.871093750000000000e-01   -6.552218383641256194e-01
2.873535156250000000e-01   -4.604780071041091744e-02
2.875976562500000000e-01   -1.974130958833791305e-01
2.878417968750000000e-01   6.931141967067362408e-01
2.880859375000000000e-01   2.283860430440355915e-01
2.883300781250000000e-01   -2.117193405914543636e-01
2.885742187500000000e-01   7.688504072650043097e-01
2.888183593750000000e-01   -6.318895863637873367e-01
2.890625000000000000e-01   5.305343584378803719e-03
2.893066406250000000e-01   -1.076636558913490305e+00
2.895507812500000000e-01   -2.975816373000107484e-01
2.897949218750000000e-01   -1.614061444652509003e+00
2.900390625000000000e-01   -1.040963234349898459e+00
2.902832031250000000e-01   -8.529169602590412902e-01
2.905273437500000000e-01   -4.708405190609857294e-01
2.907714843750000000e-01   -1.427403232671361488e+00
2.910156250000000000e-01   2.260403268395881349e-01
2.912597656250000000e-01   -1.507662582249179151e+00
2.915039062500000000e-01   -1.357218945191602799e+00
2.917480468750000000e-01   1.036907569558934483e+00
2.919921875000000000e-01   4.871164246111030494e-01
2.922363281250000000e-01   6.335168369193854288e-01
2.924804687500000000e-01   -1.370844335920216261e+00
2.927246093750000000e-01   -3.513889839602568621e-01
2.929687500000000000e-01   1.037392919390692336e+00
2.932128906250000000e-01   -3.907480338070251635e-01
2.934570312500000000e-01   1.919843496362656221e-01
2.937011718750000000e-01   -1.038876656678157540e+00
2.939453125000000000e-01   2.256415096063578041e+00
2.941894531250000000e-01   5.461526258653810056e-02
2.944335937500000000e-01   -6.983107815113643868e-01
2.946777343750000000e-01   6.322374275638623642e-01
2.949218750000000000e-01   -5.991097652592788370e-01
2.951660156250000000e-01   2.615342699155776551e-01
2.954101562500000000e-01   -3.144176441011730661e-01
2.956542968750000000e-01   -4.383141525811294348e-01
2.958984375000000000e-01   3.413239446516150855e-01
2.961425781250000000e-01   6.898298973103402787e-01
2.963867187500000000e-01   1.761928790279481571e+00
2.966308593750000000e-01   -1.138339652718575845e+00
2.968750000000000000e-01   8.825782181014210082e-01
2.971191406250000000e-01   -5.172790093156349744e-01
2.973632812500000000e-01   -1.252731119020213724e+00
2.976074218750000000e-01   3.926371317729118737e-01
2.978515625000000000e-01   4.082846971464106467e+00
2.980957031250000000e-01   4.628169126002135148e-02
2.983398437500000000e-01   3.342472403316868457e-01
2.985839843750000000e-01   -5.134873265866948255e-01
2.988281250000000000e-01   -8.595508049154594321e-01
2.990722656250000000e-01   -8.556545596091466371e-04
2.993164062500000000e-01   8.862602352287241025e-01
2.995605468750000000e-01   -1.620093053063348831e+00
2.998046875000000000e-01   -2.208170365174262628e-01
3.000488281250000000e-01   2.037984634417116414e+00
3.002929687500000000e-01   -1.136359163550044842e-02
3.005371093750000000e-01   4.911153520682893237e-01
3.007812500000000000e-01   -1.511394625650865631e-01
3.010253906250000000e-01   6.994062094320502299e-01
3.012695312500000000e-01   -1.182957853188648434e+00
3.015136718750000000e-01   2.206620293418937617e+00
3.017578125000000000e-01   7.154919796205111426e-01
3.020019531250000000e-01   -4.559907110728469992e-01
3.022460937500000000e-01   1.259751528453889824e+00
3.024902343750000000e-01   1.347302548482373075e+00
3.027343750000000000e-01   -5.582292750703256035e-01
3.029785156250000000e-01   -2.357094112143850728e-01
3.032226562500000000e-01   2.441334478725986912e-01
3.034667968750000000e-01   8.963509749942044635e-01
3.037109375000000000e-01   -5.502517264544248832e-01
3.039550781250000000e-01   -5.234201078259503870e-01
3.041992187500000000e-01   7.513865904022857221e-03
3.044433593750000000e-01   1.195978927509761203e+00
3.046875000000000000e-01   -1.425527862489551323e+00
3.049316406250000000e-01   8.134157648029267662e-01
3.051757812500000000e-01   -2.649257330573084879e-01
3.054199218750000000e-01   -4.501580571375726203e-01
3.056640625000000000e-01   -1.525885492093379536e+00
3.059082031250000000e-01   -2.799960089015452458e-01
3.061523437500000000e-01   4.438341915360129869e-02
3.063964843750000000e-01   1.055126203176741884e+00
3.066406250000000000e-01   9.739073735634508067e-01
3.068847656250000000e-01   1.116471268820032225e+00
3.071289062500000000e-01   -3.666478194370973442e-01
3.073730468750000000e-01   -9.096531910715560665e-01
3.076171875000000000e-01   1.749445163952972226e+00
3.078613281250000000e-01   8.348939860076486363e-01
3.081054687500000000e-01   3.307965921536069193e-02
3.083496093750000000e-01   -2.574651545079952086e+00
3.085937500000000000e-01   5.383966575378024144e-01
3.088378906250000000e-01   -1.437064420488634919e+00
3.090820312500000000e-01   1.392668197197376445e+00
3.093261718750000000e-01   1.872533189592640313e-01
3.095703125000000000e-01   1.124117558651780424e+00
3.098144531250000000e-01   3.367314464310472433e-01
3.100585937500000000e-01   3.883235425251555517e-01
3.103027343750000000e-01   8.706038996834168930e-01
3.105468750000000000e-01   -8.489051558968665478e-01
3.107910156250000000e-01   6.317895423818405305e-03
3.110351562500000000e-01   9.802104762775740721e-01
3.112792968750000000e-01   6.791854512481187642e-03
3.115234375000000000e-01   9.616828451998616911e-01
3.117675781250000000e-01   -3.442286056494496815e-01
3.120117187500000000e-01   7.063755184989002345e-01
3.122558593750000000e-01   -8.485070165431533029e-01
3.125000000000000000e-01   8.137623262390029089e-01
3.127441406250000000e-01   -7.670576121061937203e-01
3.129882812500000000e-01   4.372432751350447955e-01
3.132324218750000000e-01   -9.490037134652181683e-01
3.134765625000000000e-01   -5.967390329648480929e-01
3.137207031250000000e-01   -1.254181410804775076e+00
3.139648437500000000e-01   -5.965711173139099932e-01
3.142089843750000000e-01   -3.098069431113335548e-01
3.144531250000000000e-01   -7.773923930888397837e-01
3.146972656250000000e-01   -7.175164791602397507e-01
3.149414062500000000e-01   -7.695027259456832525e-01
3.151855468750000000e-01   8.343494759708992570e-01
3.154296875000000000e-01   -1.557790756098668683e-01
3.156738281250000000e-01   -1.544629694034361511e-01
3.159179687500000000e-01   5.002917664786317165e-01
3.161621093750000000e-01   -6.837609220936036181e-01
3.164062500000000000e-01   7.881665438043355953e-01
3.166503906250000000e-01   -1.907319512644905179e+00
3.168945312500000000e-01   -8.218813043407258156e-01
3.171386718750000000e-01   -1.942137012929811224e+00
3.173828125000000000e-01   8.693702306211655850e-01
3.176269531250000000e-01   -4.739708700931566931e-01
3.178710937500000000e-01   -1.822623407092380354e+00
3.181152343750000000e-01   -4.693199230648523179e-01
3.183593750000000000e-01   -4.467822908702102913e-02
3.186035156250000000e-01   -2.782346681414693546e-01
3.188476562500000000e-01   4.402286045110214707e-01
3.190917968750000000e-01   8.144122852563400183e-01
3.193359375000000000e-01   -7.306735007070935817e-01
3.195800781250000000e-01   -9.990991897519597709e-01
3.198242187500000000e-01   -3.911372515626846957e-01
3.200683593750000000e-01   3.366941473371533600e-01
3.203125000000000000e-01   -1.513874541696392517e-01
3.205566406250000000e-01   -1.442422857372967160e+00
3.208007812500000000e-01   1.415434523446393311e-01
3.210449218750000000e-01   -1.082267839253353917e-02
3.212890625000000000e-01   3.355671250941853478e-01
3.215332031250000000e-01   -6.633690691247342563e-01
3.217773437500000000e-01   -2.659714973666307269e-01
3.220214843750000000e-01   1.555146770968744707e-02
3.222656250000000000e-01   2.735407942071100607e+00
3.225097656250000000e-01   -2.092392707371207194e+00
3.227539062500000000e-01   -1.651930278918669170e+00
3.229980468750000000e-01   -1.031027850644769872e+00
3.232421875000000000e-01   3.324053363223653523e-01
3.234863281250000000e-01   1.169769915682810218e-01
3.237304687500000000e-01   -7.860358203798856191e-01
3.239746093750000000e-01   5.072661358532821740e-01
3.242187500000000000e-01   7.503454252486363441e-01
3.244628906250000000e-01   -1.289189687504651349e+00
3.247070312500000000e-01   -2.110397994403008792e-01
3.249511718750000000e-01   -4.660036074200055722e-01
3.251953125000000000e-01   -2.094136293954523553e-01
3.254394531250000000e-01   5.627682382271140815e-01
3.256835937500000000e-01   -3.440353277530677767e-01
3.259277343750000000e-01   -1.614662112697975993e-02
3.261718750000000000e-01   -8.708290132921327198e-02
3.264160156250000000e-01   -4.889504242685619451e-01
3.266601562500000000e-01   7.333265844267408129e-01
3.269042968750000000e-01   1.506796970607870989e-01
3.271484375000000000e-01   -8.883134998846452524e-01
3.273925781250000000e-01   -9.019982812865783295e-01
3.276367187500000000e-01   1.140261658318292071e+00
3.278808593750000000e-01   5.829923958264741080e-01
3.281250000000000000e-01   4.152103989135381285e-02
3.283691406250000000e-01   1.073872015759453236e+00
3.286132812500000000e-01   1.640723467224697307e+00
3.288574218750000000e-01   1.194846686999991636e+00
3.291015625000000000e-01   -1.468597712352019302e+00
3.293457031250000000e-01   -5.574085291476540416e-01
3.295898437500000000e-01   1.105603178824625887e+00
3.298339843750000000e-01   1.797316180979392053e+00
3.300781250000000000e-01   2.402201711180343313e+00
3.303222656250000000e-01   9.108560913066385822e-01
3.305664062500000000e-01   1.393538230070025863e+00
3.308105468750000000e-01   2.346184023697031940e+00
3.310546875000000000e-01   2.947523051923979232e-01
3.312988281250000000e-01   1.606525653458067193e+00
3.315429687500000000e-01   5.971093622050384075e-01
3.317871093750000000e-01   2.147783339427605132e+00
3.320312500000000000e-01   -1.166967263838381424e-01
3.322753906250000000e-01   -5.656371714164607489e-01
3.325195312500000000e-01   4.033105154919409130e-01
3.327636718750000000e-01   3.009233316446689038e-02
3.330078125000000000e-01   -6.105467323350279030e-02
3.332519531250000000e-01   1.827883476270405927e+00
3.334960937500000000e-01   -7.932187249234537996e-01
3.337402343750000000e-01   9.701896957157236656e-01
3.339843750000000000e-01   1.503877627118707372e-01
3.342285156250000000e-01   1.009791071977880428e+00
3.344726562500000000e-01   1.196914584692513772e+00
3.347167968750000000e-01   -1.764632083518928196e+00
3.349609375000000000e-01   -1.293092933073316728e-02
3.352050781250000000e-01   1.024474218479713761e+00
3.354492187500000000e-01   -1.755070420694940125e+00
3.356933593750000000e-01   4.979559244957791342e-01
3.359375000000000000e-01   8.313135856526505663e-01
3.361816406250000000e-01   -9.589011945855068220e-01
3.364257812500000000e-01   1.954167685469421212e-01
3.366699218750000000e-01   1.544518340996524852e+00
3.369140625000000000e-01   5.779813238909806694e-01
3.371582031250000000e-01   -8.783929809899253538e-01
3.374023437500000000e-01   -8.665224527509250985e-01
3.376464843750000000e-01   5.339385446751860886e-01
3.378906250000000000e-01   5.831518353358537965e-01
3.381347656250000000e-01   -1.381756303563944077e-01
3.383789062500000000e-01   -2.931473944203267373e-02
3.386230468750000000e-01   1.825571495037750624e+00
