0.000000000000000000e+00   4.800202663661129465e-01
2.441406250000000000e-04   4.878012287590517970e-01
4.882812500000000000e-04   4.970876272221772529e-01
7.324218750000000000e-04   5.058252033665343594e-01
9.765625000000000000e-04   5.114528501289846707e-01
1.220703125000000000e-03   5.111813430380519607e-01
1.464843750000000000e-03   5.024856442248181176e-01
1.708984375000000000e-03   4.838113357007043369e-01
1.953125000000000000e-03   4.555543429195428873e-01
2.197265625000000000e-03   4.204527884971481222e-01
2.441406250000000000e-03   3.830187615799158785e-01
2.685546875000000000e-03   3.484897380041469539e-01
2.929687500000000000e-03   3.210546775321954649e-01
3.173828125000000000e-03   3.025435364761333012e-01
3.417968750000000000e-03   2.919414672404929689e-01
3.662109375000000000e-03   2.856493866738303855e-01
3.906250000000000000e-03   2.788576496148560957e-01
4.150390625000000000e-03   2.671492699999848397e-01
4.394531250000000000e-03   2.475682604845069745e-01
4.638671875000000000e-03   2.191317949824602707e-01
4.882812500000000000e-03   1.827968353117383482e-01
5.126953125000000000e-03   1.408732881450169838e-01
5.371093750000000000e-03   9.606066221739503752e-02
5.615234375000000000e-03   5.099450217311662231e-02
5.859375000000000000e-03   8.195791552984945175e-03
6.103515625000000000e-03   -3.015503398897160722e-02
6.347656250000000000e-03   -6.240855309621056585e-02
6.591796875000000000e-03   -8.760118283031320674e-02
6.835937500000000000e-03   -1.061209535231363577e-01
7.080078125000000000e-03   -1.200830512491112695e-01
7.324218750000000000e-03   -1.330004575974845782e-01
7.568359375000000000e-03   -1.489284556664087766e-01
7.812500000000000000e-03   -1.716269831678242930e-01
8.056640625000000000e-03   -2.030634796989328472e-01
8.300781250000000000e-03   -2.425418315772961408e-01
8.544921875000000000e-03   -2.869754303116990313e-01
8.789062500000000000e-03   -3.316644887587930079e-01
9.033203125000000000e-03   -3.716575161835748986e-01
9.277343750000000000e-03   -4.033406197289778894e-01
9.521484375000000000e-03   -4.251238849483398585e-01
9.765625000000000000e-03   -4.376463839351056317e-01
1.000976562500000000e-02   -4.433401043186340762e-01
1.025390625000000000e-02   -4.453106479264525297e-01
1.049804687500000000e-02   -4.465941599924904137e-01
1.074218750000000000e-02   -4.498312901594645474e-01
1.098632812500000000e-02   -4.567640397209922765e-01
1.123046875000000000e-02   -4.682921658719412794e-01
1.147460937500000000e-02   -4.845442964392150387e-01
1.171875000000000000e-02   -5.046236898597296072e-01
1.196289062500000000e-02   -5.263756280733354886e-01
1.220703125000000000e-02   -5.465450602497768928e-01
1.245117187500000000e-02   -5.613340040604988257e-01
1.269531250000000000e-02   -5.672922763908914146e-01
1.293945312500000000e-02   -5.622996760508233161e-01
1.318359375000000000e-02   -5.465238299920164300e-01
1.342773437500000000e-02   -5.225974569794331615e-01
1.367187500000000000e-02   -4.949188265203906534e-01
1.391601562500000000e-02   -4.683402218116068383e-01
1.416015625000000000e-02   -4.469064790681101518e-01
1.440429687500000000e-02   -4.326521081503078014e-01
1.464843750000000000e-02   -4.252006786575646680e-01
1.489257812500000000e-02   -4.222203486311874587e-01
1.513671875000000000e-02   -4.203335602379459912e-01
1.538085937500000000e-02   -4.159722546763841566e-01
1.562500000000000000e-02   -4.061954768351713763e-01
1.586914062500000000e-02   -3.891645418792939459e-01
1.611328125000000000e-02   -3.640199756260387165e-01
1.635742187500000000e-02   -3.307729380012995324e-01
1.660156250000000000e-02   -2.905248773494619741e-01
1.684570312500000000e-02   -2.455035298792139220e-01
1.708984375000000000e-02   -1.988333806925149938e-01
1.733398437500000000e-02   -1.542746341160494139e-01
1.757812500000000000e-02   -1.155687729709661410e-01
1.782226562500000000e-02   -8.524306793659629233e-02
1.806640625000000000e-02   -6.363486369055132430e-02
1.831054687500000000e-02   -4.854158893762482857e-02
1.855468750000000000e-02   -3.580332093583965536e-02
1.879882812500000000e-02   -2.043120244563115945e-02
1.904296875000000000e-02   1.951723268270640554e-03
1.928710937500000000e-02   3.367562118476852967e-02
1.953125000000000000e-02   7.447649372470886708e-02
1.977539062500000000e-02   1.218240969523299300e-01
2.001953125000000000e-02   1.717582664430079842e-01
2.026367187500000000e-02   2.201533972702945652e-01
2.050781250000000000e-02   2.636640749831924979e-01
2.075195312500000000e-02   3.001879050687092931e-01
2.099609375000000000e-02   3.289730817690394438e-01
2.124023437500000000e-02   3.500245195329774739e-01
2.148437500000000000e-02   3.645362672076098987e-01
2.172851562500000000e-02   3.742490887961737456e-01
2.197265625000000000e-02   3.816404956989945529e-01
2.221679687500000000e-02   3.898352696440371967e-01
2.246093750000000000e-02   4.020713784811245639e-01
2.270507812500000000e-02   4.208671009468815671e-01
2.294921875000000000e-02   4.470718745337310396e-01
2.319335937500000000e-02   4.791674455550744005e-01
2.343750000000000000e-02   5.133021647033165769e-01
2.368164062500000000e-02   5.442583307137982551e-01
2.392578125000000000e-02   5.669344081843151750e-01
2.416992187500000000e-02   5.779543014631897124e-01
2.441406250000000000e-02   5.766990483634268916e-01
2.465820312500000000e-02   5.654413538368644465e-01
2.490234375000000000e-02   5.483964324790298051e-01
2.514648437500000000e-02   5.302907081301381220e-01
2.539062500000000000e-02   5.149461927757709168e-01
2.563476562500000000e-02   5.044343928582311065e-01
2.587890625000000000e-02   4.990022178982288503e-01
2.612304687500000000e-02   4.975833391565214758e-01
2.636718750000000000e-02   4.984143499599774096e-01
2.661132812500000000e-02   4.995099623833478275e-01
2.685546875000000000e-02   4.987888588757065644e-01
2.709960937500000000e-02   4.939928420293858147e-01
2.734375000000000000e-02   4.827380266211172000e-01
2.758789062500000000e-02   4.629614583399316863e-01
2.783203125000000000e-02   4.336134079274821529e-01
2.807617187500000000e-02   3.954446365230012694e-01
2.832031250000000000e-02   3.513349140963515360e-01
2.856445312500000000e-02   3.058767238741881278e-01
2.880859375000000000e-02   2.641618117246200548e-01
2.905273437500000000e-02   2.301774017258153837e-01
2.929687500000000000e-02   2.054173671683653390e-01
2.954101562500000000e-02   1.883808136742589345e-01
2.978515625000000000e-02   1.750756860895709699e-01
3.002929687500000000e-02   1.604123425122149504e-01
3.027343750000000000e-02   1.398919236138669586e-01
3.051757812500000000e-02   1.109139139662743689e-01
3.076171875000000000e-02   7.322741081904499127e-02
3.100585937500000000e-02   2.863823408254822372e-02
3.125000000000000000e-02   -1.991112742692214416e-02
3.149414062500000000e-02   -6.933645681375287528e-02
3.173828125000000000e-02   -1.170352379807655385e-01
3.198242187500000000e-02   -1.610299880028024100e-01
3.222656250000000000e-02   -1.998721769512691870e-01
3.247070312500000000e-02   -2.324944025899334521e-01
3.271484375000000000e-02   -2.583635115993501152e-01
3.295898437500000000e-02   -2.778838375370327185e-01
3.320312500000000000e-02   -2.928068625830692606e-01
3.344726562500000000e-02   -3.062559840397419686e-01
3.369140625000000000e-02   -3.221826096971870945e-01
3.393554687500000000e-02   -3.442133283964928792e-01
3.417968750000000000e-02   -3.743313687220345409e-01
3.442382812500000000e-02   -4.119116593643838975e-01
3.466796875000000000e-02   -4.536656736205142426e-01
3.491210937500000000e-02   -4.944814697952971128e-01
3.515625000000000000e-02   -5.290133641906117345e-01
3.540039062500000000e-02   -5.532830504795859250e-01
3.564453125000000000e-02   -5.658172480572299934e-01
3.588867187500000000e-02   -5.678271603473996620e-01
3.613281250000000000e-02   -5.625020464159908862e-01
3.637695312500000000e-02   -5.537979975209640360e-01
3.662109375000000000e-02   -5.453142093762457510e-01
3.686523437500000000e-02   -5.395346676265606600e-01
3.710937500000000000e-02   -5.376589337436441518e-01
3.735351562500000000e-02   -5.398246924217239284e-01
3.759765625000000000e-02   -5.454099112668450156e-01
3.784179687500000000e-02   -5.531529265655268368e-01
3.808593750000000000e-02   -5.611430734012722299e-01
3.833007812500000000e-02   -5.667673351770948775e-01
3.857421875000000000e-02   -5.668850486516234799e-01
3.881835937500000000e-02   -5.584199812664090157e-01
3.906250000000000000e-02   -5.393275569329467611e-01
3.930664062500000000e-02   -5.094958197617308615e-01
3.955078125000000000e-02   -4.711722257135262937e-01
3.979492187500000000e-02   -4.286375719680475815e-01
4.003906250000000000e-02   -3.870963957322688387e-01
4.028320312500000000e-02   -3.510979261253591166e-01
4.052734375000000000e-02   -3.232340430263458964e-01
4.077148437500000000e-02   -3.034026038202600750e-01
4.101562500000000000e-02   -2.890149940619191060e-01
4.125976562500000000e-02   -2.759731942396729254e-01
4.150390625000000000e-02   -2.599863308642502147e-01
4.174804687500000000e-02   -2.376817876433479082e-01
4.199218750000000000e-02   -2.072983129670374902e-01
4.223632812500000000e-02   -1.687194739523573961e-01
4.248046875000000000e-02   -1.231206667685998402e-01
4.272460937500000000e-02   -7.255418476062990008e-02
4.296875000000000000e-02   -1.963521192015740130e-02
4.321289062500000000e-02   3.269733286204105221e-02
4.345703125000000000e-02   8.137646460039091312e-02
4.370117187500000000e-02   1.236111890166057270e-01
4.394531250000000000e-02   1.575404176415570734e-01
4.418945312500000000e-02   1.829529985153732496e-01
4.443359375000000000e-02   2.016337290938557680e-01
4.467773437500000000e-02   2.171621108793954091e-01
4.492187500000000000e-02   2.340179243678048859e-01
4.516601562500000000e-02   2.563019039188482173e-01
4.541015625000000000e-02   2.865037953173437124e-01
4.565429687500000000e-02   3.247308374628287142e-01
4.589843750000000000e-02   3.686607700409736954e-01
4.614257812500000000e-02   4.143154191375376660e-01
4.638671875000000000e-02   4.571743866111626642e-01
4.663085937500000000e-02   4.933270221413899037e-01
4.687500000000000000e-02   5.203035661250818844e-01
4.711914062500000000e-02   5.374380801152087717e-01
4.736328125000000000e-02   5.456649793162571260e-01
4.760742187500000000e-02   5.470744190460984369e-01
4.785156250000000000e-02   5.444364522293270170e-01
4.809570312500000000e-02   5.407723515794640168e-01
4.833984375000000000e-02   5.389422590942499758e-01
4.858398437500000000e-02   5.412430172563315045e-01
4.882812500000000000e-02   5.488982010942985434e-01
4.907226562500000000e-02   5.616455908927793228e-01
4.931640625000000000e-02   5.775039524502159072e-01
4.956054687500000000e-02   5.929638657163898152e-01
4.980468750000000000e-02   6.037251619687882265e-01
5.004882812500000000e-02   6.058264903385830458e-01
5.029296875000000000e-02   5.967742887040193844e-01
5.053710937500000000e-02   5.763549266018772599e-01
5.078125000000000000e-02   5.467502215240310770e-01
5.102539062500000000e-02   5.118867075365300945e-01
5.126953125000000000e-02   4.762716340238057899e-01
5.151367187500000000e-02   4.437748490949067204e-01
5.175781250000000000e-02   4.167152587280406606e-01
5.200195312500000000e-02   3.955581704513426167e-01
5.224609375000000000e-02   3.791467951725511765e-01
5.249023437500000000e-02   3.652693982033707876e-01
5.273437500000000000e-02   3.512445087687258161e-01
5.297851562500000000e-02   3.343740427017222183e-01
5.322265625000000000e-02   3.122177624747108915e-01
5.346679687500000000e-02   2.828425098378094527e-01
5.371093750000000000e-02   2.451401863446249774e-01
5.395507812500000000e-02   1.992811744615353153e-01
5.419921875000000000e-02   1.470123723306868413e-01
5.444335937500000000e-02   9.165504704807019010e-02
5.468750000000000000e-02   3.754537556788638958e-02
5.493164062500000000e-02   -1.098520725967973635e-02
5.517578125000000000e-02   -5.085376710730031558e-02
5.541992187500000000e-02   -8.121393113850583489e-02
5.566406250000000000e-02   -1.038252048275968842e-01
5.590820312500000000e-02   -1.225158912656256899e-01
5.615234375000000000e-02   -1.419915700731385344e-01
5.639648437500000000e-02   -1.663691625991032264e-01
5.664062500000000000e-02   -1.980292610213962579e-01
5.688476562500000000e-02   -2.372186743648868057e-01
5.712890625000000000e-02   -2.820358226592641349e-01
5.737304687500000000e-02   -3.294898413292516315e-01
5.761718750000000000e-02   -3.762729572164738023e-01
5.786132812500000000e-02   -4.194647885214320415e-01
5.810546875000000000e-02   -4.568424789724917501e-01
5.834960937500000000e-02   -4.868717663823172170e-01
5.859375000000000000e-02   -5.086659608517986042e-01
5.883789062500000000e-02   -5.220953833828050339e-01
5.908203125000000000e-02   -5.280794354690183656e-01
5.932617187500000000e-02   -5.288457972101380244e-01
5.957031250000000000e-02   -5.278841471665821627e-01
5.981445312500000000e-02   -5.292487982659261903e-01
6.005859375000000000e-02   -5.363942237668527513e-01
6.030273437500000000e-02   -5.509345579513832414e-01
6.054687500000000000e-02   -5.718654834643756013e-01
6.079101562500000000e-02   -5.955807234416592433e-01
6.103515625000000000e-02   -6.168151944512088036e-01
6.127929687500000000e-02   -6.302647878976423979e-01
6.152343750000000000e-02   -6.322157718821834749e-01
6.176757812500000000e-02   -6.215888490640457675e-01
6.201171875000000000e-02   -6.000445738181280353e-01
6.225585937500000000e-02   -5.712303396426605673e-01
6.250000000000000000e-02   -5.394870285320285674e-01
6.274414062500000000e-02   -5.085774339917146225e-01
6.298828125000000000e-02   -4.809353459126167740e-01
6.323242187500000000e-02   -4.575283782982724756e-01
6.347656250000000000e-02   -4.381988512776168188e-01
6.372070312500000000e-02   -4.221064695434977865e-01
6.396484375000000000e-02   -4.079751292445430444e-01
6.420898437500000000e-02   -3.940514788466494833e-01
6.445312500000000000e-02   -3.779857501268286124e-01
6.469726562500000000e-02   -3.569052049715100705e-01
6.494140625000000000e-02   -3.279536938613885622e-01
6.518554687500000000e-02   -2.892219576324255303e-01
6.542968750000000000e-02   -2.407337631898229524e-01
6.567382812500000000e-02   -1.849523966390199670e-01
6.591796875000000000e-02   -1.264564082632450570e-01
6.616210937500000000e-02   -7.074149644452122632e-02
6.640625000000000000e-02   -2.257795841991350541e-02
6.665039062500000000e-02   1.549516755356994402e-02
6.689453125000000000e-02   4.393449866533882808e-02
6.713867187500000000e-02   6.593257489409955208e-02
6.738281250000000000e-02   8.620128268500144852e-02
6.762695312500000000e-02   1.093863938053880602e-01
6.787109375000000000e-02   1.387130714103248785e-01
6.811523437500000000e-02   1.753065438294450218e-01
6.835937500000000000e-02   2.183225184375598982e-01
6.860351562500000000e-02   2.656285643230473226e-01
6.884765625000000000e-02   3.145918985726894324e-01
6.909179687500000000e-02   3.626228394167188007e-01
6.933593750000000000e-02   4.073710901380570015e-01
6.958007812500000000e-02   4.467050701266487289e-01
6.982421875000000000e-02   4.787375884005232729e-01
7.006835937500000000e-02   5.021482526576750427e-01
7.031250000000000000e-02   5.167154874036682388e-01
7.055664062500000000e-02   5.238065206937974061e-01
7.080078125000000000e-02   5.264654292384624013e-01
7.104492187500000000e-02   5.288785418169191788e-01
7.128906250000000000e-02   5.352092587493428866e-01
7.153320312500000000e-02   5.482052290781477266e-01
7.177734375000000000e-02   5.681628827699318762e-01
7.202148437500000000e-02   5.926761294538682723e-01
7.226562500000000000e-02   6.172969585412088067e-01
7.250976562500000000e-02   6.369075475838890110e-01
7.275390625000000000e-02   6.472661855909948025e-01
7.299804687500000000e-02   6.461642496282191672e-01
7.324218750000000000e-02   6.338108653360189360e-01
7.348632812500000000e-02   6.124366905701191799e-01
7.373046875000000000e-02   5.853797244755490903e-01
7.397460937500000000e-02   5.560868767024826909e-01
7.421875000000000000e-02   5.273992744330463500e-01
7.446289062500000000e-02   5.012695307870167483e-01
7.470703125000000000e-02   4.787602537332260044e-01
7.495117187500000000e-02   4.601819886488421329e-01
7.519531250000000000e-02   4.449782517687730365e-01
7.543945312500000000e-02   4.316089031161111089e-01
7.568359375000000000e-02   4.175127192088863293e-01
7.592773437500000000e-02   3.993545058202046527e-01
7.617187500000000000e-02   3.737359529380878675e-01
7.641601562500000000e-02   3.382222070448832052e-01
7.666015625000000000e-02   2.922969397252338508e-01
7.690429687500000000e-02   2.378252508785172470e-01
7.714843750000000000e-02   1.787595977311060014e-01
7.739257812500000000e-02   1.201178071214091536e-01
7.763671875000000000e-02   6.656837099234165500e-02
7.788085937500000000e-02   2.114825656258323416e-02
7.812500000000000000e-02   -1.546704774024727259e-02
7.836914062500000000e-02   -4.490016988193372416e-02
7.861328125000000000e-02   -7.035458609575033495e-02
7.885742187500000000e-02   -9.555906123615416636e-02
7.910156250000000000e-02   -1.238068491973882274e-01
7.934570312500000000e-02   -1.573234115700251623e-01
7.958984375000000000e-02   -1.970471946807905439e-01
7.983398437500000000e-02   -2.426973077042211824e-01
8.007812500000000000e-02   -2.929529069726408141e-01
8.032226562500000000e-02   -3.455899324231375691e-01
8.056640625000000000e-02   -3.975586743301837145e-01
8.081054687500000000e-02   -4.454292499269252303e-01
8.105468750000000000e-02   -4.857748637233051392e-01
8.129882812500000000e-02   -5.160441383598038945e-01
8.154296875000000000e-02   -5.353762330674741721e-01
8.178710937500000000e-02   -5.450973043501147197e-01
8.203125000000000000e-02   -5.485649083581171093e-01
8.227539062500000000e-02   -5.503301354440683912e-01
8.251953125000000000e-02   -5.548433787395027350e-01
8.276367187500000000e-02   -5.651271728404543282e-01
8.300781250000000000e-02   -5.819357964692003504e-01
8.325195312500000000e-02   -6.036771569299907991e-01
8.349609375000000000e-02   -6.270060431304870230e-01
8.374023437500000000e-02   -6.478520492306533152e-01
8.398437500000000000e-02   -6.624639344526380702e-01
8.422851562500000000e-02   -6.681574082539420978e-01
8.447265625000000000e-02   -6.636431582268905727e-01
8.471679687500000000e-02   -6.489721601612944424e-01
8.496093750000000000e-02   -6.253345711400111195e-01
8.520507812500000000e-02   -5.948680098848246889e-01
8.544921875000000000e-02   -5.604408151273967409e-01
8.569335937500000000e-02   -5.253599780908752015e-01
8.593750000000000000e-02   -4.929327490774683684e-01
8.618164062500000000e-02   -4.657307114570036766e-01
8.642578125000000000e-02   -4.448152018150008380e-01
8.666992187500000000e-02   -4.291872845192232777e-01
8.691406250000000000e-02   -4.157549322024745031e-01
8.715820312500000000e-02   -4.000344129146844452e-01
8.740234375000000000e-02   -3.774049039061129762e-01
8.764648437500000000e-02   -3.445238385206590426e-01
8.789062500000000000e-02   -3.003770505869394758e-01
8.813476562500000000e-02   -2.465759169261125816e-01
8.837890625000000000e-02   -1.867942479467814554e-01
8.862304687500000000e-02   -1.256248244235094458e-01
8.886718750000000000e-02   -6.730017545945463087e-02
8.911132812500000000e-02   -1.474404010372710669e-02
8.935546875000000000e-02   3.078307496823652276e-02
8.959960937500000000e-02   6.952305817845114144e-02
8.984375000000000000e-02   1.027892375216808846e-01
9.008789062500000000e-02   1.325204675815716826e-01
9.033203125000000000e-02   1.610257923106860334e-01
9.057617187500000000e-02   1.908265511836710338e-01
9.082031250000000000e-02   2.244284528908596643e-01
9.106445312500000000e-02   2.638526608672791540e-01
9.130859375000000000e-02   3.099673978792924500e-01
9.155273437500000000e-02   3.618799211411439787e-01
9.179687500000000000e-02   4.167096586101279865e-01
9.204101562500000000e-02   4.700198370409613968e-01
9.228515625000000000e-02   5.168887750123942748e-01
9.252929687500000000e-02   5.532974648437045673e-01
9.277343750000000000e-02   5.773627516307981988e-01
9.301757812500000000e-02   5.899349242097028378e-01
9.326171875000000000e-02   5.942994688293394834e-01
9.350585937500000000e-02   5.950734425569239594e-01
9.375000000000000000e-02   5.967607226814218846e-01
9.399414062500000000e-02   6.024476766820574536e-01
9.423828125000000000e-02   6.131139384448951457e-01
9.448242187500000000e-02   6.277320154487335824e-01
9.472656250000000000e-02   6.439332022186254889e-01
9.497070312500000000e-02   6.588881756292599423e-01
9.521484375000000000e-02   6.699729839686959787e-01
9.545898437500000000e-02   6.750629881174661229e-01
9.570312500000000000e-02   6.725367290515881225e-01
9.594726562500000000e-02   6.610677610800729243e-01
9.619140625000000000e-02   6.400518869610963835e-01
9.643554687500000000e-02   6.097951906503442654e-01
9.667968750000000000e-02   5.720444349013664720e-01
9.692382812500000000e-02   5.300713872705732355e-01
9.716796875000000000e-02   4.881356837822287131e-01
9.741210937500000000e-02   4.503449561300413295e-01
9.765625000000000000e-02   4.193112938610699669e-01
9.790039062500000000e-02   3.951599909648420561e-01
9.814453125000000000e-02   3.753362238086362379e-01
9.838867187500000000e-02   3.553553875625020675e-01
9.863281250000000000e-02   3.302727158594433998e-01
9.887695312500000000e-02   2.962681323077281381e-01
9.912109375000000000e-02   2.517720170078641129e-01
9.936523437500000000e-02   1.977349233265664197e-01
9.960937500000000000e-02   1.370712678875439239e-01
9.985351562500000000e-02   7.359229232657613085e-02
1.000976562500000000e-01   1.094623640365452455e-02
1.003417968750000000e-01   -4.809329852085506701e-02
1.005859375000000000e-01   -1.017958559414628011e-01
1.008300781250000000e-01   -1.493047975066438271e-01
1.010742187500000000e-01   -1.904531922921806897e-01
1.013183593750000000e-01   -2.257247190271351733e-01
1.015625000000000000e-01   -2.563967490868717114e-01
1.018066406250000000e-01   -2.847283674307365953e-01
1.020507812500000000e-01   -3.138227167395469253e-01
1.022949218750000000e-01   -3.469729121101509661e-01
1.025390625000000000e-01   -3.866326414216388341e-01
1.027832031250000000e-01   -4.333046697658862190e-01
1.030273437500000000e-01   -4.849569789890497695e-01
1.032714843750000000e-01   -5.373767816060441849e-01
1.035156250000000000e-01   -5.850035339550618829e-01
1.037597656250000000e-01   -6.228873133050394362e-01
1.040039062500000000e-01   -6.480213714802538494e-01
1.042480468750000000e-01   -6.601990695310512303e-01
1.044921875000000000e-01   -6.618636514747386901e-01
1.047363281250000000e-01   -6.571220722173536366e-01
1.049804687500000000e-01   -6.503596001928616532e-01
1.052246093750000000e-01   -6.450775162370792071e-01
1.054687500000000000e-01   -6.432369496746606075e-01
1.057128906250000000e-01   -6.451767566739742277e-01
1.059570312500000000e-01   -6.499522002627406980e-01
1.062011718750000000e-01   -6.558115244909795694e-01
1.064453125000000000e-01   -6.605278641150543750e-01
1.066894531250000000e-01   -6.615702325283713270e-01
1.069335937500000000e-01   -6.562303578569125273e-01
1.071777343750000000e-01   -6.419420295599100879e-01
1.074218750000000000e-01   -6.168311180685090989e-01
1.076660156250000000e-01   -5.804276668841643616e-01
1.079101562500000000e-01   -5.342252627868437909e-01
1.081542968750000000e-01   -4.817166136966164469e-01
1.083984375000000000e-01   -4.277116580188673467e-01
1.086425781250000000e-01   -3.770841376913917076e-01
1.088867187500000000e-01   -3.333159583104042811e-01
1.091308593750000000e-01   -2.974495869877373244e-01
1.093750000000000000e-01   -2.678236908687580686e-01
1.096191406250000000e-01   -2.407153000548219457e-01
1.098632812500000000e-01   -2.115783231796261599e-01
1.101074218750000000e-01   -1.764434257529335082e-01
1.103515625000000000e-01   -1.329336951071617701e-01
1.105957031250000000e-01   -8.071289902374810532e-02
1.108398437500000000e-01   -2.124899734609052293e-02
1.110839843750000000e-01   4.281027858914474710e-02
1.113281250000000000e-01   1.083795555171015584e-01
1.115722656250000000e-01   1.724715983524639784e-01
1.118164062500000000e-01   2.323950368003223077e-01
1.120605468750000000e-01   2.859351914767446212e-01
1.123046875000000000e-01   3.315555456511565247e-01
1.125488281250000000e-01   3.686144631367276880e-01
1.127929687500000000e-01   3.979117530797150470e-01
1.130371093750000000e-01   4.217854424737106367e-01
1.132812500000000000e-01   4.438531074452833347e-01
1.135253906250000000e-01   4.681298469539920681e-01
1.137695312500000000e-01   4.978136278778464430e-01
1.140136718750000000e-01   5.341589230636915042e-01
1.142578125000000000e-01   5.758627129050232218e-01
1.145019531250000000e-01   6.194065525064257338e-01
1.147460937500000000e-01   6.600336112573809144e-01
1.149902343750000000e-01   6.931148673750545663e-01
1.152343750000000000e-01   7.153954881629556173e-01
1.154785156250000000e-01   7.256612536349670295e-01
1.157226562500000000e-01   7.246846563323202650e-01
1.159667968750000000e-01   7.146657388419171975e-01
1.162109375000000000e-01   6.985152083576238180e-01
1.164550781250000000e-01   6.791897576697171202e-01
1.166992187500000000e-01   6.594552758967663353e-01
1.169433593750000000e-01   6.414813660141827079e-01
1.171875000000000000e-01   6.267017495839541930e-01
1.174316406250000000e-01   6.154515312654039727e-01
1.176757812500000000e-01   6.066684346908519654e-01
1.179199218750000000e-01   5.978002737608297812e-01
1.181640625000000000e-01   5.851829219699545837e-01
1.184082031250000000e-01   5.648683583807286857e-01
1.186523437500000000e-01   5.337668853696987403e-01
1.188964843750000000e-01   4.906658675186713614e-01
1.191406250000000000e-01   4.367959471216354417e-01
1.193847656250000000e-01   3.755959763111484384e-01
1.196289062500000000e-01   3.117873085897054364e-01
1.198730468750000000e-01   2.500482802199254229e-01
1.201171875000000000e-01   1.937895527674952378e-01
1.203613281250000000e-01   1.444201334101093137e-01
1.206054687500000000e-01   1.013263574142513473e-01
1.208496093750000000e-01   6.237942289126990891e-02
1.210937500000000000e-01   2.476965006040527176e-02
1.213378906250000000e-01   -1.423720418491152169e-02
1.215820312500000000e-01   -5.681298223058175306e-02
1.218261718750000000e-01   -1.044063348130194607e-01
1.220703125000000000e-01   -1.576879959383651331e-01
1.223144531250000000e-01   -2.164791034969676675e-01
1.225585937500000000e-01   -2.795363449634672981e-01
1.228027343750000000e-01   -3.443798681241527215e-01
1.230468750000000000e-01   -4.073678517392185783e-01
1.232910156250000000e-01   -4.643320570132968839e-01
1.235351562500000000e-01   -5.115581530553233724e-01
1.237792968750000000e-01   -5.469412274668810081e-01
1.240234375000000000e-01   -5.708249229604767105e-01
1.242675781250000000e-01   -5.859710144821486111e-01
1.245117187500000000e-01   -5.969348247296561993e-01
1.247558593750000000e-01   -6.085631898260316364e-01
1.250000000000000000e-01   -6.244774351098423271e-01
1.252441406250000000e-01   -6.460206262360924656e-01
1.254882812500000000e-01   -6.720029721712946769e-01
1.257324218750000000e-01   -6.993271454385020514e-01
1.259765625000000000e-01   -7.240693869509209346e-01
1.262207031250000000e-01   -7.426036809424829688e-01
1.264648437500000000e-01   -7.523141676504462305e-01
1.267089843750000000e-01   -7.518336251200822273e-01
1.269531250000000000e-01   -7.408797254240403474e-01
1.271972656250000000e-01   -7.200174423207710284e-01
1.274414062500000000e-01   -6.904959156811536491e-01
1.276855468750000000e-01   -6.543269839895513584e-01
1.279296875000000000e-01   -6.143332622244160879e-01
1.281738281250000000e-01   -5.739459410682601348e-01
1.284179687500000000e-01   -5.365504120382698083e-01
1.286621093750000000e-01   -5.045226076287189221e-01
1.289062500000000000e-01   -4.782478266117543009e-01
1.291503906250000000e-01   -4.556564697161412658e-01
1.293945312500000000e-01   -4.325461502049822715e-01
1.296386718750000000e-01   -4.037821420285667706e-01
1.298828125000000000e-01   -3.649239772212321542e-01
1.301269531250000000e-01   -3.137335589008966030e-01
1.303710937500000000e-01   -2.509281328913223752e-01
1.306152343750000000e-01   -1.799580922646681069e-01
1.308593750000000000e-01   -1.058461293332692843e-01
1.311035156250000000e-01   -3.364811323625208767e-02
1.313476562500000000e-01   3.288702521912413579e-02
1.315917968750000000e-01   9.193970582964011706e-02
1.318359375000000000e-01   1.435383332398957046e-01
1.320800781250000000e-01   1.889416282167921401e-01
1.323242187500000000e-01   2.299551018368603261e-01
1.325683593750000000e-01   2.684766796895147190e-01
1.328125000000000000e-01   3.064034356756692445e-01
1.330566406250000000e-01   3.456636529445020756e-01
1.333007812500000000e-01   3.881592630802691568e-01
1.335449218750000000e-01   4.353169125435754627e-01
1.337890625000000000e-01   4.874444913338124019e-01
1.340332031250000000e-01   5.430861724720881245e-01
1.342773437500000000e-01   5.988765532776439970e-01
1.345214843750000000e-01   6.500499312481755609e-01
1.347656250000000000e-01   6.916614203088667923e-01
1.350097656250000000e-01   7.200659889167397854e-01
1.352539062500000000e-01   7.341873380288599371e-01
1.354980468750000000e-01   7.359000213437115745e-01
1.357421875000000000e-01   7.294910897299059505e-01
1.359863281250000000e-01   7.203178596453317928e-01
1.362304687500000000e-01   7.128037565075787674e-01
1.364746093750000000e-01   7.096032309593945930e-01
1.367187500000000000e-01   7.107598764432275784e-01
1.369628906250000000e-01   7.142102686631923714e-01
1.372070312500000000e-01   7.167886815882493767e-01
1.374511718750000000e-01   7.152585337555072975e-01
1.376953125000000000e-01   7.070465567488117831e-01
1.379394531250000000e-01   6.904243205091913360e-01
1.381835937500000000e-01   6.643922933476523740e-01
1.384277343750000000e-01   6.285115873881119697e-01
1.386718750000000000e-01   5.829868623724208110e-01
1.389160156250000000e-01   5.289541239194833766e-01
1.391601562500000000e-01   4.687971462277011336e-01
1.394042968750000000e-01   4.060694215821515352e-01
1.396484375000000000e-01   3.449004903583897663e-01
1.398925781250000000e-01   2.889283950850541349e-01
1.401367187500000000e-01   2.401367874962204996e-01
1.403808593750000000e-01   1.980313841190598223e-01
1.406250000000000000e-01   1.596558623687980294e-01
1.408691406250000000e-01   1.204545079119845596e-01
1.411132812500000000e-01   7.576242198814923945e-02
1.413574218750000000e-01   2.231091348347480699e-02
1.416015625000000000e-01   -4.074342707082663495e-02
1.418457031250000000e-01   -1.116833828920905103e-01
1.420898437500000000e-01   -1.868662764221370731e-01
1.423339843750000000e-01   -2.618935072600799829e-01
1.425781250000000000e-01   -3.327250554798877324e-01
1.428222656250000000e-01   -3.964192944730524637e-01
1.430664062500000000e-01   -4.513546870417560197e-01
1.433105468750000000e-01   -4.971658404252564667e-01
1.435546875000000000e-01   -5.344808253249010432e-01
1.437988281250000000e-01   -5.647455784352137798e-01
1.440429687500000000e-01   -5.900937505478279776e-01
1.442871093750000000e-01   -6.132173745069945392e-01
1.445312500000000000e-01   -6.369460277557968952e-01
1.447753906250000000e-01   -6.636300072280090223e-01
1.450195312500000000e-01   -6.943014955227648777e-01
1.452636718750000000e-01   -7.280855328224007383e-01
1.455078125000000000e-01   -7.622373866332783354e-01
1.457519531250000000e-01   -7.922485322727286228e-01
1.459960937500000000e-01   -8.134311691374228603e-01
1.462402343750000000e-01   -8.220690104067986947e-01
1.464843750000000000e-01   -8.164717684458255853e-01
1.467285156250000000e-01   -7.974218972441395881e-01
1.469726562500000000e-01   -7.678081717398921313e-01
1.472167968750000000e-01   -7.317788142955102826e-01
1.474609375000000000e-01   -6.935886549721259620e-01
1.477050781250000000e-01   -6.565857845594593734e-01
1.479492187500000000e-01   -6.226267723010289190e-01
1.481933593750000000e-01   -5.920127651532159918e-01
1.484375000000000000e-01   -5.636819975514033576e-01
1.486816406250000000e-01   -5.355874761081591551e-01
1.489257812500000000e-01   -5.050768705843335926e-01
1.491699218750000000e-01   -4.693016606980490724e-01
1.494140625000000000e-01   -4.255742857943354274e-01
1.496582031250000000e-01   -3.719163114124382497e-01
1.499023437500000000e-01   -3.076651421531446662e-01
1.501464843750000000e-01   -2.339864905795464578e-01
1.503906250000000000e-01   -1.539771522112120539e-01
1.506347656250000000e-01   -7.224738608360335712e-02
1.508789062500000000e-01   6.170194744602023641e-03
1.511230468750000000e-01   7.711435599148197539e-02
1.513671875000000000e-01   1.384515767553307353e-01
1.516113281250000000e-01   1.905639806026822591e-01
1.518554687500000000e-01   2.360263699931165193e-01
1.520996093750000000e-01   2.786264424791802807e-01
1.523437500000000000e-01   3.221569545731111095e-01
1.525878906250000000e-01   3.693793476634848472e-01
1.528320312500000000e-01   4.215410560715160959e-01
1.530761718750000000e-01   4.783283283733577029e-01
1.533203125000000000e-01   5.381598813754779886e-01
1.535644531250000000e-01   5.985489250607033407e-01
1.538085937500000000e-01   6.564757216181148491e-01
1.540527343750000000e-01   7.086464695827221494e-01
1.542968750000000000e-01   7.518431231465392273e-01
1.545410156250000000e-01   7.834026115429680859e-01
1.547851562500000000e-01   8.018929127975774618e-01
1.550292968750000000e-01   8.076666134464591806e-01
1.552734375000000000e-01   8.030598524928379556e-01
1.555175781250000000e-01   7.919958276869818459e-01
1.557617187500000000e-01   7.790624075852120578e-01
1.560058593750000000e-01   7.682277161731914106e-01
1.562500000000000000e-01   7.616352384085708360e-01
1.564941406250000000e-01   7.588249503331186974e-01
1.567382812500000000e-01   7.571451235245818534e-01
1.569824218750000000e-01   7.523226462244756441e-01
1.572265625000000000e-01   7.399401621627500480e-01
1.574707031250000000e-01   7.166819699630695428e-01
1.577148437500000000e-01   6.811274937853654121e-01
1.579589843750000000e-01   6.337934576875549064e-01
1.582031250000000000e-01   5.766524360600724375e-01
1.584472656250000000e-01   5.124109842292060568e-01
1.586914062500000000e-01   4.439454119576459190e-01
1.589355468750000000e-01   3.739607763530576334e-01
1.591796875000000000e-01   3.049616618392412826e-01
1.594238281250000000e-01   2.391455541245689487e-01
1.596679687500000000e-01   1.781360990256257715e-01
1.599121093750000000e-01   1.224428846893717976e-01
1.601562500000000000e-01   7.103156468816299030e-02
1.604003906250000000e-01   2.122574653671289308e-02
1.606445312500000000e-01   -3.075465994539082829e-02
1.608886718750000000e-01   -8.872639862856943060e-02
1.611328125000000000e-01   -1.551444158127542050e-01
1.613769531250000000e-01   -2.300390719614527069e-01
1.616210937500000000e-01   -3.106648399190373167e-01
1.618652343750000000e-01   -3.921667838874445811e-01
1.621093750000000000e-01   -4.689040670545033263e-01
1.623535156250000000e-01   -5.361370028320089354e-01
1.625976562500000000e-01   -5.912664972059721302e-01
1.628417968750000000e-01   -6.342268768899167464e-01
1.630859375000000000e-01   -6.670379670679114081e-01
1.633300781250000000e-01   -6.927472313126622483e-01
1.635742187500000000e-01   -7.143299616302275501e-01
1.638183593750000000e-01   -7.340255877800836437e-01
1.640625000000000000e-01   -7.531320092683445599e-01
1.643066406250000000e-01   -7.722640390095505403e-01
1.645507812500000000e-01   -7.915685549145767830e-01
1.647949218750000000e-01   -8.106921513967390025e-01
1.650390625000000000e-01   -8.284420860716734669e-01
1.652832031250000000e-01   -8.425132321662788248e-01
1.655273437500000000e-01   -8.495170448282084452e-01
1.657714843750000000e-01   -8.456433112748841241e-01
1.660156250000000000e-01   -8.277763415679326719e-01
1.662597656250000000e-01   -7.947546271201805235e-01
1.665039062500000000e-01   -7.480804588203386896e-01
1.667480468750000000e-01   -6.918454402039623252e-01
1.669921875000000000e-01   -6.316488220927729547e-01
1.672363281250000000e-01   -5.730073260448285133e-01
1.674804687500000000e-01   -5.196178745274417921e-01
1.677246093750000000e-01   -4.723535429317856638e-01
1.679687500000000000e-01   -4.292375279532506527e-01
1.682128906250000000e-01   -3.864064991431562790e-01
1.684570312500000000e-01   -3.395843009539067925e-01
1.687011718750000000e-01   -2.854943491240931608e-01
1.689453125000000000e-01   -2.225921772123233833e-01
1.691894531250000000e-01   -1.511195430713388466e-01
1.694335937500000000e-01   -7.253207869932759566e-02
1.696777343750000000e-01   1.107719051574120733e-02
1.699218750000000000e-01   9.737039454277170158e-02
1.701660156250000000e-01   1.837397809864442511e-01
1.704101562500000000e-01   2.672574615551211452e-01
1.706542968750000000e-01   3.447068509084372234e-01
1.708984375000000000e-01   4.131123660873325942e-01
1.711425781250000000e-01   4.705557594695501389e-01
1.713867187500000000e-01   5.170780587972944042e-01
1.716308593750000000e-01   5.550105258284409038e-01
1.718750000000000000e-01   5.885729823446270714e-01
1.721191406250000000e-01   6.225785359421656118e-01
1.723632812500000000e-01   6.608183508525989902e-01
1.726074218750000000e-01   7.046227344597675302e-01
1.728515625000000000e-01   7.523246437142417919e-01
1.730957031250000000e-01   7.996998923095299805e-01
1.733398437500000000e-01   8.413056270655716595e-01
1.735839843750000000e-01   8.723593310899174780e-01
1.738281250000000000e-01   8.896028849905525115e-01
1.740722656250000000e-01   8.920738925482945003e-01
1.743164062500000000e-01   8.808126322386501394e-01
1.745605468750000000e-01   8.580635260864022396e-01
1.748046875000000000e-01   8.265488939498981669e-01
1.750488281250000000e-01   7.889818860915371879e-01
1.752929687500000000e-01   7.479286271438360112e-01
1.755371093750000000e-01   7.057190268531250421e-01
1.757812500000000000e-01   6.643071424962238014e-01
1.760253906250000000e-01   6.248434441766197445e-01
1.762695312500000000e-01   5.871807080677435842e-01
1.765136718750000000e-01   5.494725005303671139e-01
1.767578125000000000e-01   5.083352622327076409e-01
1.770019531250000000e-01   4.596315693390690127e-01
1.772460937500000000e-01   3.997923037865464546e-01
1.774902343750000000e-01   3.270869691230869347e-01
1.777343750000000000e-01   2.424952020159167332e-01
1.779785156250000000e-01   1.496437783578709879e-01
1.782226562500000000e-01   5.389542954763761745e-02
1.784667968750000000e-01   -3.917300752035816902e-02
1.787109375000000000e-01   -1.251883290244343028e-01
1.789550781250000000e-01   -2.019201732634665347e-01
1.791992187500000000e-01   -2.693843033392852027e-01
1.794433593750000000e-01   -3.293402388855319329e-01
1.796875000000000000e-01   -3.843546142309506308e-01
1.799316406250000000e-01   -4.370254196751165443e-01
1.801757812500000000e-01   -4.894590519622886160e-01
1.804199218750000000e-01   -5.431267418136178637e-01
1.806640625000000000e-01   -5.987864956001390793e-01
1.809082031250000000e-01   -6.564005615367427549e-01
1.811523437500000000e-01   -7.148474919259935056e-01
1.813964843750000000e-01   -7.717464252595613861e-01
1.816406250000000000e-01   -8.234654860881028826e-01
1.818847656250000000e-01   -8.658318157414632843e-01
1.821289062500000000e-01   -8.949683162289457927e-01
1.823730468750000000e-01   -9.084377000279444392e-01
1.826171875000000000e-01   -9.061238946809746508e-01
1.828613281250000000e-01   -8.903665791679096220e-01
1.831054687500000000e-01   -8.653002768178712500e-01
1.833496093750000000e-01   -8.356737124068666089e-01
1.835937500000000000e-01   -8.054326043807630287e-01
1.838378906250000000e-01   -7.767082643378991902e-01
1.840820312500000000e-01   -7.494357894031331568e-01
1.843261718750000000e-01   -7.217517433404067040e-01
1.845703125000000000e-01   -6.907691680902888764e-01
1.848144531250000000e-01   -6.535177300998814554e-01
1.850585937500000000e-01   -6.075577705278967233e-01
1.853027343750000000e-01   -5.513208305442900414e-01
1.855468750000000000e-01   -4.841585508234015900e-01
1.857910156250000000e-01   -4.064334403869039325e-01
1.860351562500000000e-01   -3.195882220806445795e-01
1.862792968750000000e-01   -2.262561587334844249e-01
1.865234375000000000e-01   -1.301139668218419809e-01
1.867675781250000000e-01   -3.545195843421995729e-02
1.870117187500000000e-01   5.368461287298472578e-02
1.872558593750000000e-01   1.344452446020443503e-01
1.875000000000000000e-01   2.060004403720345767e-01
1.877441406250000000e-01   2.698017931712479167e-01
1.879882812500000000e-01   3.291872566607353390e-01
1.882324218750000000e-01   3.882983420429525490e-01
1.884765625000000000e-01   4.507400536896387089e-01
1.887207031250000000e-01   5.182993098941414134e-01
1.889648437500000000e-01   5.903332438792583403e-01
1.892089843750000000e-01   6.639520881636041816e-01
1.894531250000000000e-01   7.348911255091612471e-01
1.896972656250000000e-01   7.986558702373435237e-01
1.899414062500000000e-01   8.515635754802719504e-01
1.901855468750000000e-01   8.913454678330805514e-01
1.904296875000000000e-01   9.172018525450060800e-01
1.906738281250000000e-01   9.289969378333231553e-01
1.909179687500000000e-01   9.282952321385842254e-01
1.911621093750000000e-01   9.167999602482903576e-01
1.914062500000000000e-01   8.970388135950767561e-01
1.916503906250000000e-01   8.720958043292478257e-01
1.918945312500000000e-01   8.451977719466092775e-01
1.921386718750000000e-01   8.188076228596001815e-01
1.923828125000000000e-01   7.937057701186681635e-01
1.926269531250000000e-01   7.683324978904939595e-01
1.928710937500000000e-01   7.389962953542336122e-01
1.931152343750000000e-01   7.008034879103289816e-01
1.933593750000000000e-01   6.493324494285807047e-01
1.936035156250000000e-01   5.821918794438543099e-01
1.938476562500000000e-01   4.999777019392933619e-01
1.940917968750000000e-01   4.060639487746838805e-01
1.943359375000000000e-01   3.055855392135653492e-01
1.945800781250000000e-01   2.038774923747818935e-01
1.948242187500000000e-01   1.052049553756147227e-01
1.950683593750000000e-01   1.203585775635541109e-02
1.953125000000000000e-01   -7.484965088674666589e-02
1.955566406250000000e-01   -1.558990617069893891e-01
1.958007812500000000e-01   -2.321346560744061149e-01
1.960449218750000000e-01   -3.048198763329209027e-01
1.962890625000000000e-01   -3.753258219927942396e-01
1.965332031250000000e-01   -4.452231772208593008e-01
1.967773437500000000e-01   -5.161279415561587092e-01
1.970214843750000000e-01   -5.893227710128108310e-01
1.972656250000000000e-01   -6.650008058576011294e-01
1.975097656250000000e-01   -7.416121946467328918e-01
1.977539062500000000e-01   -8.156195727714453669e-01
1.979980468750000000e-01   -8.821224878723635809e-01
1.982421875000000000e-01   -9.355211936705863929e-01
1.984863281250000000e-01   -9.718176730019462140e-01
1.987304687500000000e-01   -9.893254225135885704e-01
1.989746093750000000e-01   -9.893806487160919927e-01
1.992187500000000000e-01   -9.758192994545060728e-01
1.994628906250000000e-01   -9.537366544687130299e-01
1.997070312500000000e-01   -9.277746990337633060e-01
1.999511718750000000e-01   -9.008608958021584456e-01
2.001953125000000000e-01   -8.735829677038521313e-01
2.004394531250000000e-01   -8.446244832952382042e-01
2.006835937500000000e-01   -8.115694534423620876e-01
2.009277343750000000e-01   -7.718831971789672508e-01
2.011718750000000000e-01   -7.234279054125051234e-01
2.014160156250000000e-01   -6.646936336628557207e-01
2.016601562500000000e-01   -5.946534614019692855e-01
2.019042968750000000e-01   -5.127805988218014921e-01
2.021484375000000000e-01   -4.191870841232365752e-01
2.023925781250000000e-01   -3.151875072453461657e-01
2.026367187500000000e-01   -2.036308743217299932e-01
2.028808593750000000e-01   -8.895829173216632246e-02
2.031250000000000000e-01   2.353756577003441111e-02
2.033691406250000000e-01   1.288671381381101266e-01
2.036132812500000000e-01   2.238252027161679591e-01
2.038574218750000000e-01   3.079247416560996209e-01
2.041015625000000000e-01   3.835208476576953962e-01
2.043457031250000000e-01   4.547465543932774357e-01
2.045898437500000000e-01   5.260040515364109437e-01
2.048339843750000000e-01   6.002771511098803359e-01
2.050781250000000000e-01   6.781961275772138142e-01
2.053222656250000000e-01   7.578206885366298717e-01
2.055664062500000000e-01   8.354527517234842104e-01
2.058105468750000000e-01   9.066981045984465748e-01
2.060546875000000000e-01   9.670501858060890354e-01
2.062988281250000000e-01   1.013743984837510270e+00
2.065429687500000000e-01   1.044751914545184457e+00
2.067871093750000000e-01   1.059283089502015995e+00
2.070312500000000000e-01   1.057503076287897859e+00
2.072753906250000000e-01   1.040436790194215977e+00
2.075195312500000000e-01   1.010093145457614305e+00
2.077636718750000000e-01   9.693806477795601229e-01
2.080078125000000000e-01   9.218697796026164015e-01
2.082519531250000000e-01   8.710330929774391384e-01
2.084960937500000000e-01   8.193760993396956849e-01
2.087402343750000000e-01   7.674243152532730372e-01
2.089843750000000000e-01   7.134428718172995953e-01
2.092285156250000000e-01   6.538205330245759894e-01
2.094726562500000000e-01   5.842693481140174283e-01
2.097167968750000000e-01   5.012585348004146013e-01
2.099609375000000000e-01   4.033705362109634707e-01
2.102050781250000000e-01   2.918617676713816111e-01
2.104492187500000000e-01   1.705006701472112640e-01
2.106933593750000000e-01   4.455239593989976377e-02
2.109375000000000000e-01   -8.043007203678147199e-02
2.111816406250000000e-01   -1.998263720683322586e-01
2.114257812500000000e-01   -3.105959274006011572e-01
2.116699218750000000e-01   -4.114745292835408352e-01
2.119140625000000000e-01   -5.025743913696294474e-01
2.121582031250000000e-01   -5.849462211436001757e-01
2.124023437500000000e-01   -6.600706289119165904e-01
2.126464843750000000e-01   -7.296719144834388215e-01
2.128906250000000000e-01   -7.954078269256723566e-01
2.131347656250000000e-01   -8.586224295878169821e-01
2.133789062500000000e-01   -9.198777406835797477e-01
2.136230468750000000e-01   -9.784551263559194689e-01
2.138671875000000000e-01   -1.031957178829921329e+00
2.141113281250000000e-01   -1.076682099582332963e+00
2.143554687500000000e-01   -1.107782461161891829e+00
2.145996093750000000e-01   -1.120919012544855375e+00
2.148437500000000000e-01   -1.113238765917593298e+00
2.150878906250000000e-01   -1.084365214431870061e+00
2.153320312500000000e-01   -1.036513352033227697e+00
2.155761718750000000e-01   -9.739356983773075349e-01
2.158203125000000000e-01   -9.016247536202166568e-01
2.160644531250000000e-01   -8.240724228577576138e-01
2.163085937500000000e-01   -7.442510702487848961e-01
2.165527343750000000e-01   -6.633411069186921916e-01
2.167968750000000000e-01   -5.808566181980059362e-01
2.170410156250000000e-01   -4.953307992298514595e-01
2.172851562500000000e-01   -4.048903420292973565e-01
2.175292968750000000e-01   -3.078269595046350116e-01
2.177734375000000000e-01   -2.027689167635560175e-01
2.180175781250000000e-01   -8.901642568934826916e-02
2.182617187500000000e-01   3.320163103148547623e-02
2.185058593750000000e-01   1.622985757060869949e-01
2.187500000000000000e-01   2.951901644407855518e-01
2.189941406250000000e-01   4.272310443741433317e-01
2.192382812500000000e-01   5.528818952636577189e-01
2.194824218750000000e-01   6.667239156358655272e-01
2.197265625000000000e-01   7.648186390963547243e-01
2.199707031250000000e-01   8.455153043123571077e-01
2.202148437500000000e-01   9.098008650229989502e-01
2.204589843750000000e-01   9.606453352348516272e-01
2.207031250000000000e-01   1.001894423824402747e+00
2.209472656250000000e-01   1.036706193216174965e+00
2.211914062500000000e-01   1.066483473840189600e+00
2.214355468750000000e-01   1.091202575529125474e+00
2.216796875000000000e-01   1.108954424880102430e+00
2.219238281250000000e-01   1.117061916106848685e+00
2.221679687500000000e-01   1.112751561342133044e+00
2.224121093750000000e-01   1.093503075156088133e+00
2.226562500000000000e-01   1.057217636389221171e+00
2.229003906250000000e-01   1.002271538837426590e+00
2.231445312500000000e-01   9.279505189555330436e-01
2.233886718750000000e-01   8.347949619294324775e-01
2.236328125000000000e-01   7.251528782703523524e-01
2.238769531250000000e-01   6.032410778209171820e-01
2.241210937500000000e-01   4.746956945794719163e-01
2.243652343750000000e-01   3.452724510836318594e-01
2.246093750000000000e-01   2.195181066571401662e-01
2.248535156250000000e-01   9.961250691098863519e-02
2.250976562500000000e-01   -1.486399432723138972e-02
2.253417968750000000e-01   -1.264573015808894418e-01
2.255859375000000000e-01   -2.384883203785446160e-01
2.258300781250000000e-01   -3.536445942258020225e-01
2.260742187500000000e-01   -4.727654717596288525e-01
2.263183593750000000e-01   -5.945293662026897019e-01
2.265625000000000000e-01   -7.156814125977637442e-01
2.268066406250000000e-01   -8.319182089770966737e-01
2.270507812500000000e-01   -9.386964066585852251e-01
2.272949218750000000e-01   -1.031992180370196355e+00
2.275390625000000000e-01   -1.108550463518400697e+00
2.277832031250000000e-01   -1.165865666800100175e+00
2.280273437500000000e-01   -1.202171375546932763e+00
2.282714843750000000e-01   -1.216742696285401992e+00
2.285156250000000000e-01   -1.209891812647826193e+00
2.287597656250000000e-01   -1.183497718787961839e+00
2.290039062500000000e-01   -1.140832438789725289e+00
2.292480468750000000e-01   -1.086153072220730875e+00
2.294921875000000000e-01   -1.023491248064350101e+00
2.297363281250000000e-01   -9.555035395518968189e-01
2.299804687500000000e-01   -8.824168403021828144e-01
2.302246093750000000e-01   -8.019810181081188372e-01
2.304687500000000000e-01   -7.101150674622158654e-01
2.307128906250000000e-01   -6.025717996954162992e-01
2.309570312500000000e-01   -4.766995350943901699e-01
2.312011718750000000e-01   -3.328846214031263018e-01
2.314453125000000000e-01   -1.747710887886199382e-01
2.316894531250000000e-01   -8.505111375631266638e-03
2.319335937500000000e-01   1.589080969791160092e-01
2.321777343750000000e-01   3.212250852246348320e-01
2.324218750000000000e-01   4.741797077581841879e-01
2.326660156250000000e-01   6.154172878047228235e-01
2.329101562500000000e-01   7.438246659564597962e-01
2.331542968750000000e-01   8.587478592843944547e-01
2.333984375000000000e-01   9.596541756969564352e-01
2.336425781250000000e-01   1.045448993243103919e+00
2.338867187500000000e-01   1.117242586760523571e+00
2.341308593750000000e-01   1.175958384234707665e+00
2.343750000000000000e-01   1.223347169904624554e+00
2.346191406250000000e-01   1.260610259589254989e+00
2.348632812500000000e-01   1.287328935088235315e+00
2.351074218750000000e-01   1.300732552678535381e+00
2.353515625000000000e-01   1.296176371486863488e+00
2.355957031250000000e-01   1.268183757742633366e+00
2.358398437500000000e-01   1.212406629375155420e+00
2.360839843750000000e-01   1.127168924633471736e+00
2.363281250000000000e-01   1.014382362581793817e+00
2.365722656250000000e-01   8.789663705562600349e-01
2.368164062500000000e-01   7.277623060617126605e-01
2.370605468750000000e-01   5.676537709352708072e-01
2.373046875000000000e-01   4.041805378087454659e-01
2.375488281250000000e-01   2.406639802574680187e-01
2.377929687500000000e-01   7.852967573239047483e-02
2.380371093750000000e-01   -8.202721869400610155e-02
2.382812500000000000e-01   -2.410315669938206395e-01
2.385253906250000000e-01   -3.982141973458536710e-01
2.387695312500000000e-01   -5.527265671483190257e-01
2.390136718750000000e-01   -7.035294571600065883e-01
2.392578125000000000e-01   -8.494397977042099646e-01
2.395019531250000000e-01   -9.890738029955296051e-01
2.397460937500000000e-01   -1.120216952380273634e+00
2.399902343750000000e-01   -1.239328159338275892e+00
2.402343750000000000e-01   -1.341260921656392657e+00
2.404785156250000000e-01   -1.419703988422781338e+00
2.407226562500000000e-01   -1.468370704087282208e+00
2.409667968750000000e-01   -1.483693445520441800e+00
2.412109375000000000e-01   -1.463748916052108218e+00
2.414550781250000000e-01   -1.411249864929703612e+00
2.416992187500000000e-01   -1.331176511243316485e+00
2.419433593750000000e-01   -1.229648391268624907e+00
2.421875000000000000e-01   -1.111991011753533432e+00
2.424316406250000000e-01   -9.817443615205714291e-01
2.426757812500000000e-01   -8.403183459390995980e-01
2.429199218750000000e-01   -6.878173625792451951e-01
2.431640625000000000e-01   -5.238703604554180160e-01
2.434082031250000000e-01   -3.485931731133603551e-01
2.436523437500000000e-01   -1.627721085840740933e-01
2.438964843750000000e-01   3.186635738640419824e-02
2.441406250000000000e-01   2.330261497168963081e-01
2.443847656250000000e-01   4.377428551622835062e-01
2.446289062500000000e-01   6.422261361483130315e-01
2.448730468750000000e-01   8.412682245166700490e-01
2.451171875000000000e-01   1.028315043656495176e+00
2.453613281250000000e-01   1.195769736438856645e+00
2.456054687500000000e-01   1.336023111379101902e+00
2.458496093750000000e-01   1.442727479023531600e+00
2.460937500000000000e-01   1.513388929105623060e+00
2.463378906250000000e-01   1.546325156687301972e+00
2.465820312500000000e-01   1.544736177232205909e+00
2.468261718750000000e-01   1.513002285256853874e+00
2.470703125000000000e-01   1.455913754429134066e+00
2.473144531250000000e-01   1.376866326922602912e+00
2.475585937500000000e-01   1.277205780827855186e+00
2.478027343750000000e-01   1.156048621093848761e+00
2.480468750000000000e-01   1.011617850319054268e+00
2.482910156250000000e-01   8.423838612997760489e-01
2.485351562500000000e-01   6.485350950070689624e-01
2.487792968750000000e-01   4.322237845292975500e-01
2.490234375000000000e-01   1.976957130217764924e-01
2.492675781250000000e-01   -4.962861125112127264e-02
2.495117187500000000e-01   -3.034490130153192355e-01
2.497558593750000000e-01   -5.570502849744198848e-01
2.500000000000000000e-01   -8.027522769739596775e-01
2.502441406250000000e-01   -1.032207998033440655e+00
2.504882812500000000e-01   -1.236392309075879270e+00
2.507324218750000000e-01   -1.407025217421327135e+00
2.509765625000000000e-01   -1.537634475687801761e+00
2.512207031250000000e-01   -1.624818362625513046e+00
2.514648437500000000e-01   -1.669416745028780014e+00
2.517089843750000000e-01   -1.673814295858277346e+00
2.519531250000000000e-01   -1.641605176972521951e+00
2.521972656250000000e-01   -1.575574243471873581e+00
2.524414062500000000e-01   -1.476418417811197425e+00
2.526855468750000000e-01   -1.343224682695548289e+00
2.529296875000000000e-01   -1.174270888985886607e+00
2.531738281250000000e-01   -9.688371527143573303e-01
2.534179687500000000e-01   -7.281324242684374948e-01
2.536621093750000000e-01   -4.562092769010726023e-01
2.539062500000000000e-01   -1.595054091792280637e-01
2.541503906250000000e-01   1.532782866252243026e-01
2.543945312500000000e-01   4.723664140762451891e-01
2.546386718750000000e-01   7.871949200216473708e-01
2.548828125000000000e-01   1.086035748670368228e+00
2.551269531250000000e-01   1.357364563222660303e+00
2.553710937500000000e-01   1.590362359781366086e+00
2.556152343750000000e-01   1.774710062526299481e+00
2.558593750000000000e-01   1.902244349630349385e+00
2.561035156250000000e-01   1.967356103990863136e+00
2.563476562500000000e-01   1.967883615718568846e+00
2.565917968750000000e-01   1.904522800695256590e+00
2.568359375000000000e-01   1.780406552309793611e+00
2.570800781250000000e-01   1.599544986157145132e+00
2.573242187500000000e-01   1.366294086888629078e+00
2.575683593750000000e-01   1.084374818430909659e+00
2.578125000000000000e-01   7.578905431445458474e-01
2.580566406250000000e-01   3.921727154982456720e-01
2.583007812500000000e-01   -4.302938362447546877e-03
2.585449218750000000e-01   -4.198465268237758785e-01
2.587890625000000000e-01   -8.391235880648714174e-01
2.590332031250000000e-01   -1.244547001238747841e+00
2.592773437500000000e-01   -1.616971812418890542e+00
2.595214843750000000e-01   -1.937466655779807478e+00
2.597656250000000000e-01   -2.187452329362183701e+00
2.600097656250000000e-01   -2.349736493496814571e+00
2.602539062500000000e-01   -2.408566499419432017e+00
2.604980468750000000e-01   -2.351579706101275757e+00
2.607421875000000000e-01   -2.170534188002211096e+00
2.609863281250000000e-01   -1.864038685065570355e+00
2.612304687500000000e-01   -1.438770191182336511e+00
2.614746093750000000e-01   -9.107303298399989089e-01
2.617187500000000000e-01   -3.039721631884633735e-01
2.619628906250000000e-01   3.499051918176144804e-01
2.622070312500000000e-01   1.014258375862143735e+00
2.624511718750000000e-01   1.649022569052244647e+00
2.626953125000000000e-01   2.212654156643389491e+00
2.629394531250000000e-01   2.661601803406040467e+00
2.631835937500000000e-01   2.951420641259305810e+00
2.634277343750000000e-01   3.036885321835209872e+00
2.636718750000000000e-01   2.876378101345659299e+00
2.639160156250000000e-01   2.437454881338793733e+00
2.641601562500000000e-01   1.706616897371827424e+00
2.644042968750000000e-01   6.998383159007618426e-01
2.646484375000000000e-01   -5.244747732020725861e-01
2.648925781250000000e-01   -1.853885744059105667e+00
2.651367187500000000e-01   -3.109512617041345628e+00
2.653808593750000000e-01   -4.043036073590011270e+00
2.656250000000000000e-01   -4.352344601353441256e+00
2.658691406250000000e-01   -3.763129026132130406e+00
2.661132812500000000e-01   -2.208513758695721751e+00
2.663574218750000000e-01   -3.452089839252810155e-02
2.666015625000000000e-01   2.066276165835908785e+00
2.668457031250000000e-01   3.400180455224790510e+00
2.670898437500000000e-01   3.586345080678724262e+00
2.673339843750000000e-01   2.670841897256043485e+00
2.675781250000000000e-01   1.077080514805468736e+00
2.678222656250000000e-01   -5.492256840592009137e-01
2.680664062500000000e-01   -1.726101427454951542e+00
2.683105468750000000e-01   -2.098713331695794881e+00
2.685546875000000000e-01   -1.635738597138566730e+00
2.687988281250000000e-01   -6.231088632371282188e-01
2.690429687500000000e-01   4.352397783930856967e-01
2.692871093750000000e-01   1.095422034266193112e+00
2.695312500000000000e-01   1.147193742050133469e+00
2.697753906250000000e-01   6.992927689622877585e-01
2.700195312500000000e-01   5.273021431988424157e-02
2.702636718750000000e-01   -4.852967703909964459e-01
2.705078125000000000e-01   -7.015337307509319498e-01
2.707519531250000000e-01   -5.329732499758549347e-01
2.709960937500000000e-01   -1.279668512996337826e-01
2.712402343750000000e-01   2.749403545978700847e-01
2.714843750000000000e-01   4.859686115493698222e-01
2.717285156250000000e-01   4.566216305239310658e-01
2.719726562500000000e-01   2.451093634479603045e-01
2.722167968750000000e-01   -1.892572797541798579e-02
2.724609375000000000e-01   -2.135695256693099786e-01
2.727050781250000000e-01   -2.650771945556304465e-01
2.729492187500000000e-01   -1.758473845319047935e-01
2.731933593750000000e-01   -2.043955965155882723e-02
2.734375000000000000e-01   1.156975480381296079e-01
2.736816406250000000e-01   1.794863728512068879e-01
2.739257812500000000e-01   1.610460034267998941e-01
2.741699218750000000e-01   8.556547017145312017e-02
2.744140625000000000e-01   1.570383526795855267e-03
2.746582031250000000e-01   -4.514466492038610862e-02
2.749023437500000000e-01   -3.777386834700755674e-02
2.751464843750000000e-01   8.896319683463153882e-03
2.753906250000000000e-01   6.298080251702820043e-02
2.756347656250000000e-01   9.593008263095356702e-02
2.758789062500000000e-01   9.373772655960667388e-02
2.761230468750000000e-01   5.971127170862026295e-02
2.763671875000000000e-01   1.232540551845286853e-02
2.766113281250000000e-01   -2.473977210846473040e-02
2.768554687500000000e-01   -3.621560988586134539e-02
2.770996093750000000e-01   -2.041346168240083456e-02
2.773437500000000000e-01   1.301294011172987077e-02
2.775878906250000000e-01   5.025447883976232738e-02
2.778320312500000000e-01   7.800742400242131891e-02
2.780761718750000000e-01   8.799823238102236211e-02
2.783203125000000000e-01   7.991364879596625503e-02
2.785644531250000000e-01   6.037630646526202099e-02
2.788085937500000000e-01   3.770609343266290853e-02
2.790527343750000000e-01   1.874236550068183668e-02
2.792968750000000000e-01   6.763118673270258376e-03
2.795410156250000000e-01   2.079847218007766473e-03
2.797851562500000000e-01   2.405412374293837245e-03
2.800292968750000000e-01   5.185748189336907704e-03
2.802734375000000000e-01   9.316494617324174235e-03
2.805175781250000000e-01   1.546934457347914037e-02
2.807617187500000000e-01   2.448808487110202756e-02
2.810058593750000000e-01   3.641947732222955425e-02
2.812500000000000000e-01   4.922265253227375847e-02
2.814941406250000000e-01   5.946070211584012638e-02
2.817382812500000000e-01   6.290722059459787074e-02
2.819824218750000000e-01   5.669297124886114869e-02
2.822265625000000000e-01   4.073705137576176527e-02
2.824707031250000000e-01   1.862411408667137211e-02
2.827148437500000000e-01   -3.918057797429516480e-03
2.829589843750000000e-01   -2.046197157271744185e-02
2.832031250000000000e-01   -2.653059931059352505e-02
2.834472656250000000e-01   -2.071854154787081126e-02
2.836914062500000000e-01   -5.467985036214237198e-03
2.839355468750000000e-01   1.420788647239347273e-02
2.841796875000000000e-01   3.227468265376656764e-02
2.844238281250000000e-01   4.408857072437746133e-02
2.846679687500000000e-01   4.712971435991952784e-02
2.849121093750000000e-01   4.172520389393038348e-02
2.851562500000000000e-01   2.982449718972402658e-02
2.854003906250000000e-01   1.437812868812279703e-02
2.856445312500000000e-01   -2.204648309705951013e-03
2.858886718750000000e-01   -1.760882118480248948e-02
2.861328125000000000e-01   -3.013471497477661701e-02
2.863769531250000000e-01   -3.794343254912269092e-02
2.866210937500000000e-01   -3.956404759137843036e-02
2.868652343750000000e-01   -3.399086236169227698e-02
2.871093750000000000e-01   -2.171792563667235276e-02
2.873535156250000000e-01   -5.074858889558400699e-03
2.875976562500000000e-01   1.171136673446337984e-02
2.878417968750000000e-01   2.388498836875227807e-02
2.880859375000000000e-01   2.722725277299758648e-02
2.883300781250000000e-01   1.997356323185994764e-02
2.885742187500000000e-01   3.332609647890609917e-03
2.888183593750000000e-01   -1.853432912568704627e-02
2.890625000000000000e-01   -4.016635320188768898e-02
2.893066406250000000e-01   -5.615343302514351487e-02
2.895507812500000000e-01   -6.313730583666758711e-02
2.897949218750000000e-01   -6.033289146128836822e-02
2.900390625000000000e-01   -4.960310256360668524e-02
2.902832031250000000e-01   -3.418553840640271152e-02
2.905273437500000000e-01   -1.790564261187893233e-02
2.907714843750000000e-01   -3.788935042702146292e-03
2.910156250000000000e-01   5.985243061975044354e-03
2.912597656250000000e-01   1.037952419123519716e-02
2.915039062500000000e-01   8.834767949223354747e-03
2.917480468750000000e-01   1.385331291461646547e-03
2.919921875000000000e-01   -1.137007861733680715e-02
2.922363281250000000e-01   -2.757524774532468109e-02
2.924804687500000000e-01   -4.435561450678313783e-02
2.927246093750000000e-01   -5.786264015228106961e-02
2.929687500000000000e-01   -6.440753185275685522e-02
2.932128906250000000e-01   -6.145280693502433444e-02
2.934570312500000000e-01   -4.918861392730563414e-02
2.937011718750000000e-01   -3.046752270920859845e-02
2.939453125000000000e-01   -1.024272085128194454e-02
2.941894531250000000e-01   6.218544984060315334e-03
2.944335937500000000e-01   1.452601940334457761e-02
2.946777343750000000e-01   1.288338253400236715e-02
2.949218750000000000e-01   2.255070876715802898e-03
2.951660156250000000e-01   -1.412520863843498044e-02
2.954101562500000000e-01   -3.227929756829080871e-02
2.956542968750000000e-01   -4.828903096987777199e-02
2.958984375000000000e-01   -5.966820116438055488e-02
2.961425781250000000e-01   -6.520516333015281829e-02
2.963867187500000000e-01   -6.491175915597512114e-02
2.966308593750000000e-01   -5.922281314797080143e-02
2.968750000000000000e-01   -4.905013930843128700e-02
2.971191406250000000e-01   -3.582641094929593650e-02
2.973632812500000000e-01   -2.191513011659071419e-02
2.976074218750000000e-01   -1.037122357217080092e-02
2.978515625000000000e-01   -4.904100730757242690e-03
2.980957031250000000e-01   -8.170022461197499336e-03
2.983398437500000000e-01   -2.106503954613333715e-02
2.985839843750000000e-01   -4.159482209599659613e-02
2.988281250000000000e-01   -6.528004796401773446e-02
2.990722656250000000e-01   -8.630817267061219322e-02
2.993164062500000000e-01   -9.976238424925185089e-02
2.995605468750000000e-01   -1.026948605953298538e-01
2.998046875000000000e-01   -9.573012484468278183e-02
3.000488281250000000e-01   -8.228947048035953338e-02
3.002929687500000000e-01   -6.750678840604561193e-02
3.005371093750000000e-01   -5.606441316036717831e-02
3.007812500000000000e-01   -5.123244016370866183e-02
3.010253906250000000e-01   -5.391811466651058593e-02
3.012695312500000000e-01   -6.369862227414960221e-02
3.015136718750000000e-01   -7.879485003914959984e-02
3.017578125000000000e-01   -9.742264215807050487e-02
3.020019531250000000e-01   -1.177057919752665938e-01
3.022460937500000000e-01   -1.379587442881015369e-01
3.024902343750000000e-01   -1.559151204048440376e-01
3.027343750000000000e-01   -1.694879632947405568e-01
3.029785156250000000e-01   -1.763026821509647291e-01
3.032226562500000000e-01   -1.756964440394909455e-01
3.034667968750000000e-01   -1.687623855573187892e-01
3.037109375000000000e-01   -1.593962540851387721e-01
3.039550781250000000e-01   -1.524305049021263958e-01
3.041992187500000000e-01   -1.535363410843274268e-01
3.044433593750000000e-01   -1.659801881083885489e-01
3.046875000000000000e-01   -1.912310100551360414e-01
3.049316406250000000e-01   -2.257967744113135444e-01
3.051757812500000000e-01   -2.646990737014248696e-01
3.054199218750000000e-01   -2.910989491620239455e-01
3.056640625000000000e-01   -2.678205401661668539e-01
3.059082031250000000e-01   -2.296022272915096973e-01
3.061523437500000000e-01   -1.835369779559186953e-01
3.063964843750000000e-01   -1.328369898247037106e-01
3.066406250000000000e-01   -8.125801173524786758e-02
3.068847656250000000e-01   -3.171101378717178232e-02
3.071289062500000000e-01   1.382997620796961279e-02
3.073730468750000000e-01   5.379780973635426428e-02
3.076171875000000000e-01   8.756121776515705946e-02
3.078613281250000000e-01   1.148837879110184701e-01
3.081054687500000000e-01   1.357686304166197122e-01
3.083496093750000000e-01   1.504313104072289853e-01
3.085937500000000000e-01   1.607350963363678165e-01
3.088378906250000000e-01   1.694993068843490824e-01
3.090820312500000000e-01   1.803819899260624970e-01
3.093261718750000000e-01   1.971652889417023491e-01
3.095703125000000000e-01   2.221053094062035993e-01
3.098144531250000000e-01   2.548336278830418689e-01
3.100585937500000000e-01   2.924803939612454773e-01
3.103027343750000000e-01   3.300324613560222664e-01
3.105468750000000000e-01   3.616769259417016436e-01
3.107910156250000000e-01   3.832246408556271300e-01
3.110351562500000000e-01   3.929641418199765757e-01
3.112792968750000000e-01   3.917708534747594840e-01
3.115234375000000000e-01   3.833524306638288470e-01
3.117675781250000000e-01   3.722347202148693635e-01
3.120117187500000000e-01   3.626138423989489490e-01
3.122558593750000000e-01   3.574046401475388102e-01
3.125000000000000000e-01   3.579014039387758417e-01
3.127441406250000000e-01   3.639736894389077326e-01
3.129882812500000000e-01   3.743733882234718258e-01
3.132324218750000000e-01   3.870588443274963764e-01
3.134765625000000000e-01   3.995221892712216838e-01
3.137207031250000000e-01   4.088369352317683392e-01
3.139648437500000000e-01   4.119278050832244631e-01
3.142089843750000000e-01   4.063588527831877295e-01
3.144531250000000000e-01   3.912228022488002943e-01
3.146972656250000000e-01   3.671722164408715572e-01
3.149414062500000000e-01   3.371063324616261903e-01
3.151855468750000000e-01   3.053090414046158441e-01
3.154296875000000000e-01   2.761481851848432423e-01
3.156738281250000000e-01   2.533600190973991362e-01
3.159179687500000000e-01   2.381505126780979753e-01
3.161621093750000000e-01   2.297653811169786675e-01
3.164062500000000000e-01   2.256928195942336235e-01
3.166503906250000000e-01   2.222842370428857184e-01
3.168945312500000000e-01   2.158764792675643973e-01
3.171386718750000000e-01   2.037814156754760853e-01
3.173828125000000000e-01   1.842150062712743230e-01
3.176269531250000000e-01   1.568656356622367687e-01
3.178710937500000000e-01   1.226200647849394199e-01
3.181152343750000000e-01   8.332340646153402197e-02
3.183593750000000000e-01   4.173647844470612656e-02
3.186035156250000000e-01   1.329574129015669275e-03
3.188476562500000000e-01   -3.452611111354764867e-02
3.190917968750000000e-01   -6.318138186340542528e-02
3.193359375000000000e-01   -8.328456323974141318e-02
3.195800781250000000e-01   -9.564568026588818328e-02
3.198242187500000000e-01   -1.031138093455011284e-01
3.200683593750000000e-01   -1.099058784177780190e-01
3.203125000000000000e-01   -1.205174696942298146e-01
3.205566406250000000e-01   -1.383237595456202340e-01
3.208007812500000000e-01   -1.648813285890028679e-01
3.210449218750000000e-01   -1.991577784087832093e-01
3.212890625000000000e-01   -2.382337294495044666e-01
3.215332031250000000e-01   -2.780483175968252452e-01
3.217773437500000000e-01   -3.145382031068349460e-01
3.220214843750000000e-01   -3.446583224507620002e-01
3.222656250000000000e-01   -3.667886261381498314e-01
3.225097656250000000e-01   -3.807213353147864132e-01
3.227539062500000000e-01   -3.874874117529011341e-01
3.229980468750000000e-01   -3.890596220862129195e-01
3.232421875000000000e-01   -3.879504969509612322e-01
3.234863281250000000e-01   -3.868418821865086121e-01
3.237304687500000000e-01   -3.885771422760447846e-01
3.239746093750000000e-01   -3.955560728487216848e-01
3.242187500000000000e-01   -4.091800784571854033e-01
3.244628906250000000e-01   -4.292076587847049041e-01
3.247070312500000000e-01   -4.532248276125375730e-01
3.249511718750000000e-01   -4.771070338358210927e-01
3.251953125000000000e-01   -4.959762018313289555e-01
3.254394531250000000e-01   -5.055201054945834827e-01
3.256835937500000000e-01   -5.034829880825378856e-01
3.259277343750000000e-01   -4.903310982738395829e-01
3.261718750000000000e-01   -4.691071618206991700e-01
3.264160156250000000e-01   -4.445879895436958829e-01
3.266601562500000000e-01   -4.216739327986042674e-01
3.269042968750000000e-01   -4.039637381973223418e-01
3.271484375000000000e-01   -3.930770016245510590e-01
3.273925781250000000e-01   -3.886208670461979708e-01
3.276367187500000000e-01   -3.886213990716511080e-01
3.278808593750000000e-01   -3.903105902693018714e-01
3.281250000000000000e-01   -3.907242672816496620e-01
3.283691406250000000e-01   -3.873364549278365265e-01
3.286132812500000000e-01   -3.781340640767754668e-01
3.288574218750000000e-01   -3.615033346046646612e-01
3.291015625000000000e-01   -3.365241001636518625e-01
3.293457031250000000e-01   -3.035052997819092657e-01
3.295898437500000000e-01   -2.643281117822874338e-01
3.298339843750000000e-01   -2.223826702034851222e-01
3.300781250000000000e-01   -1.820573246668124312e-01
3.303222656250000000e-01   -1.476217320842796443e-01
3.305664062500000000e-01   -1.219720255498012995e-01
3.308105468750000000e-01   -1.054998977853272568e-01
3.310546875000000000e-01   -9.586670644418965326e-02
3.312988281250000000e-01   -8.852192148531141946e-02
3.315429687500000000e-01   -7.830416037770274174e-02
3.317871093750000000e-01   -6.099794350430577661e-02
3.320312500000000000e-01   -3.451591382291926968e-02
3.322753906250000000e-01   8.445613209065598636e-04
3.325195312500000000e-01   4.262234418106919387e-02
3.327636718750000000e-01   8.723573463893211088e-02
3.330078125000000000e-01   1.310936480460840048e-01
3.332519531250000000e-01   1.714107683326107079e-01
3.334960937500000000e-01   2.064246979868741561e-01
3.337402343750000000e-01   2.350625311693900488e-01
3.339843750000000000e-01   2.569661301985152746e-01
3.342285156250000000e-01   2.726091356473785421e-01
3.344726562500000000e-01   2.831990890032217711e-01
3.347167968750000000e-01   2.908817838590687099e-01
3.349609375000000000e-01   2.988278176006317621e-01
3.352050781250000000e-01   3.106183417510182121e-01
3.354492187500000000e-01   3.292455171989285279e-01
3.356933593750000000e-01   3.560061211647189139e-01
3.359375000000000000e-01   3.898004340751790586e-01
3.361816406250000000e-01   4.270908258605232710e-01
3.364257812500000000e-01   4.627129920815015174e-01
3.366699218750000000e-01   4.914274595216286956e-01
3.369140625000000000e-01   5.094827503584600237e-01
3.371582031250000000e-01   5.158098890227211797e-01
3.374023437500000000e-01   5.121084022103040700e-01
3.376464843750000000e-01   5.021134730802246926e-01
3.378906250000000000e-01   4.903435348241781955e-01
3.381347656250000000e-01   4.806771382409605331e-01
3.383789062500000000e-01   4.754781506261283597e-01
3.386230468750000000e-01   4.754650994862008040e-01
