0.000000000000000000e+00   -1.245025674566097695e+00
2.441406250000000000e-04   8.951293842873664364e-02
4.882812500000000000e-04   7.048525836390165944e-01
7.324218750000000000e-04   3.364096007365683927e-01
9.765625000000000000e-04   -5.258411146459188723e-01
1.220703125000000000e-03   -1.393450329534173582e+00
1.464843750000000000e-03   1.767264525177381973e+00
1.708984375000000000e-03   2.650875836871517954e+00
1.953125000000000000e-03   8.599549045443353190e-01
2.197265625000000000e-03   2.770775591883467559e-01
2.441406250000000000e-03   1.001146562907515580e+00
2.685546875000000000e-03   1.520831087329036269e+00
2.929687500000000000e-03   -1.403913167656539951e+00
3.173828125000000000e-03   8.124889868917773983e-01
3.417968750000000000e-03   1.685418284591838844e+00
3.662109375000000000e-03   -1.374226039553906320e+00
3.906250000000000000e-03   -3.402008255682647531e-01
4.150390625000000000e-03   -2.335454903496719803e-01
4.394531250000000000e-03   -6.543446344489471933e-01
4.638671875000000000e-03   2.999277708513309881e-01
4.882812500000000000e-03   9.766266647308778914e-01
5.126953125000000000e-03   -5.605862330472026756e-01
5.371093750000000000e-03   5.282621228604650332e-01
5.615234375000000000e-03   3.419609636315062429e-01
5.859375000000000000e-03   -1.787126226260737694e+00
6.103515625000000000e-03   -6.702387424917434222e-01
6.347656250000000000e-03   -1.029577955835442593e-01
6.591796875000000000e-03   -3.865217247434785675e-01
6.835937500000000000e-03   -1.295448215992881069e+00
7.080078125000000000e-03   6.747214116852422172e-02
7.324218750000000000e-03   -1.184482486241716925e-01
7.568359375000000000e-03   4.685780714439840011e-01
7.812500000000000000e-03   4.896158077855182755e-01
8.056640625000000000e-03   3.098158039643060246e-01
8.300781250000000000e-03   -3.562433493167700971e-01
8.544921875000000000e-03   -2.625577011790842352e+00
8.789062500000000000e-03   6.702188837510996144e-01
9.033203125000000000e-03   3.724289927507360570e-02
9.277343750000000000e-03   -1.174351244057167953e+00
9.521484375000000000e-03   3.543104778102762475e-01
9.765625000000000000e-03   4.940267604214905184e-01
1.000976562500000000e-02   8.297751618705055954e-01
1.025390625000000000e-02   -1.143243755639726578e+00
1.049804687500000000e-02   -2.462695355749126569e-01
1.074218750000000000e-02   -3.058782539233970699e-01
1.098632812500000000e-02   5.886602358534767099e-01
1.123046875000000000e-02   -5.673600627027514109e-01
1.147460937500000000e-02   -1.714809085516741716e+00
1.171875000000000000e-02   -1.102371572148073353e+00
1.196289062500000000e-02   3.217140092421855169e-02
1.220703125000000000e-02   -9.213192226410207852e-02
1.245117187500000000e-02   2.187494540564946244e-01
1.269531250000000000e-02   -7.281886966846897735e-01
1.293945312500000000e-02   -1.516178377918626419e+00
1.318359375000000000e-02   1.028891408081219927e+00
1.342773437500000000e-02   -1.160754156670589010e+00
1.367187500000000000e-02   -1.718525750907838046e-01
1.391601562500000000e-02   -1.271628953403670437e+00
1.416015625000000000e-02   -4.826323642350582310e-01
1.440429687500000000e-02   -1.017404326569240958e+00
1.464843750000000000e-02   1.248008571747724726e+00
1.489257812500000000e-02   -3.199745277001495025e-01
1.513671875000000000e-02   6.305149830858886029e-01
1.538085937500000000e-02   -1.813391787989477422e+00
1.562500000000000000e-02   -1.151684622987141950e-02
1.586914062500000000e-02   -1.251315750185173714e+00
1.611328125000000000e-02   -7.295926431794945710e-01
1.635742187500000000e-02   5.209573214075504666e-01
1.660156250000000000e-02   1.375491414489890651e+00
1.684570312500000000e-02   -5.581478703073964320e-01
1.708984375000000000e-02   -1.706813983205451191e+00
1.733398437500000000e-02   8.433774348517304453e-01
1.757812500000000000e-02   2.768207424987424448e-01
1.782226562500000000e-02   -1.965350549564017640e-02
1.806640625000000000e-02   9.378037173228033208e-01
1.831054687500000000e-02   2.410631618151587163e-01
1.855468750000000000e-02   4.988007081311809365e-01
1.879882812500000000e-02   -8.062964867560407090e-01
1.904296875000000000e-02   2.522381971088407226e+00
1.928710937500000000e-02   -4.795357539390607271e-01
1.953125000000000000e-02   5.121750130868017725e-02
1.977539062500000000e-02   7.984360451483185628e-01
2.001953125000000000e-02   -6.636041622708266363e-01
2.026367187500000000e-02   -4.695633820618568266e-01
2.050781250000000000e-02   3.078441707394867777e-01
2.075195312500000000e-02   -2.062848244623703420e-01
2.099609375000000000e-02   1.474150055916243263e+00
2.124023437500000000e-02   4.817377505826697104e-01
2.148437500000000000e-02   3.937431492775376740e-01
2.172851562500000000e-02   -6.314146394443083399e-02
2.197265625000000000e-02   -2.468840755550219257e-01
2.221679687500000000e-02   1.132031588888731122e+00
2.246093750000000000e-02   1.969989284382190453e+00
2.270507812500000000e-02   5.352648899214211831e-01
2.294921875000000000e-02   -5.624665164798170469e-01
2.319335937500000000e-02   1.981858559396179720e+00
2.343750000000000000e-02   -6.911747626499673558e-01
2.368164062500000000e-02   1.458265186222774457e+00
2.392578125000000000e-02   -1.231757680339856109e-01
2.416992187500000000e-02   2.076005544383613621e+00
2.441406250000000000e-02   -7.339997975233151228e-01
2.465820312500000000e-02   1.108263122289223856e+00
2.490234375000000000e-02   5.170943859845446022e-01
2.514648437500000000e-02   1.186674086285638641e+00
2.539062500000000000e-02   -9.612042309522627059e-01
2.563476562500000000e-02   3.234775161464401583e-01
2.587890625000000000e-02   1.870264805181516832e-01
2.612304687500000000e-02   1.363557341201626638e+00
2.636718750000000000e-02   6.459885687836344204e-01
2.661132812500000000e-02   -1.776006368485091080e+00
2.685546875000000000e-02   1.765646511491826054e+00
2.709960937500000000e-02   8.265440857657108120e-01
2.734375000000000000e-02   6.156975627699580178e-01
2.758789062500000000e-02   3.150448314982112752e-01
2.783203125000000000e-02   -8.437525351198579271e-01
2.807617187500000000e-02   1.273513852909461119e-01
2.832031250000000000e-02   1.596013326513755937e+00
2.856445312500000000e-02   9.753279471992296057e-02
2.880859375000000000e-02   3.862110862095434194e-01
2.905273437500000000e-02   2.099316188932553659e-02
2.929687500000000000e-02   -1.180795795109054858e+00
2.954101562500000000e-02   2.777662895824534739e-01
2.978515625000000000e-02   5.263564237140196944e-01
3.002929687500000000e-02   -6.024493015825483910e-01
3.027343750000000000e-02   2.983581809561944631e+00
3.051757812500000000e-02   -2.024388575749094255e+00
3.076171875000000000e-02   -4.160287579924455414e-01
3.100585937500000000e-02   1.135141020888283281e+00
3.125000000000000000e-02   2.242387082816199140e+00
3.149414062500000000e-02   1.588262884646369361e-02
3.173828125000000000e-02   -1.277088445557035712e+00
3.198242187500000000e-02   -1.001290725272342863e+00
3.222656250000000000e-02   1.018352058229951895e+00
3.247070312500000000e-02   -1.255317333868704033e+00
3.271484375000000000e-02   -1.739588021013438457e+00
3.295898437500000000e-02   2.120228045792917904e-01
3.320312500000000000e-02   -8.182268869510374021e-01
3.344726562500000000e-02   -6.469552329211618602e-01
3.369140625000000000e-02   5.282746279298409231e-01
3.393554687500000000e-02   -2.187038425845006628e+00
3.417968750000000000e-02   -1.195504518037503017e+00
3.442382812500000000e-02   -1.517374412220435786e+00
3.466796875000000000e-02   -2.281122200701189762e+00
3.491210937500000000e-02   -1.578912604534359110e+00
3.515625000000000000e-02   7.759972197767618374e-01
3.540039062500000000e-02   6.805852274989945272e-01
3.564453125000000000e-02   -2.418823372671048411e+00
3.588867187500000000e-02   -1.005160307023795774e+00
3.613281250000000000e-02   1.716122293564690038e+00
3.637695312500000000e-02   3.189593567196885582e-01
3.662109375000000000e-02   -1.378299679959328561e+00
3.686523437500000000e-02   4.777022529427133457e-01
3.710937500000000000e-02   1.052323919060432988e+00
3.735351562500000000e-02   -1.276949929121022898e+00
3.759765625000000000e-02   -3.489103067752956366e-02
3.784179687500000000e-02   -4.599778262356392089e-01
3.808593750000000000e-02   -4.711054816171276194e-01
3.833007812500000000e-02   -3.277544197276300864e-01
3.857421875000000000e-02   -1.731604478232711131e+00
3.881835937500000000e-02   -5.592575144402854859e-01
3.906250000000000000e-02   1.356971734779534033e+00
3.930664062500000000e-02   8.851124611125044117e-01
3.955078125000000000e-02   -2.956762602244275229e+00
3.979492187500000000e-02   5.831278060752710379e-01
4.003906250000000000e-02   5.575440879811043304e-01
4.028320312500000000e-02   1.647779733512047207e+00
4.052734375000000000e-02   2.136290302611020042e+00
4.077148437500000000e-02   -3.296218406411196344e+00
4.101562500000000000e-02   -1.379168329848014185e+00
4.125976562500000000e-02   -2.695995830355519263e-01
4.150390625000000000e-02   -8.016079144757955188e-02
4.174804687500000000e-02   -3.075423495580855149e-01
4.199218750000000000e-02   -1.659006197758133405e+00
4.223632812500000000e-02   -1.178484203718257045e-01
4.248046875000000000e-02   2.135113837435857587e+00
4.272460937500000000e-02   -5.967398471758263989e-01
4.296875000000000000e-02   -7.420987316397932299e-01
4.321289062500000000e-02   -3.592962603977141178e-01
4.345703125000000000e-02   7.975955840329952418e-01
4.370117187500000000e-02   1.230952572226829744e+00
4.394531250000000000e-02   3.448204938029518218e-01
4.418945312500000000e-02   3.665643630255859264e-01
4.443359375000000000e-02   -1.143355335822148877e+00
4.467773437500000000e-02   -1.278604873624829885e+00
4.492187500000000000e-02   -8.127458557350011326e-01
4.516601562500000000e-02   1.747904019586315361e+00
4.541015625000000000e-02   1.171380129535583015e+00
4.565429687500000000e-02   2.025525984602928098e+00
4.589843750000000000e-02   1.962527633172846397e-01
4.614257812500000000e-02   3.391341514230611920e-01
4.638671875000000000e-02   -9.380210451335893040e-01
4.663085937500000000e-02   7.700686223276002051e-01
4.687500000000000000e-02   1.446516748112542106e-01
4.711914062500000000e-02   -2.746025624623089634e-01
4.736328125000000000e-02   -7.411389788714392024e-01
4.760742187500000000e-02   7.439056274673999658e-01
4.785156250000000000e-02   1.701794723358756922e+00
4.809570312500000000e-02   -4.608136887591596786e-01
4.833984375000000000e-02   -1.292849195249575089e+00
4.858398437500000000e-02   -8.981878947556294623e-02
4.882812500000000000e-02   6.358501831402419979e-01
4.907226562500000000e-02   1.289609486747153588e-01
4.931640625000000000e-02   8.168993517065925580e-01
4.956054687500000000e-02   1.257246915129695219e+00
4.980468750000000000e-02   6.799675297019995845e-01
5.004882812500000000e-02   -2.073080412887959301e-01
5.029296875000000000e-02   -5.390627972353753128e-01
5.053710937500000000e-02   1.670218876076330572e+00
5.078125000000000000e-02   1.254819657081116313e+00
5.102539062500000000e-02   1.577451121448459448e+00
5.126953125000000000e-02   -1.268019767760667271e+00
5.151367187500000000e-02   4.274744854044171261e-01
5.175781250000000000e-02   8.025721809211485702e-01
5.200195312500000000e-02   5.459139606548019108e-01
5.224609375000000000e-02   -6.403551743904792870e-01
5.249023437500000000e-02   1.341387349534877371e+00
5.273437500000000000e-02   2.042088088047502581e-01
5.297851562500000000e-02   -6.250844582004487782e-01
5.322265625000000000e-02   1.652945608471234895e-01
5.346679687500000000e-02   -5.442738560957904870e-01
5.371093750000000000e-02   1.330360835062779357e-01
5.395507812500000000e-02   1.171952160526617825e-01
5.419921875000000000e-02   -1.790380438230251725e+00
5.444335937500000000e-02   5.680331765059015714e-01
5.468750000000000000e-02   -7.037124070495303085e-01
5.493164062500000000e-02   -2.988291639098967778e-01
5.517578125000000000e-02   2.992480652594881607e-01
5.541992187500000000e-02   -1.339617670821930506e+00
5.566406250000000000e-02   8.259640026034455185e-02
5.590820312500000000e-02   1.624425914489739053e+00
5.615234375000000000e-02   -5.716150165022547691e-01
5.639648437500000000e-02   -1.362096186222473859e+00
5.664062500000000000e-02   2.122594733261092270e-01
5.688476562500000000e-02   -8.522616363555530761e-01
5.712890625000000000e-02   1.780909009790133390e-01
5.737304687500000000e-02   -1.237878880573899831e+00
5.761718750000000000e-02   3.721846601004838440e-01
5.786132812500000000e-02   2.309019519874070614e+00
5.810546875000000000e-02   -1.328449622564893684e-01
5.834960937500000000e-02   -2.965380994974175621e+00
5.859375000000000000e-02   -1.038086464199892367e+00
5.883789062500000000e-02   -8.678157959567825985e-01
5.908203125000000000e-02   8.017949987799705136e-01
5.932617187500000000e-02   -6.477727373366228003e-02
5.957031250000000000e-02   1.408948334549353198e+00
5.981445312500000000e-02   -2.934643648378866043e+00
6.005859375000000000e-02   -4.625320965916073779e-01
6.030273437500000000e-02   -3.380425165504227225e-01
6.054687500000000000e-02   5.390746627489940990e-02
6.079101562500000000e-02   7.028450646909718547e-01
6.103515625000000000e-02   -1.172056509346178776e+00
6.127929687500000000e-02   -9.541170057513017611e-01
6.152343750000000000e-02   -9.288010711660770191e-01
6.176757812500000000e-02   2.753533399140136728e-01
6.201171875000000000e-02   -4.196451843136333459e-01
6.225585937500000000e-02   1.393631671130620031e+00
6.250000000000000000e-02   1.694333760870468941e-01
6.274414062500000000e-02   5.381336263573328615e-01
6.298828125000000000e-02   3.477821679941655586e-01
6.323242187500000000e-02   -8.865703834365039615e-01
6.347656250000000000e-02   3.887175391749658759e-01
6.372070312500000000e-02   1.285351273290185281e+00
6.396484375000000000e-02   6.856865516412993244e-01
6.420898437500000000e-02   5.602682519551303031e-01
6.445312500000000000e-02   -1.704022314148501971e-01
6.469726562500000000e-02   -1.443055423857782849e+00
6.494140625000000000e-02   -1.238817481387749053e+00
6.518554687500000000e-02   2.860207123051066724e-01
6.542968750000000000e-02   -3.983288663012876096e-01
6.567382812500000000e-02   -1.545214902664793888e+00
6.591796875000000000e-02   9.795909773833566536e-01
6.616210937500000000e-02   -1.155435987224326250e-01
6.640625000000000000e-02   -7.326151340900635134e-01
6.665039062500000000e-02   3.543603803228605464e-01
6.689453125000000000e-02   3.356697509142134717e-01
6.713867187500000000e-02   6.207865636334476411e-01
6.738281250000000000e-02   1.213361688087581269e+00
6.762695312500000000e-02   -3.402345655683000625e-02
6.787109375000000000e-02   -1.548530718992930044e+00
6.811523437500000000e-02   1.121371343241596374e+00
6.835937500000000000e-02   -7.161542128976019495e-01
6.860351562500000000e-02   -3.582971956464968688e-01
6.884765625000000000e-02   -1.105215298214436537e+00
6.909179687500000000e-02   4.267052079905911399e-01
6.933593750000000000e-02   3.346327327687328990e-01
6.958007812500000000e-02   1.052529135714139752e-01
6.982421875000000000e-02   1.708372462003417747e+00
7.006835937500000000e-02   2.271173184922155308e-01
7.031250000000000000e-02   1.709602982071896538e+00
7.055664062500000000e-02   6.202961773045513605e-02
7.080078125000000000e-02   6.177895101971675462e-01
7.104492187500000000e-02   1.756280240822401528e-01
7.128906250000000000e-02   1.263519975297507258e+00
7.153320312500000000e-02   7.659417062862955428e-01
7.177734375000000000e-02   -6.149548560935326202e-01
7.202148437500000000e-02   1.281303135579191510e+00
7.226562500000000000e-02   1.860913719242575370e-01
7.250976562500000000e-02   1.660996209892974473e+00
7.275390625000000000e-02   -6.001350717882277808e-01
7.299804687500000000e-02   1.202580791266992799e+00
7.324218750000000000e-02   1.078689738699927458e+00
7.348632812500000000e-02   4.144059383331588076e-01
7.373046875000000000e-02   2.721590112982614773e-01
7.397460937500000000e-02   -1.607893737266867795e+00
7.421875000000000000e-02   1.191036983894906864e+00
7.446289062500000000e-02   9.512202918296495113e-01
7.470703125000000000e-02   1.202968219040208231e+00
7.495117187500000000e-02   6.403390766179939408e-01
7.519531250000000000e-02   4.560613890273874649e-01
7.543945312500000000e-02   5.739729117900765898e-01
7.568359375000000000e-02   2.842106369869413784e-01
7.592773437500000000e-02   7.820129936346857935e-01
7.617187500000000000e-02   1.632161239723516344e-01
7.641601562500000000e-02   -6.086458228242711543e-01
7.666015625000000000e-02   1.454418919434494972e+00
7.690429687500000000e-02   2.035232326458503493e+00
7.714843750000000000e-02   -1.798146525918884686e+00
7.739257812500000000e-02   -2.257453916725591855e-02
7.763671875000000000e-02   9.776590883108324248e-03
7.788085937500000000e-02   4.020585003997474427e-01
7.812500000000000000e-02   3.060222621518176589e-01
7.836914062500000000e-02   -1.241290623112688785e+00
7.861328125000000000e-02   -5.076764239832995962e-01
7.885742187500000000e-02   7.169693395806464586e-02
7.910156250000000000e-02   2.002120103805239637e+00
7.934570312500000000e-02   -7.051242416071493713e-01
7.958984375000000000e-02   -5.501284419048420027e-01
7.983398437500000000e-02   -9.036948795333561435e-01
8.007812500000000000e-02   -7.966050532392077166e-01
8.032226562500000000e-02   4.028931389589971435e-01
8.056640625000000000e-02   -5.674763510458772364e-01
8.081054687500000000e-02   -1.363619419196466565e+00
8.105468750000000000e-02   -9.441893666989207290e-01
8.129882812500000000e-02   1.924708377340475784e-01
8.154296875000000000e-02   3.016905652979979813e-01
8.178710937500000000e-02   -5.156912248387022224e-01
8.203125000000000000e-02   5.587410347202378391e-01
8.227539062500000000e-02   -1.274460985775269561e+00
8.251953125000000000e-02   -1.349092455656436096e+00
8.276367187500000000e-02   -1.781619735630303403e+00
8.300781250000000000e-02   -8.527038755464787512e-01
8.325195312500000000e-02   -1.616859857238551967e+00
8.349609375000000000e-02   -7.795193094846529780e-01
8.374023437500000000e-02   -1.865110249495210537e+00
8.398437500000000000e-02   -4.618017040746322799e-01
8.422851562500000000e-02   -4.516431033994209310e-01
8.447265625000000000e-02   1.892360185629652636e-01
8.471679687500000000e-02   -2.611196340314903552e-01
8.496093750000000000e-02   -4.928528669714347665e-01
8.520507812500000000e-02   4.505038007497385033e-01
8.544921875000000000e-02   2.158866908694508646e-01
8.569335937500000000e-02   1.452926627546611948e+00
8.593750000000000000e-02   -4.394831827055617479e-01
8.618164062500000000e-02   -1.112047612110892647e+00
8.642578125000000000e-02   -7.793063517666187767e-01
8.666992187500000000e-02   -1.836068322171670708e+00
8.691406250000000000e-02   9.387083597290765136e-01
8.715820312500000000e-02   -2.792632687356902954e-01
8.740234375000000000e-02   1.142853341262862754e+00
8.764648437500000000e-02   -3.643403547225930184e-01
8.789062500000000000e-02   -1.597536556690421827e+00
8.813476562500000000e-02   -1.855061953899366234e+00
8.837890625000000000e-02   -6.007603472293728819e-01
8.862304687500000000e-02   2.117139375827882877e-02
8.886718750000000000e-02   2.555235114451350764e-01
8.911132812500000000e-02   4.441220464435643445e-01
8.935546875000000000e-02   -5.603429254281779848e-01
8.959960937500000000e-02   -8.198160464798935620e-02
8.984375000000000000e-02   -2.514805949496737636e+00
9.008789062500000000e-02   -1.929684554354423320e-01
9.033203125000000000e-02   1.208107206379450682e+00
9.057617187500000000e-02   6.367511079361507509e-01
9.082031250000000000e-02   -1.329280307608554423e+00
9.106445312500000000e-02   1.111240974160007333e+00
9.130859375000000000e-02   1.036646102205910136e+00
9.155273437500000000e-02   6.403711410526639058e-01
9.179687500000000000e-02   3.707535227914170450e-01
9.204101562500000000e-02   9.744776204197072023e-01
9.228515625000000000e-02   -9.501611605856129517e-01
9.252929687500000000e-02   9.703216315712830387e-01
9.277343750000000000e-02   -3.622664521268226800e-01
9.301757812500000000e-02   1.520490833571818579e+00
9.326171875000000000e-02   8.068520878224502146e-01
9.350585937500000000e-02   3.964945597253775045e-01
9.375000000000000000e-02   7.573818327740371170e-02
9.399414062500000000e-02   2.020910827144780930e-01
9.423828125000000000e-02   1.887298945433991459e+00
9.448242187500000000e-02   1.674466509409031412e+00
9.472656250000000000e-02   7.874098909341340491e-01
9.497070312500000000e-02   -6.450837006866440015e-01
9.521484375000000000e-02   -1.808832209749856312e-01
9.545898437500000000e-02   9.898143337531494224e-01
9.570312500000000000e-02   2.513738877568678226e-02
9.594726562500000000e-02   -1.075903123689920138e+00
9.619140625000000000e-02   1.300090755403839893e+00
9.643554687500000000e-02   1.320007385161551916e+00
9.667968750000000000e-02   -6.586337095103476091e-01
9.692382812500000000e-02   3.619565251978277831e-01
9.716796875000000000e-02   1.551519875525249059e+00
9.741210937500000000e-02   -1.179676308901952408e+00
9.765625000000000000e-02   5.093495312183625723e-01
9.790039062500000000e-02   1.641228805176554451e-01
9.814453125000000000e-02   3.025841278047084693e+00
9.838867187500000000e-02   4.174141293314773682e-01
9.863281250000000000e-02   -2.066280483915030608e-01
9.887695312500000000e-02   1.157021687799834941e+00
9.912109375000000000e-02   -8.812473834166650172e-03
9.936523437500000000e-02   -9.724285723275939708e-02
9.960937500000000000e-02   -1.149864365975429958e+00
9.985351562500000000e-02   -1.934171993824878311e-01
1.000976562500000000e-01   2.716454935002576843e-01
1.003417968750000000e-01   1.761108786247712388e+00
1.005859375000000000e-01   -1.947376284821999537e+00
1.008300781250000000e-01   1.860344169896244459e-01
1.010742187500000000e-01   -6.144025766732654770e-01
1.013183593750000000e-01   1.185719116536504240e-02
1.015625000000000000e-01   1.241796859092169775e-01
1.018066406250000000e-01   -8.824443399568737689e-01
1.020507812500000000e-01   -2.692932462099002056e+00
1.022949218750000000e-01   -5.909524552928980823e-01
1.025390625000000000e-01   -7.902946670639957594e-01
1.027832031250000000e-01   1.579215445605463897e+00
1.030273437500000000e-01   -1.270822717192731321e+00
1.032714843750000000e-01   -3.161609144023219131e-01
1.035156250000000000e-01   -6.015067769343025450e-01
1.037597656250000000e-01   -2.651038773794187065e-01
1.040039062500000000e-01   4.001714115647783676e-01
1.042480468750000000e-01   -4.202049356878498898e-01
1.044921875000000000e-01   -7.394127255891888018e-01
1.047363281250000000e-01   -1.221890080008813051e+00
1.049804687500000000e-01   9.424016231746609185e-01
1.052246093750000000e-01   -1.533501873320731068e+00
1.054687500000000000e-01   -1.422388559864362079e-01
1.057128906250000000e-01   -2.065431994677848326e+00
1.059570312500000000e-01   -8.392912795981533058e-01
1.062011718750000000e-01   -1.203154005063636456e+00
1.064453125000000000e-01   3.811381453861908408e-01
1.066894531250000000e-01   -6.160705308918710266e-01
1.069335937500000000e-01   -1.836261365391285372e+00
1.071777343750000000e-01   -1.255401319263462545e+00
1.074218750000000000e-01   8.691413284766982827e-02
1.076660156250000000e-01   8.353582346486584376e-01
1.079101562500000000e-01   6.250244660141940356e-01
1.081542968750000000e-01   2.640060575370841919e-02
1.083984375000000000e-01   -8.805259315096276573e-01
1.086425781250000000e-01   -6.344746185537496475e-01
1.088867187500000000e-01   -4.939424938532098741e-01
1.091308593750000000e-01   -1.126962071947106958e+00
1.093750000000000000e-01   -5.638016716983583754e-01
1.096191406250000000e-01   -4.365589216396466021e-01
1.098632812500000000e-01   -4.257962499742460327e-01
1.101074218750000000e-01   1.552996135317605386e+00
1.103515625000000000e-01   -1.785739912256785467e-01
1.105957031250000000e-01   -3.633133045678272333e-01
1.108398437500000000e-01   -5.412838019362070652e-01
1.110839843750000000e-01   -1.059281145924561851e-01
1.113281250000000000e-01   1.102341701272305352e+00
1.115722656250000000e-01   1.181151407302722278e+00
1.118164062500000000e-01   -1.409618260952328672e+00
1.120605468750000000e-01   1.108653695957219298e+00
1.123046875000000000e-01   1.744287896895290180e+00
1.125488281250000000e-01   -7.778817518867982006e-01
1.127929687500000000e-01   1.406616242971359121e+00
1.130371093750000000e-01   1.379630124326852447e-01
1.132812500000000000e-01   5.892024858324355074e-01
1.135253906250000000e-01   1.657753580771956781e+00
1.137695312500000000e-01   9.258149658253539416e-01
1.140136718750000000e-01   2.765653976521485813e+00
1.142578125000000000e-01   2.505368670826666477e+00
1.145019531250000000e-01   1.294889422681964719e+00
1.147460937500000000e-01   3.211301600501620945e-01
1.149902343750000000e-01   1.671881210094359416e+00
1.152343750000000000e-01   1.032479614960239100e+00
1.154785156250000000e-01   6.874413641600015668e-01
1.157226562500000000e-01   -1.042578891901670746e+00
1.159667968750000000e-01   -1.742846394072418148e+00
1.162109375000000000e-01   6.233296129458871793e-01
1.164550781250000000e-01   1.237995642421620301e+00
1.166992187500000000e-01   8.187556900673841342e-01
1.169433593750000000e-01   3.898026973361644609e-01
1.171875000000000000e-01   4.894594713366045013e-01
1.174316406250000000e-01   1.346249580287437242e+00
1.176757812500000000e-01   1.054177597348682660e+00
1.179199218750000000e-01   -1.465256900524821160e-01
1.181640625000000000e-01   6.695953880965184180e-01
1.184082031250000000e-01   8.613018172837366704e-01
1.186523437500000000e-01   5.075264965882421153e-01
1.188964843750000000e-01   2.026846747401930937e+00
1.191406250000000000e-01   -3.882408364044970250e-01
1.193847656250000000e-01   -1.530912517767127889e-01
1.196289062500000000e-01   5.834425798601515778e-01
1.198730468750000000e-01   -1.808983392966386328e+00
1.201171875000000000e-01   1.654612913804655472e+00
1.203613281250000000e-01   -7.907459039632225295e-02
1.206054687500000000e-01   2.197163764141548403e-01
1.208496093750000000e-01   1.007078225134794947e+00
1.210937500000000000e-01   -1.683892666458932874e+00
1.213378906250000000e-01   -1.219449479010363546e-01
1.215820312500000000e-01   7.705403916435630274e-01
1.218261718750000000e-01   1.552075206529836660e+00
1.220703125000000000e-01   1.470938524494220134e+00
1.223144531250000000e-01   -3.678498214571776503e-01
1.225585937500000000e-01   2.391781332361352444e-02
1.228027343750000000e-01   -2.208707126307815627e-01
1.230468750000000000e-01   -1.217214852629669775e+00
1.232910156250000000e-01   -1.647976308429623463e-02
1.235351562500000000e-01   -1.641346712490119319e+00
1.237792968750000000e-01   5.254679222887618240e-01
1.240234375000000000e-01   -1.372968451094790154e+00
1.242675781250000000e-01   -4.739200551072455525e-01
1.245117187500000000e-01   -1.714801641656618969e+00
1.247558593750000000e-01   -1.725415615258794944e+00
1.250000000000000000e-01   -1.466866005286181496e+00
1.252441406250000000e-01   -1.198555011233418011e+00
1.254882812500000000e-01   1.244145998089576599e+00
1.257324218750000000e-01   -1.905713441711371248e+00
1.259765625000000000e-01   -2.366605881320073212e+00
1.262207031250000000e-01   3.240207570771198031e-01
1.264648437500000000e-01   -2.018751665632015690e+00
1.267089843750000000e-01   -2.553817542669721274e-01
1.269531250000000000e-01   -2.819307380764908277e-01
1.271972656250000000e-01   -9.916663183966898387e-01
1.274414062500000000e-01   5.608649439712364293e-01
1.276855468750000000e-01   -1.929510228263171978e+00
1.279296875000000000e-01   -2.037953653014803024e+00
1.281738281250000000e-01   -2.294712311064985411e+00
1.284179687500000000e-01   -1.299338974839809868e+00
1.286621093750000000e-01   6.579430543172697377e-01
1.289062500000000000e-01   -2.862778779282057595e+00
1.291503906250000000e-01   -4.763452341160091530e-01
1.293945312500000000e-01   -1.354683388262052923e-01
1.296386718750000000e-01   -1.394846708355015341e-01
1.298828125000000000e-01   2.167083400026965367e-01
1.301269531250000000e-01   6.149567120011087962e-01
1.303710937500000000e-01   -1.307808069448246568e+00
1.306152343750000000e-01   6.636156133120174605e-01
1.308593750000000000e-01   -9.055032608556103924e-01
1.311035156250000000e-01   1.361216918480091964e+00
1.313476562500000000e-01   6.889969923902437010e-01
1.315917968750000000e-01   1.510616537629848377e+00
1.318359375000000000e-01   -1.563369666317195206e+00
1.320800781250000000e-01   -2.391205224812899210e+00
1.323242187500000000e-01   1.254251299836274924e+00
1.325683593750000000e-01   1.766664369585949634e+00
1.328125000000000000e-01   2.098661412456438669e+00
1.330566406250000000e-01   1.712621498053883862e+00
1.333007812500000000e-01   3.172664193942046351e-01
1.335449218750000000e-01   -5.854013294896137642e-01
1.337890625000000000e-01   4.786749050167607433e-01
1.340332031250000000e-01   1.242957884338123709e+00
1.342773437500000000e-01   -4.896225027654932394e-01
1.345214843750000000e-01   -5.570638298340371275e-01
1.347656250000000000e-01   8.719492903987589028e-01
1.350097656250000000e-01   7.389505848098959495e-01
1.352539062500000000e-01   5.317960723540293699e-01
1.354980468750000000e-01   9.156544294781795434e-01
1.357421875000000000e-01   2.152926855679778484e+00
1.359863281250000000e-01   1.580018883008434738e+00
1.362304687500000000e-01   1.091886234436454606e+00
1.364746093750000000e-01   -3.170991485748962668e-02
1.367187500000000000e-01   -7.267660617700754111e-01
1.369628906250000000e-01   1.707585425808520796e+00
1.372070312500000000e-01   5.118534776936274344e-01
1.374511718750000000e-01   -6.983104097229132501e-01
1.376953125000000000e-01   7.453950351085142367e-01
1.379394531250000000e-01   1.937066274270415445e+00
1.381835937500000000e-01   7.661941668880707379e-01
1.384277343750000000e-01   -4.370909138113008852e-01
1.386718750000000000e-01   4.035286570304296716e-01
1.389160156250000000e-01   1.306036254791640740e-02
1.391601562500000000e-01   4.730804383616430409e-01
1.394042968750000000e-01   7.888396124546310784e-01
1.396484375000000000e-01   -1.350689541067063626e+00
1.398925781250000000e-01   -3.675751408931699493e-01
1.401367187500000000e-01   -1.534929464410846878e+00
1.403808593750000000e-01   -2.838933669916949842e-01
1.406250000000000000e-01   7.396009010889351698e-01
1.408691406250000000e-01   3.403183831432723405e-01
1.411132812500000000e-01   2.718247280340717609e+00
1.413574218750000000e-01   2.055710783633852567e-01
1.416015625000000000e-01   -9.541812042247460601e-01
1.418457031250000000e-01   9.122620912502209523e-01
1.420898437500000000e-01   -3.010129197709141002e-01
1.423339843750000000e-01   1.162994018488586884e-01
1.425781250000000000e-01   -4.742342194095750668e-02
1.428222656250000000e-01   -1.429312831737539646e+00
1.430664062500000000e-01   -1.450442304700953478e-01
1.433105468750000000e-01   -4.297754735235108647e-01
1.435546875000000000e-01   -3.155784044825090118e-01
1.437988281250000000e-01   -4.538530770538960479e-01
1.440429687500000000e-01   -5.287434423034570452e-01
1.442871093750000000e-01   1.172086566415739606e+00
1.445312500000000000e-01   5.086070577086825029e-02
1.447753906250000000e-01   -9.989295561193590745e-01
1.450195312500000000e-01   -6.016355300986623300e-01
1.452636718750000000e-01   -1.882640715149209498e+00
1.455078125000000000e-01   -2.519466020106342352e-02
1.457519531250000000e-01   -7.965047044149321520e-01
1.459960937500000000e-01   -1.612629711931994114e+00
1.462402343750000000e-01   -2.532410320070007881e+00
1.464843750000000000e-01   -1.471403890539914272e+00
1.467285156250000000e-01   -6.164480827351603853e-01
1.469726562500000000e-01   -1.196441077974384593e+00
1.472167968750000000e-01   -1.878512087466546854e+00
1.474609375000000000e-01   -9.056511077781863595e-01
1.477050781250000000e-01   4.329949302279011425e-01
1.479492187500000000e-01   -9.238913979731014914e-01
1.481933593750000000e-01   -4.111438861343394979e-01
1.484375000000000000e-01   -2.916030621041604820e-01
1.486816406250000000e-01   -2.810755640220141682e-01
1.489257812500000000e-01   -1.233724610436853997e+00
1.491699218750000000e-01   -5.814382489035273549e-01
1.494140625000000000e-01   2.234688416997540616e-01
1.496582031250000000e-01   1.305304333792894456e+00
1.499023437500000000e-01   2.582818303807344479e-02
1.501464843750000000e-01   -8.865655823936472446e-01
1.503906250000000000e-01   1.002656494983869134e-01
1.506347656250000000e-01   2.516715655412484320e+00
1.508789062500000000e-01   2.009744736591304037e-01
1.511230468750000000e-01   -2.327863616244001399e+00
1.513671875000000000e-01   7.620831116159214602e-01
1.516113281250000000e-01   4.813519151455825651e-01
1.518554687500000000e-01   -4.940474775870909996e-01
1.520996093750000000e-01   -5.407027035707585583e-01
1.523437500000000000e-01   -7.014231758249245274e-01
1.525878906250000000e-01   3.260385659633122102e-01
1.528320312500000000e-01   -6.993571795651148948e-01
1.530761718750000000e-01   -1.072093476834696801e+00
1.533203125000000000e-01   1.173312367470981998e+00
1.535644531250000000e-01   5.665456939571489325e-01
1.538085937500000000e-01   5.183952748717106651e-01
1.540527343750000000e-01   1.450416432185101634e+00
1.542968750000000000e-01   -1.142405346787200182e+00
1.545410156250000000e-01   4.358306286445350342e-01
1.547851562500000000e-01   3.645041127161836592e+00
1.550292968750000000e-01   -4.995549800830371701e-01
1.552734375000000000e-01   1.832098181084885535e+00
1.555175781250000000e-01   6.236142825744244167e-01
1.557617187500000000e-01   1.736873106056826321e+00
1.560058593750000000e-01   1.556861310855161662e+00
1.562500000000000000e-01   1.318536423736588414e+00
1.564941406250000000e-01   1.622807076573492824e-01
1.567382812500000000e-01   1.589178145091256100e+00
1.569824218750000000e-01   1.218928445785391501e+00
1.572265625000000000e-01   4.184744716420497057e-01
1.574707031250000000e-01   1.210143555395714055e+00
1.577148437500000000e-01   -6.934785294729767235e-02
1.579589843750000000e-01   1.448976158817130155e+00
1.582031250000000000e-01   8.216231483501263977e-01
1.584472656250000000e-01   7.127654878302499553e-01
1.586914062500000000e-01   3.485019579941022738e-01
1.589355468750000000e-01   5.643657899794506383e-01
1.591796875000000000e-01   -7.336976500227525566e-01
1.594238281250000000e-01   -2.634940310383033224e-01
1.596679687500000000e-01   8.951873644787618212e-02
1.599121093750000000e-01   6.914679286455498453e-01
1.601562500000000000e-01   1.233994522389846304e+00
1.604003906250000000e-01   -2.234544169639937905e-01
1.606445312500000000e-01   7.696431977702994365e-01
1.608886718750000000e-01   -9.996435846794538005e-02
1.611328125000000000e-01   1.285327627662467442e+00
1.613769531250000000e-01   5.731300588185370692e-01
1.616210937500000000e-01   -4.880257715604037205e-01
1.618652343750000000e-01   -1.136217610342505457e+00
1.621093750000000000e-01   -9.375016992658727899e-01
1.623535156250000000e-01   -2.147706384459983742e+00
1.625976562500000000e-01   -3.259273384526242268e-01
1.628417968750000000e-01   -8.246174749917825064e-01
1.630859375000000000e-01   -1.641952636048266412e-01
1.633300781250000000e-01   -2.936321448801283984e-01
1.635742187500000000e-01   3.454802222537327605e-01
1.638183593750000000e-01   1.757014830226456992e+00
1.640625000000000000e-01   1.114842287868471199e-01
1.643066406250000000e-01   -1.073939639930374002e+00
1.645507812500000000e-01   -2.079115090453030223e+00
1.647949218750000000e-01   -1.747391078847246593e-01
1.650390625000000000e-01   -1.477811153334318117e+00
1.652832031250000000e-01   -5.504816690033906834e-01
1.655273437500000000e-01   -6.613154066940384324e-01
1.657714843750000000e-01   -3.440347273072130174e-01
1.660156250000000000e-01   2.709545533247081361e-01
1.662597656250000000e-01   -1.521161273401194336e+00
1.665039062500000000e-01   -5.501451071380639712e-01
1.667480468750000000e-01   -9.333221307478536399e-01
1.669921875000000000e-01   -7.125407135480061882e-01
1.672363281250000000e-01   -9.542764735650337560e-01
1.674804687500000000e-01   -1.703416186839166624e+00
1.677246093750000000e-01   -1.040222446646487553e+00
1.679687500000000000e-01   -1.055486714758036682e+00
1.682128906250000000e-01   -2.340988205108891496e-01
1.684570312500000000e-01   6.318198309387035305e-01
1.687011718750000000e-01   3.748739793893526295e-01
1.689453125000000000e-01   -1.470540153934275063e+00
1.691894531250000000e-01   -1.556327332218684800e+00
1.694335937500000000e-01   -1.453018613665598924e+00
1.696777343750000000e-01   -8.818034690008842436e-01
1.699218750000000000e-01   8.434670104428348969e-02
1.701660156250000000e-01   9.866639259556598818e-01
1.704101562500000000e-01   5.228757256235880835e-01
1.706542968750000000e-01   -3.553900900971375121e-01
1.708984375000000000e-01   -1.478575483260191059e-01
1.711425781250000000e-01   8.807338131368311895e-01
1.713867187500000000e-01   7.965222675372640726e-01
1.716308593750000000e-01   7.018026887750675735e-01
1.718750000000000000e-01   4.125701830439449935e-01
1.721191406250000000e-01   2.431120583840541638e+00
1.723632812500000000e-01   2.250000119521792463e+00
1.726074218750000000e-01   -3.559244104253148078e-01
1.728515625000000000e-01   -6.547445064115678948e-01
1.730957031250000000e-01   1.267964907423642651e-01
1.733398437500000000e-01   -6.146224081485259783e-01
1.735839843750000000e-01   1.016695466156296579e+00
1.738281250000000000e-01   4.622118726605523031e-01
1.740722656250000000e-01   7.034988907025805371e-01
1.743164062500000000e-01   2.501179447436699732e+00
1.745605468750000000e-01   1.398516020819048356e+00
1.748046875000000000e-01   1.376361860349949673e+00
1.750488281250000000e-01   1.466998132017850009e+00
1.752929687500000000e-01   1.076017146593030160e+00
1.755371093750000000e-01   -1.017868348618356927e-01
1.757812500000000000e-01   9.752754840199959752e-01
1.760253906250000000e-01   -5.205983065110288133e-02
1.762695312500000000e-01   2.605348871334765559e-01
1.765136718750000000e-01   8.885240286983738800e-01
1.767578125000000000e-01   5.299345607118041146e-01
1.770019531250000000e-01   1.874356540139573646e+00
1.772460937500000000e-01   -1.535220559593942213e-01
1.774902343750000000e-01   4.260434914956056640e-01
1.777343750000000000e-01   -2.907737483889089036e-01
1.779785156250000000e-01   1.329350805122339052e+00
1.782226562500000000e-01   1.543759293195336335e+00
1.784667968750000000e-01   -6.767187288066839335e-01
1.787109375000000000e-01   -9.489733883182409624e-01
1.789550781250000000e-01   6.468875248491996466e-01
1.791992187500000000e-01   5.380786391051918249e-01
1.794433593750000000e-01   -3.684959205220073586e-01
1.796875000000000000e-01   -5.897728614591032370e-01
1.799316406250000000e-01   -2.743760561522790020e-01
1.801757812500000000e-01   -2.457865778477141827e-02
1.804199218750000000e-01   -1.399172535822728047e+00
1.806640625000000000e-01   -6.963703813144451749e-01
1.809082031250000000e-01   -2.520976262608078500e+00
1.811523437500000000e-01   5.055979066868634408e-01
1.813964843750000000e-01   -5.482040874297916533e-01
1.816406250000000000e-01   -1.560156981110374597e+00
1.818847656250000000e-01   -1.385894431575365404e+00
1.821289062500000000e-01   -4.013368434420084285e-01
1.823730468750000000e-01   -4.397574676664090521e-01
1.826171875000000000e-01   -2.218264391323481188e+00
1.828613281250000000e-01   -2.048995509738282372e+00
1.831054687500000000e-01   -8.773105358855590730e-01
1.833496093750000000e-01   -1.395447819868744332e+00
1.835937500000000000e-01   -2.029299765201141081e+00
1.838378906250000000e-01   -1.961110924773020514e+00
1.840820312500000000e-01   2.850341931995484246e-01
1.843261718750000000e-01   -2.252306788290603101e-01
1.845703125000000000e-01   -2.667561082386838756e+00
1.848144531250000000e-01   1.554400306973075796e-01
1.850585937500000000e-01   -5.104372907376950042e-02
1.853027343750000000e-01   -1.228374959995434529e-01
1.855468750000000000e-01   4.298986168024381826e-01
1.857910156250000000e-01   -1.882555951677838069e+00
1.860351562500000000e-01   -1.007496183141036949e+00
1.862792968750000000e-01   -2.905350762856968028e-01
1.865234375000000000e-01   1.803880015827718619e+00
1.867675781250000000e-01   -1.504515974349400542e+00
1.870117187500000000e-01   -1.506849266492713557e+00
1.872558593750000000e-01   -2.107200694069490676e-01
1.875000000000000000e-01   -5.284190676231880213e-01
1.877441406250000000e-01   7.314558230892032054e-01
1.879882812500000000e-01   5.511501199914774496e-01
1.882324218750000000e-01   2.221200347101121242e+00
1.884765625000000000e-01   -2.269160876528167683e-02
1.887207031250000000e-01   2.572598853919620510e+00
1.889648437500000000e-01   -6.105253136279453763e-01
1.892089843750000000e-01   3.217986138178133837e-01
1.894531250000000000e-01   7.522328507305570122e-02
1.896972656250000000e-01   5.805313595344813171e-01
1.899414062500000000e-01   1.483072956819860178e+00
1.901855468750000000e-01   9.356978968851802358e-01
1.904296875000000000e-01   -3.624620108799010698e-02
1.906738281250000000e-01   6.268022948368181524e-01
1.909179687500000000e-01   8.440923534585588195e-01
1.911621093750000000e-01   2.952449043533472484e+00
1.914062500000000000e-01   2.001248172038062378e+00
1.916503906250000000e-01   -2.814959467350270361e-01
1.918945312500000000e-01   5.125218940224698372e-01
1.921386718750000000e-01   2.792769813960739533e+00
1.923828125000000000e-01   -8.161304327659379965e-01
1.926269531250000000e-01   1.459672714031900576e+00
1.928710937500000000e-01   1.754051858794470675e+00
1.931152343750000000e-01   1.084871197633940021e+00
1.933593750000000000e-01   1.414691439441014553e-01
1.936035156250000000e-01   -2.491648138789596956e-01
1.938476562500000000e-01   1.954951851672693586e+00
1.940917968750000000e-01   1.150143782726073427e+00
1.943359375000000000e-01   2.062366808402004370e+00
1.945800781250000000e-01   1.276543258959443039e-01
1.948242187500000000e-01   -8.732414648693193060e-02
1.950683593750000000e-01   -5.423321920283136893e-02
1.953125000000000000e-01   -4.693988460618602199e-01
1.955566406250000000e-01   -4.208152123148411472e-01
1.958007812500000000e-01   1.086218828512785173e+00
1.960449218750000000e-01   -4.458006251162308087e-02
1.962890625000000000e-01   -1.100828401394553291e+00
1.965332031250000000e-01   -2.334764408613574163e-02
1.967773437500000000e-01   -9.183723745141031403e-01
1.970214843750000000e-01   -1.649705334655599653e+00
1.972656250000000000e-01   -1.072234826303167132e+00
1.975097656250000000e-01   -1.790421173567115831e+00
1.977539062500000000e-01   -1.121093113709580980e+00
1.979980468750000000e-01   -1.134732004285170737e+00
1.982421875000000000e-01   -1.482437272769424386e+00
1.984863281250000000e-01   3.001761538390020356e-01
1.987304687500000000e-01   -2.603842894477762515e-01
1.989746093750000000e-01   -9.205474257084954592e-01
1.992187500000000000e-01   -1.510447982108091169e+00
1.994628906250000000e-01   1.016132529075430557e-01
1.997070312500000000e-01   -2.007817838870725513e+00
1.999511718750000000e-01   -1.626069063530107384e+00
2.001953125000000000e-01   -3.125799391322475751e-01
2.004394531250000000e-01   1.306374756517938163e-01
2.006835937500000000e-01   -1.554128290397447154e+00
2.009277343750000000e-01   -2.805868922754151118e+00
2.011718750000000000e-01   -1.251448344016081737e+00
2.014160156250000000e-01   -6.903614619355787907e-01
2.016601562500000000e-01   3.620180815882457215e-01
2.019042968750000000e-01   -1.734160563144817591e+00
2.021484375000000000e-01   -4.038341941056078355e-01
2.023925781250000000e-01   1.881754949832095680e-01
2.026367187500000000e-01   -9.492769355420347388e-01
2.028808593750000000e-01   -1.381970950664881181e+00
2.031250000000000000e-01   1.729991526608609220e+00
2.033691406250000000e-01   -7.302495757476308302e-01
2.036132812500000000e-01   -1.842081459096352458e-01
2.038574218750000000e-01   4.225400536399884222e-01
2.041015625000000000e-01   8.779622048729508466e-01
2.043457031250000000e-01   -6.408625641078808943e-01
2.045898437500000000e-01   3.105271738856083541e-01
2.048339843750000000e-01   -7.499445495665176820e-01
2.050781250000000000e-01   2.567614492513820679e+00
2.053222656250000000e-01   -4.556223014651914482e-01
2.055664062500000000e-01   1.083191144516494342e+00
2.058105468750000000e-01   1.257313732298438902e+00
2.060546875000000000e-01   5.487882118430372769e-01
2.062988281250000000e-01   6.860274280812390657e-01
2.065429687500000000e-01   1.396934967257831506e+00
2.067871093750000000e-01   9.373513008418111747e-01
2.070312500000000000e-01   7.593440450557241705e-01
2.072753906250000000e-01   1.341584438566504778e+00
2.075195312500000000e-01   8.917261274164927087e-01
2.077636718750000000e-01   2.242467156921613025e+00
2.080078125000000000e-01   7.302649833408716429e-01
2.082519531250000000e-01   2.240079536265330074e+00
2.084960937500000000e-01   2.605366941349184451e+00
2.087402343750000000e-01   9.887806045223003215e-01
2.089843750000000000e-01   1.363704001921298037e+00
2.092285156250000000e-01   1.085707021582607901e+00
2.094726562500000000e-01   3.374711345848649402e-01
2.097167968750000000e-01   1.941488573850464361e+00
2.099609375000000000e-01   6.936062404351261979e-01
2.102050781250000000e-01   7.694868714539147003e-01
2.104492187500000000e-01   -6.621583473826959665e-01
2.106933593750000000e-01   2.528545632078397443e+00
2.109375000000000000e-01   5.735098670398808274e-01
2.111816406250000000e-01   -1.034294438837522367e+00
2.114257812500000000e-01   8.613632439306559418e-02
2.116699218750000000e-01   -6.713251108584841198e-01
2.119140625000000000e-01   -4.928366485304204736e-01
2.121582031250000000e-01   -7.007678374262445997e-01
2.124023437500000000e-01   -1.338244971580414777e+00
2.126464843750000000e-01   -2.133031427501542954e+00
2.128906250000000000e-01   -1.218360175703759041e-01
2.131347656250000000e-01   -7.320330303687612172e-01
2.133789062500000000e-01   8.840295460757637523e-04
2.136230468750000000e-01   -8.003738895200080972e-01
2.138671875000000000e-01   7.496509151586369657e-02
2.141113281250000000e-01   -1.291839798585631582e+00
2.143554687500000000e-01   -4.918707961257168249e-01
2.145996093750000000e-01   -9.515413921288009558e-01
2.148437500000000000e-01   -2.923681330713882254e+00
2.150878906250000000e-01   -1.791297225477290755e+00
2.153320312500000000e-01   -9.897524407602835694e-01
2.155761718750000000e-01   -7.164672176998058140e-01
2.158203125000000000e-01   -2.714957296771479900e+00
2.160644531250000000e-01   1.802818828454079703e-01
2.163085937500000000e-01   -1.729974264643100446e+00
2.165527343750000000e-01   -2.848257651415222469e-01
2.167968750000000000e-01   -1.638606994313159815e+00
2.170410156250000000e-01   -1.657098265695722272e-01
2.172851562500000000e-01   -1.732157818340316124e+00
2.175292968750000000e-01   1.616183099569443504e+00
2.177734375000000000e-01   5.065627938532591967e-01
2.180175781250000000e-01   -1.096533309651831711e+00
2.182617187500000000e-01   -5.491884671871640755e-01
2.185058593750000000e-01   1.414034987904342788e+00
2.187500000000000000e-01   -1.338299161154299588e+00
2.189941406250000000e-01   1.584621688956586505e+00
2.192382812500000000e-01   -8.175451687055165229e-01
2.194824218750000000e-01   2.804274089642712742e+00
2.197265625000000000e-01   1.207695413410898866e-02
2.199707031250000000e-01   2.292948694432465906e-01
2.202148437500000000e-01   1.599108701851644332e+00
2.204589843750000000e-01   5.313249617221886822e-01
2.207031250000000000e-01   2.551482334286200970e+00
2.209472656250000000e-01   1.219473489903988961e+00
2.211914062500000000e-01   1.672355012957334353e+00
2.214355468750000000e-01   -3.497360421737438774e-01
2.216796875000000000e-01   7.309970891357128187e-01
2.219238281250000000e-01   2.450563746238886509e+00
2.221679687500000000e-01   8.897410467815872748e-01
2.224121093750000000e-01   4.953584544441694826e-01
2.226562500000000000e-01   -1.686332177995064852e+00
2.229003906250000000e-01   2.376449932551523148e-01
2.231445312500000000e-01   1.354844895674214067e+00
2.233886718750000000e-01   3.943379575866414188e-01
2.236328125000000000e-01   1.406248080764846309e+00
2.238769531250000000e-01   1.066131646669528754e+00
2.241210937500000000e-01   1.129435165209804692e+00
2.243652343750000000e-01   -7.738551002595266404e-01
2.246093750000000000e-01   1.939548733590662044e+00
2.248535156250000000e-01   -5.926085866464345098e-02
2.250976562500000000e-01   -2.174453467317580824e-01
2.253417968750000000e-01   -5.942444101397399009e-02
2.255859375000000000e-01   -4.818853736510184810e-02
2.258300781250000000e-01   -2.992532869154848285e+00
2.260742187500000000e-01   -8.159245501723164651e-01
2.263183593750000000e-01   -2.314729990237422708e-01
2.265625000000000000e-01   -8.424378210338625550e-01
2.268066406250000000e-01   -8.863819602317559720e-01
2.270507812500000000e-01   -1.658275005136771840e+00
2.272949218750000000e-01   -1.579422481339585405e+00
2.275390625000000000e-01   -7.150988162306014528e-01
2.277832031250000000e-01   -2.083428059468299676e+00
2.280273437500000000e-01   4.545227578323815520e-02
2.282714843750000000e-01   -1.802519040938001194e+00
2.285156250000000000e-01   -9.521840418768707792e-01
2.287597656250000000e-01   -1.129948080802573251e+00
2.290039062500000000e-01   8.374149450497226921e-01
2.292480468750000000e-01   -1.018143043828417582e+00
2.294921875000000000e-01   -5.167916114510827663e-01
2.297363281250000000e-01   -1.308845711956745816e+00
2.299804687500000000e-01   2.896222016621268630e-02
2.302246093750000000e-01   -1.689276300411652221e+00
2.304687500000000000e-01   -1.087717594511000030e+00
2.307128906250000000e-01   -9.944298618994427130e-01
2.309570312500000000e-01   9.246115555201080971e-01
2.312011718750000000e-01   -5.361619273258398932e-01
2.314453125000000000e-01   -1.369958489119525336e+00
2.316894531250000000e-01   -5.460424763233385770e-01
2.319335937500000000e-01   -7.104064722227939610e-01
2.321777343750000000e-01   -1.396589140332593071e-01
2.324218750000000000e-01   2.345356136774468858e+00
2.326660156250000000e-01   -6.940159302937209951e-01
2.329101562500000000e-01   1.591262702700840803e+00
2.331542968750000000e-01   2.993385293728644481e+00
2.333984375000000000e-01   -6.287901525188962504e-01
2.336425781250000000e-01   1.481947779069763715e+00
2.338867187500000000e-01   1.292140144207697849e+00
2.341308593750000000e-01   1.984579271537200984e-01
2.343750000000000000e-01   2.288184724658946512e-01
2.346191406250000000e-01   1.717904704989644316e+00
2.348632812500000000e-01   2.364055429128282260e+00
2.351074218750000000e-01   3.068540627986754199e+00
2.353515625000000000e-01   2.332394298142030920e-01
2.355957031250000000e-01   -5.102125517973546964e-01
2.358398437500000000e-01   1.114441102516187110e+00
2.360839843750000000e-01   2.282007927030861527e+00
2.363281250000000000e-01   1.529694074016186844e+00
2.365722656250000000e-01   1.262244426971404154e+00
2.368164062500000000e-01   -7.438588189374446547e-01
2.370605468750000000e-01   8.342161367360569901e-01
2.373046875000000000e-01   1.237605702110142980e+00
2.375488281250000000e-01   -4.780331889363619857e-01
2.377929687500000000e-01   1.400986822784797692e+00
2.380371093750000000e-01   7.133874574380513200e-01
2.382812500000000000e-01   -5.681097399868129116e-01
2.385253906250000000e-01   -2.925540426349320988e+00
2.387695312500000000e-01   -1.972425785494365869e+00
2.390136718750000000e-01   -1.993869388737712578e+00
2.392578125000000000e-01   -1.783459869798238451e+00
2.395019531250000000e-01   4.901927785317684860e-02
2.397460937500000000e-01   -1.833575149194587084e+00
2.399902343750000000e-01   -6.391068677462354852e-01
2.402343750000000000e-01   -9.812724950054513284e-02
2.404785156250000000e-01   1.360742627353590806e-01
2.407226562500000000e-01   1.888752164481092843e-01
2.409667968750000000e-01   -1.355598235299861454e+00
2.412109375000000000e-01   -1.374033058436977539e+00
2.414550781250000000e-01   -7.232702874417400452e-01
2.416992187500000000e-01   8.524768800458302209e-01
2.419433593750000000e-01   5.205501595114125912e-01
2.421875000000000000e-01   -6.653246196109648958e-01
2.424316406250000000e-01   -1.245916704691682142e+00
2.426757812500000000e-01   -4.018839235719394165e-01
2.429199218750000000e-01   -1.085444075412768772e+00
2.431640625000000000e-01   -1.917875663432772493e+00
2.434082031250000000e-01   9.149775583673041002e-01
2.436523437500000000e-01   -6.163321793082058297e-01
2.438964843750000000e-01   -2.751305925991446785e-02
2.441406250000000000e-01   3.281777210454163152e-01
2.443847656250000000e-01   -1.300181280531016448e-01
2.446289062500000000e-01   1.662763699587890276e+00
2.448730468750000000e-01   9.678545094245763480e-02
2.451171875000000000e-01   1.071362582693235588e+00
2.453613281250000000e-01   -3.298893916803038312e-02
2.456054687500000000e-01   1.180911022944932665e+00
2.458496093750000000e-01   9.843882640066833334e-01
2.460937500000000000e-01   5.963814782810147319e-01
2.463378906250000000e-01   1.258758929690957595e+00
2.465820312500000000e-01   7.476970415725960883e-01
2.468261718750000000e-01   3.483379403208645364e+00
2.470703125000000000e-01   8.288039822010014046e-02
2.473144531250000000e-01   1.439215351477101557e+00
2.475585937500000000e-01   5.244235834241367522e-01
2.478027343750000000e-01   -9.691956294347138234e-01
2.480468750000000000e-01   4.190186038118845491e-02
2.482910156250000000e-01   3.559304827341816524e-01
2.485351562500000000e-01   1.900189314642621863e+00
2.487792968750000000e-01   1.779221620753580702e+00
2.490234375000000000e-01   1.125684610478359327e+00
2.492675781250000000e-01   -4.130991008085307947e-01
2.495117187500000000e-01   -1.695889397826570777e+00
2.497558593750000000e-01   8.191055995092298980e-01
2.500000000000000000e-01   -3.211228007768374582e+00
2.502441406250000000e-01   5.466461606756348734e-01
2.504882812500000000e-01   -9.955620638707970427e-01
2.507324218750000000e-01   -9.561968582613306067e-02
2.509765625000000000e-01   -2.070770980094869707e+00
2.512207031250000000e-01   -2.554026667596848821e+00
2.514648437500000000e-01   -2.243269722881963357e+00
2.517089843750000000e-01   -3.803852881052095736e+00
2.519531250000000000e-01   -1.531253907815823823e+00
2.521972656250000000e-01   -2.246970749299522563e+00
2.524414062500000000e-01   -7.215502867601008008e-01
2.526855468750000000e-01   -9.501582086792942361e-01
2.529296875000000000e-01   -5.496463293050339247e-03
2.531738281250000000e-01   -6.802468675565589984e-02
2.534179687500000000e-01   -1.405142839763784679e-01
2.536621093750000000e-01   -2.528349245629238684e+00
2.539062500000000000e-01   -1.561328982030586454e+00
2.541503906250000000e-01   -1.704094620944287541e+00
2.543945312500000000e-01   -4.502204570050414301e-01
2.546386718750000000e-01   2.454535951843481723e+00
2.548828125000000000e-01   1.824464351277927721e+00
2.551269531250000000e-01   2.622247660373999256e+00
2.553710937500000000e-01   2.792683584119806994e+00
2.556152343750000000e-01   1.052241125732781057e+00
2.558593750000000000e-01   1.985183391600737535e+00
2.561035156250000000e-01   2.172973342952581266e+00
2.563476562500000000e-01   3.469655796623599020e+00
2.565917968750000000e-01   1.993948384350402669e+00
2.568359375000000000e-01   2.458515674890794145e+00
2.570800781250000000e-01   1.849016600613042627e-01
2.573242187500000000e-01   7.006344740203211963e-01
2.575683593750000000e-01   7.782495065651939825e-01
2.578125000000000000e-01   8.997736739457147526e-03
2.580566406250000000e-01   -2.759144699030845471e-01
2.583007812500000000e-01   7.108983372625881092e-01
2.585449218750000000e-01   -4.965578728823954457e-01
2.587890625000000000e-01   -1.769791957279407191e+00
2.590332031250000000e-01   -2.361538855341641874e+00
2.592773437500000000e-01   -6.453897942491580997e-01
2.595214843750000000e-01   -1.398047234473576594e+00
2.597656250000000000e-01   -2.822042073644865479e+00
2.600097656250000000e-01   -1.637398551168024241e+00
2.602539062500000000e-01   -1.781988938616593909e+00
2.604980468750000000e-01   -1.028937431186650597e+00
2.607421875000000000e-01   -2.291554083804575592e-02
2.609863281250000000e-01   -2.600426779586149983e+00
2.612304687500000000e-01   -1.767478645249244140e+00
2.614746093750000000e-01   1.859329888045467283e-01
2.617187500000000000e-01   -6.932168365003543720e-01
2.619628906250000000e-01   -3.800961741172553809e-01
2.622070312500000000e-01   1.225023425178295433e+00
2.624511718750000000e-01   -3.824840024256395132e-01
2.626953125000000000e-01   3.194477985667415254e+00
2.629394531250000000e-01   2.063393626471690556e+00
2.631835937500000000e-01   3.375490914996877923e+00
2.634277343750000000e-01   5.294132992888638256e+00
2.636718750000000000e-01   1.532572996976105273e+00
2.639160156250000000e-01   2.907987588210634744e+00
2.641601562500000000e-01   2.317674767210685938e-01
2.644042968750000000e-01   8.247038688995184108e-01
2.646484375000000000e-01   -4.257943777108901262e-01
2.648925781250000000e-01   -5.532016536903497927e-01
2.651367187500000000e-01   -1.073829676944646261e+00
2.653808593750000000e-01   -5.621856708625420751e+00
2.656250000000000000e-01   -2.419209252024399959e+00
2.658691406250000000e-01   -4.176602645583204598e+00
2.661132812500000000e-01   -2.639533611403173108e+00
2.663574218750000000e-01   1.037861076108615777e+00
2.666015625000000000e-01   3.451110632377473841e+00
2.668457031250000000e-01   2.435886809746794945e+00
2.670898437500000000e-01   3.258064058559261955e+00
2.673339843750000000e-01   2.047715275058599627e+00
2.675781250000000000e-01   3.794343326100554359e-01
2.678222656250000000e-01   -1.101220867189396824e+00
2.680664062500000000e-01   -3.730823572060414373e-01
2.683105468750000000e-01   -2.054647492006824727e+00
2.685546875000000000e-01   -2.783117829085821615e-01
2.687988281250000000e-01   -1.792378815929957625e+00
2.690429687500000000e-01   -1.486404963201358176e-01
2.692871093750000000e-01   1.113447992454015267e+00
2.695312500000000000e-01   5.815010797147661670e-01
2.697753906250000000e-01   8.332473770430173232e-01
2.700195312500000000e-01   -1.153108867163027185e+00
2.702636718750000000e-01   3.140145220656468950e-01
2.705078125000000000e-01   -1.264970810999005435e+00
2.707519531250000000e-01   1.117818050930532214e+00
2.709960937500000000e-01   -2.761423577202157253e-01
2.712402343750000000e-01   -2.205180568980089073e-01
2.714843750000000000e-01   8.902101602110938927e-01
2.717285156250000000e-01   4.736974298777332781e-01
2.719726562500000000e-01   1.789208917197622650e+00
2.722167968750000000e-01   -4.202451604971752519e-01
2.724609375000000000e-01   -8.474403802717399570e-01
2.727050781250000000e-01   -8.808375392704508311e-01
2.729492187500000000e-01   -4.170600162121009813e-01
2.731933593750000000e-01   -8.891307396541862085e-01
2.734375000000000000e-01   1.491651230008919748e+00
2.736816406250000000e-01   7.355595848329270492e-01
2.739257812500000000e-01   1.000807457932450850e+00
2.741699218750000000e-01   -1.171081715917606569e+00
2.744140625000000000e-01   1.938231899819609083e+00
2.746582031250000000e-01   2.980841892723847808e-01
2.749023437500000000e-01   -3.686868474324125344e-01
2.751464843750000000e-01   1.289407759376103968e+00
2.753906250000000000e-01   -1.203326784883355316e+00
2.756347656250000000e-01   5.787255519836882467e-01
2.758789062500000000e-01   -9.993853417820011131e-01
2.761230468750000000e-01   -1.495105602488841834e+00
2.763671875000000000e-01   -8.655147781343744962e-01
2.766113281250000000e-01   -1.084774339260770937e+00
2.768554687500000000e-01   1.674559866347515635e+00
2.770996093750000000e-01   -4.765033525517264335e-01
2.773437500000000000e-01   -2.371237105049934790e+00
2.775878906250000000e-01   1.514152365727808314e-01
2.778320312500000000e-01   -7.732345750451906641e-01
2.780761718750000000e-01   7.324879903648237600e-02
2.783203125000000000e-01   1.310194291357162366e-01
2.785644531250000000e-01   -9.995902691761427983e-01
2.788085937500000000e-01   -2.075953425501818883e-01
2.790527343750000000e-01   1.412630313110687430e+00
2.792968750000000000e-01   -2.299707110807739929e-01
2.795410156250000000e-01   2.071326809703705418e+00
2.797851562500000000e-01   6.618886564798525107e-01
2.800292968750000000e-01   -7.216499965711383746e-01
2.802734375000000000e-01   -2.220626019363858838e-01
2.805175781250000000e-01   -8.111396592930526783e-02
2.807617187500000000e-01   -1.145266811287440456e+00
2.810058593750000000e-01   9.823501432412816703e-01
2.812500000000000000e-01   1.229197367615805003e+00
2.814941406250000000e-01   1.149699024278658221e+00
2.817382812500000000e-01   1.186426753220776398e+00
2.819824218750000000e-01   5.932020068749228603e-01
2.822265625000000000e-01   1.140220208747555919e+00
2.824707031250000000e-01   -3.622461126484058380e-01
2.827148437500000000e-01   -1.083192510941422881e+00
2.829589843750000000e-01   -1.425861485031127418e-01
2.832031250000000000e-01   -2.176300248025589690e-01
2.834472656250000000e-01   9.342700251599944661e-01
2.836914062500000000e-01   3.018863909470900220e-01
2.839355468750000000e-01   -1.147923543846238958e+00
2.841796875000000000e-01   4.970440298685716712e-02
2.844238281250000000e-01   -4.410328537576208019e-01
2.846679687500000000e-01   -9.047443241799094649e-01
2.849121093750000000e-01   -3.662771196215666714e-01
2.851562500000000000e-01   -8.747569439383390266e-01
2.854003906250000000e-01   -8.784615293111185386e-01
2.856445312500000000e-01   -1.237997205095234143e+00
2.858886718750000000e-01   1.420446450283614048e+00
2.861328125000000000e-01   2.054139198264225197e+00
2.863769531250000000e-01   -3.576638106608572842e-01
2.866210937500000000e-01   -8.589094068386089464e-01
2.868652343750000000e-01   -6.944974722376849874e-01
2.871093750000000000e-01   6.066493747794673985e-02
2.873535156250000000e-01   1.289326228449451328e+00
2.875976562500000000e-01   -1.186047220280082692e+00
2.878417968750000000e-01   6.464378679444663378e-01
2.880859375000000000e-01   -2.375405846755356709e+00
2.883300781250000000e-01   2.013054897399137178e-01
2.885742187500000000e-01   1.263720964312502915e+00
2.888183593750000000e-01   3.129766893129968808e-01
2.890625000000000000e-01   -6.506429666839259607e-01
2.893066406250000000e-01   -7.714824942481484094e-01
2.895507812500000000e-01   -4.729479419928877409e-02
2.897949218750000000e-01   -1.377371134442264999e+00
2.900390625000000000e-01   -1.077003445085663813e+00
2.902832031250000000e-01   -1.042739908316305808e+00
2.905273437500000000e-01   1.673146869569551165e-01
2.907714843750000000e-01   1.390442538619690360e+00
2.910156250000000000e-01   -6.254810472710932157e-01
2.912597656250000000e-01   -2.463633081742544917e+00
2.915039062500000000e-01   6.435328998547293899e-01
2.917480468750000000e-01   1.997829255292498773e+00
2.919921875000000000e-01   7.156364957818577288e-01
2.922363281250000000e-01   -1.688255234374266556e-01
2.924804687500000000e-01   8.087684403232349439e-02
2.927246093750000000e-01   1.154007580761776453e+00
2.929687500000000000e-01   1.430368799956526216e+00
2.932128906250000000e-01   -1.560305937208356752e+00
2.934570312500000000e-01   -5.884936208297602417e-02
2.937011718750000000e-01   -5.450692762864167706e-01
2.939453125000000000e-01   -5.674765614765376887e-01
2.941894531250000000e-01   1.415919620957347247e+00
2.944335937500000000e-01   1.909309603870161243e-01
2.946777343750000000e-01   6.651470117109103963e-01
2.949218750000000000e-01   4.125412610248794243e-01
2.951660156250000000e-01   1.507159726480727380e-01
2.954101562500000000e-01   -9.800960090816999148e-01
2.956542968750000000e-01   -8.589275884103301228e-01
2.958984375000000000e-01   -1.248470066738630813e+00
2.961425781250000000e-01   8.895239850619274247e-01
2.963867187500000000e-01   4.470732488817739658e-01
2.966308593750000000e-01   -5.195742538718395309e-01
2.968750000000000000e-01   1.035097817259021502e+00
2.971191406250000000e-01   -2.838440334196321024e-01
2.973632812500000000e-01   1.197764999169131261e+00
2.976074218750000000e-01   5.681765302693233405e-02
2.978515625000000000e-01   7.207661538903197274e-01
2.980957031250000000e-01   -6.916226475734361667e-01
2.983398437500000000e-01   2.200527148303423441e+00
2.985839843750000000e-01   -5.085363880266008385e-01
2.988281250000000000e-01   -1.143897144107432373e+00
2.990722656250000000e-01   6.642211170009740817e-01
2.993164062500000000e-01   -4.376436305168556196e-01
2.995605468750000000e-01   5.020017319169026854e-02
2.998046875000000000e-01   -2.708847032181377901e-01
3.000488281250000000e-01   -5.281198827105539062e-02
3.002929687500000000e-01   -2.832494057148752908e+00
3.005371093750000000e-01   2.476386579825028966e-01
3.007812500000000000e-01   -6.795244725501946581e-01
3.010253906250000000e-01   -8.112196474658986967e-01
3.012695312500000000e-01   -2.634405329785391632e-04
3.015136718750000000e-01   7.477525822194996605e-03
3.017578125000000000e-01   8.556369095237804645e-01
3.020019531250000000e-01   -3.592527511847705135e-01
3.022460937500000000e-01   3.640874068498152205e-01
3.024902343750000000e-01   2.330335907362541259e-01
3.027343750000000000e-01   3.818647749720756324e-02
3.029785156250000000e-01   2.270673617844640169e-01
3.032226562500000000e-01   6.529344397710534764e-01
3.034667968750000000e-01   5.538070119989581958e-02
3.037109375000000000e-01   -6.803949535680642313e-01
3.039550781250000000e-01   5.709787116193074663e-01
3.041992187500000000e-01   -1.465658227819006898e+00
3.044433593750000000e-01   6.450788248454542018e-01
3.046875000000000000e-01   -8.809456186667986577e-01
3.049316406250000000e-01   -8.658433183328984040e-01
3.051757812500000000e-01   -2.200758028302668201e+00
3.054199218750000000e-01   4.195711972663315747e-01
3.056640625000000000e-01   -7.040493619533529923e-01
3.059082031250000000e-01   -6.866491057552516208e-01
3.061523437500000000e-01   -1.278375932139331983e+00
3.063964843750000000e-01   -7.623947532450048303e-01
3.066406250000000000e-01   6.047821963402242318e-01
3.068847656250000000e-01   -1.601839322805678478e-01
3.071289062500000000e-01   7.910896845582151560e-01
3.073730468750000000e-01   1.990027254023999825e+00
3.076171875000000000e-01   -6.612396465185726990e-01
3.078613281250000000e-01   5.623446682966030119e-01
3.081054687500000000e-01   1.007318535794977210e+00
3.083496093750000000e-01   1.180026671139207117e+00
3.085937500000000000e-01   3.656780642233604661e-01
3.088378906250000000e-01   -1.533549040835608501e+00
3.090820312500000000e-01   -9.803151025679961439e-01
3.093261718750000000e-01   -1.982403654333176890e-01
3.095703125000000000e-01   4.209440837167212068e-01
3.098144531250000000e-01   9.139375890022218840e-01
3.100585937500000000e-01   -6.504744062326478504e-01
3.103027343750000000e-01   1.323092295670349916e+00
3.105468750000000000e-01   5.925940556051076946e-01
3.107910156250000000e-01   -5.406282527686585571e-01
3.110351562500000000e-01   4.757556708885665731e-01
3.112792968750000000e-01   -4.574528794273332588e-01
3.115234375000000000e-01   1.393827341108458517e+00
3.117675781250000000e-01   3.640155641647517815e-01
3.120117187500000000e-01   1.138568116216869930e+00
3.122558593750000000e-01   5.784108855419822781e-01
3.125000000000000000e-01   8.176659128162866441e-01
3.127441406250000000e-01   6.590675161205159505e-01
3.129882812500000000e-01   1.555195201995193399e-01
3.132324218750000000e-01   7.627365524856225543e-01
3.134765625000000000e-01   1.987140223614492773e-01
3.137207031250000000e-01   -2.538288180061840649e-01
3.139648437500000000e-01   1.419529147238212774e+00
3.142089843750000000e-01   9.654763736903310134e-01
3.144531250000000000e-01   8.746187611566481612e-01
3.146972656250000000e-01   -3.086213576546659176e-02
3.149414062500000000e-01   7.377464944101930211e-01
3.151855468750000000e-01   8.021099901695404322e-01
3.154296875000000000e-01   1.539841377858528260e+00
3.156738281250000000e-01   -3.720310601408748780e-02
3.159179687500000000e-01   -4.502630133767019510e-02
3.161621093750000000e-01   9.567772371840402856e-01
3.164062500000000000e-01   -8.017070759007600689e-01
3.166503906250000000e-01   -1.821244827994801252e+00
3.168945312500000000e-01   1.419657702575244818e+00
3.171386718750000000e-01   -6.654229607197917340e-02
3.173828125000000000e-01   1.645886483578337778e+00
3.176269531250000000e-01   1.219479467713626475e+00
3.178710937500000000e-01   -2.380191491027486630e-02
3.181152343750000000e-01   -1.487966251250378014e-01
3.183593750000000000e-01   1.437366439168422882e+00
3.186035156250000000e-01   -3.515258996333588820e-02
3.188476562500000000e-01   -6.633299099914016228e-01
3.190917968750000000e-01   2.458458820316354210e+00
3.193359375000000000e-01   -1.191181976274066523e+00
3.195800781250000000e-01   -7.126866143911145812e-01
3.198242187500000000e-01   7.988694672146849918e-01
3.200683593750000000e-01   -2.246631972060222360e-01
3.203125000000000000e-01   -7.405985606067481963e-02
3.205566406250000000e-01   -9.758196815527018231e-01
3.208007812500000000e-01   -1.245117753700556662e+00
3.210449218750000000e-01   -1.576270743022065490e+00
3.212890625000000000e-01   -2.821855736576784832e-02
3.215332031250000000e-01   -1.572849041172176277e+00
3.217773437500000000e-01   1.081640907061824031e+00
3.220214843750000000e-01   -1.216094958991775998e+00
3.222656250000000000e-01   -9.771927542707598002e-02
3.225097656250000000e-01   -1.432346948135163611e+00
3.227539062500000000e-01   -2.774811235890415340e-01
3.229980468750000000e-01   -1.334338518106154892e+00
3.232421875000000000e-01   -6.675293869350413800e-01
3.234863281250000000e-01   1.341795850234721588e+00
3.237304687500000000e-01   -8.191687129461219241e-01
3.239746093750000000e-01   -3.046468042891732897e-01
3.242187500000000000e-01   -5.551579333486893475e-01
3.244628906250000000e-01   -2.692751177062763901e+00
3.247070312500000000e-01   -5.862022349651646591e-01
3.249511718750000000e-01   7.764374500776932697e-01
3.251953125000000000e-01   5.254543321122913113e-01
3.254394531250000000e-01   -7.104451747654263460e-01
3.256835937500000000e-01   -8.193979307122659650e-01
3.259277343750000000e-01   6.853953158023787934e-03
3.261718750000000000e-01   7.783162676940805769e-01
3.264160156250000000e-01   -8.626694900533170562e-01
3.266601562500000000e-01   -1.255879092999704350e+00
3.269042968750000000e-01   -8.945725846309117435e-02
3.271484375000000000e-01   4.785701287075576627e-01
3.273925781250000000e-01   3.795430421951651728e-02
3.276367187500000000e-01   -1.430589631571453080e-01
3.278808593750000000e-01   -1.170265536506882864e-01
3.281250000000000000e-01   -2.640267018322201009e-02
3.283691406250000000e-01   -6.904370554438307717e-02
3.286132812500000000e-01   -2.071775412076471978e-01
3.288574218750000000e-01   6.683071627939908277e-01
3.291015625000000000e-01   -2.649839365632397636e-01
3.293457031250000000e-01   5.815945807830937703e-02
3.295898437500000000e-01   -1.249794447088446336e+00
3.298339843750000000e-01   3.563394840368843686e-01
3.300781250000000000e-01   2.956083031197695443e-01
3.303222656250000000e-01   6.563701093412936949e-01
3.305664062500000000e-01   -9.941966858522591766e-01
3.308105468750000000e-01   5.952616677924841247e-03
3.310546875000000000e-01   4.742895085728959792e-02
3.312988281250000000e-01   -1.382258449070927764e+00
3.315429687500000000e-01   -9.188520530492065574e-02
3.317871093750000000e-01   -9.203602509875382642e-01
3.320312500000000000e-01   -9.182808511999535073e-01
3.322753906250000000e-01   -8.467338257034978666e-01
3.325195312500000000e-01   4.624288717009819583e-01
3.327636718750000000e-01   -7.267765574609218529e-03
3.330078125000000000e-01   1.245706867685846264e+00
3.332519531250000000e-01   1.155968672437249767e+00
3.334960937500000000e-01   -3.504954003697293707e-01
3.337402343750000000e-01   -2.071313372313349443e+00
3.339843750000000000e-01   -1.662561101512235240e+00
3.342285156250000000e-01   9.761255473663018600e-01
3.344726562500000000e-01   -6.610976841193018094e-01
3.347167968750000000e-01   -4.047873841159904118e-01
3.349609375000000000e-01   -6.334147160025541679e-01
3.352050781250000000e-01   1.441678778194357413e+00
3.354492187500000000e-01   -7.619452094370355866e-01
3.356933593750000000e-01   1.432541910304279964e-01
3.359375000000000000e-01   -6.493813229891232108e-01
3.361816406250000000e-01   2.125683637773998935e+00
3.364257812500000000e-01   1.231500585302273798e+00
3.366699218750000000e-01   1.928507051588184362e+00
3.369140625000000000e-01   6.591808015573628055e-01
3.371582031250000000e-01   1.281372728027058150e-01
3.374023437500000000e-01   1.066094962219849895e+00
3.376464843750000000e-01   5.692399650451288214e-03
3.378906250000000000e-01   5.948872012679481402e-01
3.381347656250000000e-01   -4.564197535557416030e-01
3.383789062500000000e-01   1.058281258210683085e+00
3.386230468750000000e-01   1.582286773383929868e+00
