2.206896551724138078e+01   8.664083018696745213e-24
2.427586206896551602e+01   1.722976673480644630e-23
2.648275862068965480e+01   3.044753052657917637e-23
2.868965517241379359e+01   5.469901183785718736e-23
3.089655172413792883e+01   5.828781143427828552e-23
3.310344827586207117e+01   3.599017923248341243e-23
3.531034482758620641e+01   4.037525314775369348e-23
3.751724137931034164e+01   2.714086605221490825e-23
3.972413793103448398e+01   2.400731356726289640e-23
4.193103448275861922e+01   2.372507723579454548e-23
4.413793103448276156e+01   1.644507937968833761e-23
4.634482758620689680e+01   1.870401687437243645e-23
4.855172413793103203e+01   1.886480115115457383e-23
5.075862068965517437e+01   1.369284680328722560e-23
5.296551724137930961e+01   1.460914749888671031e-23
5.517241379310344485e+01   1.594407306052421727e-23
5.737931034482758719e+01   1.239608394959283460e-23
5.958620689655172242e+01   1.145104254843917469e-23
6.179310344827585766e+01   1.358168451716414341e-23
6.400000000000000000e+01   1.196423125743627646e-23
6.620689655172414234e+01   9.591851543286108684e-24
6.841379310344827047e+01   1.133006370737506139e-23
7.062068965517241281e+01   1.169517330543339723e-23
7.282758620689655515e+01   9.384281429403900641e-24
7.503448275862068328e+01   9.680580866418163824e-24
7.724137931034482563e+01   1.138299459250285232e-23
7.944827586206896797e+01   1.016539272547058416e-23
8.165517241379309610e+01   8.361910616298397565e-24
8.386206896551723844e+01   9.522024459907042097e-24
8.606896551724138078e+01   9.888828729196135496e-24
8.827586206896552312e+01   8.032293584878513475e-24
9.048275862068965125e+01   7.829638566253808431e-24
9.268965517241379359e+01   9.237312948196321484e-24
9.489655172413793593e+01   8.590473173767281949e-24
9.710344827586206407e+01   7.168582613547323938e-24
9.931034482758620641e+01   8.148841411543587044e-24
1.015172413793103487e+02   8.857215553792195383e-24
1.037241379310344769e+02   7.571191182696425197e-24
1.059310344827586192e+02   7.117891388527705963e-24
1.081379310344827616e+02   8.383309507654909815e-24
1.103448275862068897e+02   8.224415190063159817e-24
1.125517241379310320e+02   6.963718930235692520e-24
1.147586206896551744e+02   7.503842389878677755e-24
1.169655172413793025e+02   8.429164748917825110e-24
1.191724137931034448e+02   7.632358867229924727e-24
1.213793103448275872e+02   6.934141507314323701e-24
1.235862068965517153e+02   7.969396145545305921e-24
1.257931034482758577e+02   8.276248942775039408e-24
1.280000000000000000e+02   7.220754003910553515e-24
1.302068965517241281e+02   7.260575246970267593e-24
1.324137931034482847e+02   8.283244301600981934e-24
1.346206896551724128e+02   7.985838381298968844e-24
1.368275862068965409e+02   7.092706982478243759e-24
1.390344827586206975e+02   7.736618938595156419e-24
1.412413793103448256e+02   8.408856148573567104e-24
1.434482758620689538e+02   7.686410670507813701e-24
1.456551724137931103e+02   7.258217110725938077e-24
1.478620689655172384e+02   8.171390359795809453e-24
1.500689655172413666e+02   8.352154735658542621e-24
1.522758620689655231e+02   7.492061498581351393e-24
1.544827586206896513e+02   7.607399676546533213e-24
1.566896551724137794e+02   8.472155429468797970e-24
1.588965517241379359e+02   8.210547430708803068e-24
1.611034482758620641e+02   7.508106525394887530e-24
1.633103448275861922e+02   8.071656249355837311e-24
1.655172413793103487e+02   8.647960542195198579e-24
1.677241379310344769e+02   8.061830563793664665e-24
1.699310344827586050e+02   7.680614119926173412e-24
1.721379310344827616e+02   8.423227254730840312e-24
1.743448275862068897e+02   8.636390289406551255e-24
1.765517241379310462e+02   7.884113617465302388e-24
1.787586206896551744e+02   7.826540674575889298e-24
1.809655172413793025e+02   8.439782375176465322e-24
1.831724137931034591e+02   8.093753259443719777e-24
1.853793103448275872e+02   7.187900391337165435e-24
1.875862068965517153e+02   7.357833079687488153e-24
1.897931034482758719e+02   7.836980855067405677e-24
1.920000000000000000e+02   7.303901719925549926e-24
1.942068965517241281e+02   6.861272130092940482e-24
1.964137931034482847e+02   7.434121558073716095e-24
1.986206896551724128e+02   7.707878894027492317e-24
2.008275862068965409e+02   7.078706338846290851e-24
2.030344827586206975e+02   7.055802889355945141e-24
2.052413793103448256e+02   7.779682124413733206e-24
2.074482758620689538e+02   7.699338281165072873e-24
2.096551724137931103e+02   7.132239287450499300e-24
2.118620689655172384e+02   7.505034720559066103e-24
2.140689655172413666e+02   8.120135683913381865e-24
2.162758620689655231e+02   7.788951413848030706e-24
2.184827586206896513e+02   7.477324646532844812e-24
2.206896551724137794e+02   8.137732633047734871e-24
2.228965517241379359e+02   8.586577406091015593e-24
2.251034482758620641e+02   8.162498040933761158e-24
2.273103448275861922e+02   8.185776988792105430e-24
2.295172413793103487e+02   9.068100085493781775e-24
2.317241379310344769e+02   9.312237834468104637e-24
2.339310344827586050e+02   8.950874957725035243e-24
2.361379310344827616e+02   9.518655984426693987e-24
2.383448275862068897e+02   1.060716117701038991e-23
2.405517241379310178e+02   1.081953450728206120e-23
2.427586206896551744e+02   1.084131983905690860e-23
2.449655172413793025e+02   1.224996570745055124e-23
2.471724137931034306e+02   1.410402191546181893e-23
2.493793103448275872e+02   1.506044808130453955e-23
2.515862068965517153e+02   1.706819448408942001e-23
2.537931034482758719e+02   2.316928473583606891e-23
2.560000000000000000e+02   3.172443922004279143e-23
2.582068965517241281e+02   3.867161788427354371e-23
2.604137931034482563e+02   4.087962538295732496e-23
2.626206896551723844e+02   3.726586894353987745e-23
2.648275862068965694e+02   2.924303561492255439e-23
2.670344827586206975e+02   2.070091404390947496e-23
2.692413793103448256e+02   1.636264429628905749e-23
2.714482758620689538e+02   1.589935504638427662e-23
2.736551724137930819e+02   1.492827095438481254e-23
2.758620689655172100e+02   1.279490118744217372e-23
2.780689655172413950e+02   1.143056841027206033e-23
2.802758620689655231e+02   1.099221091892445630e-23
2.824827586206896513e+02   1.000512781183247229e-23
2.846896551724137794e+02   8.714150073359932854e-24
2.868965517241379075e+02   8.266667508104411814e-24
2.891034482758620925e+02   8.072145347651953750e-24
2.913103448275862206e+02   7.229127083876767247e-24
2.935172413793103487e+02   6.497926636270838754e-24
2.957241379310344769e+02   6.553756321243921654e-24
2.979310344827586050e+02   6.399598175990413764e-24
3.001379310344827331e+02   5.648435269797747032e-24
3.023448275862069181e+02   5.302382456056937720e-24
3.045517241379310462e+02   5.504711838489729843e-24
3.067586206896551744e+02   5.221274174249159548e-24
3.089655172413793025e+02   4.556463363391636584e-24
3.111724137931034306e+02   4.516158161445180477e-24
3.133793103448275588e+02   4.713101475860236962e-24
3.155862068965517437e+02   4.302683065071797371e-24
3.177931034482758719e+02   3.812612581666988813e-24
3.200000000000000000e+02   3.997852112194114457e-24
3.222068965517241281e+02   4.086271182987082691e-24
3.244137931034482563e+02   3.583489911361957872e-24
3.266206896551723844e+02   3.302623634976018679e-24
3.288275862068965694e+02   3.581226152301276141e-24
3.310344827586206975e+02   3.500249719495996897e-24
3.332413793103448256e+02   2.975900715019244321e-24
3.354482758620689538e+02   2.925237938559370551e-24
3.376551724137930819e+02   3.206360538081100573e-24
3.398620689655172100e+02   2.968448088592725088e-24
3.420689655172413950e+02   2.502526143948482018e-24
3.442758620689655231e+02   2.635234342267452257e-24
3.464827586206896513e+02   2.821257094478703317e-24
3.486896551724137794e+02   2.459476565538775394e-24
3.508965517241379075e+02   2.148048415524319934e-24
3.531034482758620925e+02   2.415220927262205016e-24
3.553103448275862206e+02   2.461223524468536048e-24
3.575172413793103487e+02   2.028612735936493926e-24
3.597241379310344769e+02   1.901177558150006621e-24
3.619310344827586050e+02   2.192592929659229936e-24
3.641379310344827331e+02   2.074775472839287061e-24
3.663448275862069181e+02   1.616115938567290601e-24
3.685517241379310462e+02   1.647838903850040445e-24
3.707586206896551744e+02   1.878817711456866982e-24
3.729655172413793025e+02   1.628572879241736023e-24
3.751724137931034306e+02   1.273652869257610960e-24
3.773793103448275588e+02   1.500980546742166751e-24
3.795862068965517437e+02   1.632420175832825213e-24
3.817931034482758719e+02   1.289421632732363357e-24
3.840000000000000000e+02   1.118230350904356469e-24
3.862068965517241281e+02   1.424926998451976188e-24
3.884137931034482563e+02   1.414552588356475730e-24
3.906206896551723844e+02   1.038528519823012268e-24
3.928275862068965694e+02   1.062543144262757174e-24
3.950344827586206975e+02   1.338016392994993205e-24
3.972413793103448256e+02   1.188780124779847087e-24
3.994482758620689538e+02   8.444453717771455555e-25
4.016551724137930819e+02   1.026325409808066624e-24
4.038620689655172100e+02   1.212568278904459840e-24
4.060689655172413950e+02   9.568059811057969499e-25
4.082758620689655231e+02   7.087130801552095853e-25
4.104827586206896513e+02   9.821776147929975134e-25
4.126896551724137794e+02   1.061138490248744624e-24
4.148965517241379075e+02   7.490410156867458875e-25
4.171034482758620356e+02   6.494535218408494543e-25
4.193103448275862206e+02   9.346033335825800389e-25
4.215172413793103487e+02   9.152991714030518921e-25
4.237241379310344769e+02   5.795350483206175620e-25
4.259310344827586050e+02   5.592420459577983671e-25
4.281379310344827331e+02   7.944580057726360477e-25
4.303448275862069181e+02   7.218644034150350829e-25
4.325517241379310462e+02   3.939961997852235389e-25
4.347586206896551744e+02   3.075815821803418556e-25
4.369655172413793025e+02   4.768773520098641526e-25
4.391724137931034306e+02   5.511668040827543289e-25
4.413793103448275588e+02   6.355164771764231701e-25
4.435862068965517437e+02   6.602935182688850437e-25
4.457931034482758719e+02   5.061708059790521277e-25
4.480000000000000000e+02   4.013068255671336968e-25
4.502068965517241281e+02   5.747642887640012260e-25
4.524137931034482563e+02   6.076516256182886196e-25
4.546206896551723844e+02   3.591198140313197100e-25
4.568275862068965694e+02   2.441498299308699599e-25
4.590344827586206975e+02   5.065207994057955777e-25
4.612413793103448256e+02   5.158301580415721699e-25
4.634482758620689538e+02   2.396131817074393894e-25
4.656551724137930819e+02   2.359034393643626402e-25
4.678620689655172100e+02   4.624145212261130293e-25
4.700689655172413950e+02   4.026058359035051260e-25
4.722758620689655231e+02   1.126821198612095665e-25
4.744827586206896513e+02   2.498406394095805913e-25
4.766896551724137794e+02   3.882105779881686734e-25
4.788965517241379075e+02   2.585759923701286629e-25
4.811034482758620356e+02   3.860264611524654570e-26
4.833103448275862206e+02   2.780612209087688174e-25
4.855172413793103487e+02   3.082324281913417457e-25
4.877241379310344769e+02   1.256376461544728603e-25
4.899310344827586050e+02   1.630144858555625817e-25
4.921379310344827331e+02   3.031033312022056747e-25
4.943448275862068613e+02   2.314524333874960986e-25
4.965517241379310462e+02   5.813728411949746020e-26
4.987586206896551744e+02   2.340859233284523112e-25
5.009655172413793025e+02   2.785212239018577887e-25
5.031724137931034306e+02   1.272864307499744254e-25
5.053793103448275588e+02   1.520845712164041663e-25
5.075862068965517437e+02   3.019419631834760150e-25
5.097931034482758719e+02   2.478916826414882429e-25
5.120000000000000000e+02   3.007221130279423826e-26
5.142068965517241850e+02   2.361348433939306273e-25
5.164137931034482563e+02   3.266276690312270255e-25
5.186206896551724412e+02   1.883703682820869317e-25
5.208275862068965125e+02   9.991885933943463861e-26
5.230344827586206975e+02   3.329689542801469739e-25
5.252413793103447688e+02   3.630874969445999986e-25
5.274482758620689538e+02   1.650284983802571319e-25
5.296551724137931387e+02   1.365337895994481665e-25
5.318620689655172100e+02   3.383747458187241372e-25
5.340689655172413950e+02   3.147193425553604036e-25
5.362758620689654663e+02   8.721411797938976024e-26
5.384827586206896513e+02   1.902311948113539325e-25
5.406896551724138362e+02   3.262684547487027361e-25
5.428965517241379075e+02   2.349090077713019809e-25
5.451034482758620925e+02   1.875713607940714114e-26
5.473103448275861638e+02   2.541408827496775731e-25
5.495172413793103487e+02   3.142333656166158625e-25
5.517241379310344200e+02   1.567044735338210115e-25
5.539310344827586050e+02   1.102825163942646588e-25
5.561379310344827900e+02   3.041855694334450164e-25
5.583448275862068613e+02   2.931636478045492116e-25
5.605517241379310462e+02   8.420830540808251768e-26
5.627586206896551175e+02   1.821400654031360300e-25
5.649655172413793025e+02   3.257062570022330334e-25
5.671724137931034875e+02   2.508893257339522660e-25
5.693793103448275588e+02   1.792137334780401810e-26
5.715862068965517437e+02   2.395406637200364574e-25
5.737931034482758150e+02   3.252744373109542708e-25
5.760000000000000000e+02   1.934295557150439511e-25
5.782068965517241850e+02   7.056374194273478652e-26
5.804137931034482563e+02   2.831084174262170158e-25
5.826206896551724412e+02   3.077135129454629882e-25
5.848275862068965125e+02   1.268214265866350112e-25
5.870344827586206975e+02   1.464210568224706536e-25
5.892413793103447688e+02   3.226833633432017744e-25
5.914482758620689538e+02   2.919027465774639806e-25
5.936551724137931387e+02   7.907672079186106909e-26
5.958620689655172100e+02   1.966748801135473280e-25
5.980689655172413950e+02   3.303437346392559940e-25
6.002758620689654663e+02   2.482310097411088819e-25
6.024827586206896513e+02   4.184158319865524270e-26
6.046896551724138362e+02   2.624353062467147352e-25
6.068965517241379075e+02   3.605278437415489605e-25
6.091034482758620925e+02   2.426199230238565856e-25
6.113103448275861638e+02   9.183737145386161232e-26
6.135172413793103487e+02   3.035907354241258794e-25
6.157241379310344200e+02   3.830884600229009950e-25
6.179310344827586050e+02   2.582921111967816567e-25
6.201379310344827900e+02   1.184401584864612461e-25
6.223448275862068613e+02   2.974965834957655626e-25
6.245517241379310462e+02   3.739387460054198531e-25
6.267586206896551175e+02   2.655144038437311292e-25
6.289655172413793025e+02   4.625881589144076287e-26
6.311724137931034875e+02   1.531482521851492791e-25
6.333793103448275588e+02   2.298311433898112206e-25
6.355862068965517437e+02   1.712284565237417331e-25
6.377931034482758150e+02   8.609991409185898188e-26
6.400000000000000000e+02   1.429754173470839833e-25
6.422068965517241850e+02   1.722769029464650642e-25
6.444137931034482563e+02   1.417398918891519993e-25
6.466206896551724412e+02   1.287225452496662611e-25
6.488275862068965125e+02   1.430648161236987142e-25
6.510344827586206975e+02   1.340759881482483924e-25
6.532413793103447688e+02   1.286844468896991053e-25
6.554482758620689538e+02   1.462002300135380862e-25
6.576551724137931387e+02   1.423076551070457878e-25
6.598620689655172100e+02   1.206339114244792102e-25
6.620689655172413950e+02   1.348089493375827085e-25
6.642758620689654663e+02   1.549528317449337401e-25
6.664827586206896513e+02   1.349614647242719708e-25
6.686896551724138362e+02   1.119786586640383430e-25
6.708965517241379075e+02   1.420855373865787431e-25
6.731034482758620925e+02   1.622841309098606030e-25
6.753103448275861638e+02   1.346058812956363485e-25
6.775172413793103487e+02   1.075885076717864714e-25
6.797241379310344200e+02   1.361236928536733524e-25
6.819310344827586050e+02   1.516871049556377459e-25
6.841379310344827900e+02   1.259844925243713234e-25
6.863448275862068613e+02   1.185039639865973587e-25
6.885517241379310462e+02   1.539949111169577475e-25
6.907586206896551175e+02   1.590317390543775266e-25
6.929655172413793025e+02   1.144657988316741898e-25
6.951724137931034875e+02   9.636785297057241177e-26
6.973793103448275588e+02   1.410817034799549015e-25
6.995862068965517437e+02   1.494975543770044129e-25
7.017931034482758150e+02   1.121143438793523014e-25
7.040000000000000000e+02   1.225924955095105604e-25
7.062068965517241850e+02   1.746245679214515785e-25
7.084137931034482563e+02   1.701470213704863258e-25
7.106206896551724412e+02   9.932987535974593980e-26
7.128275862068965125e+02   8.986657176765070420e-26
7.150344827586206975e+02   1.577393818377208298e-25
7.172413793103447688e+02   1.549801823661855622e-25
7.194482758620689538e+02   8.165306638673013484e-26
7.216551724137931387e+02   1.074893217705422265e-25
7.238620689655172100e+02   1.861408569468053699e-25
7.260689655172413950e+02   1.825281649484715274e-25
7.282758620689654663e+02   1.058486502466469516e-25
7.304827586206896513e+02   9.768053640996984871e-26
7.326896551724138362e+02   1.531388366780303348e-25
7.348965517241379075e+02   1.346666789594635245e-25
7.371034482758620925e+02   7.964889644288720707e-26
7.393103448275861638e+02   1.356960276507519440e-25
7.415172413793103487e+02   1.779250316351025190e-25
7.437241379310344200e+02   1.293772684634325276e-25
7.459310344827586050e+02   5.803769722849445306e-26
7.481379310344827900e+02   1.398758007638643319e-25
7.503448275862068613e+02   1.782820171327069855e-25
7.525517241379310462e+02   1.239776706119004346e-25
7.547586206896551175e+02   7.499853547024111573e-26
7.569655172413793025e+02   1.457415986927383899e-25
7.591724137931034875e+02   1.628223847481664455e-25
7.613793103448275588e+02   1.046219259808371970e-25
7.635862068965517437e+02   9.871224989630878916e-26
7.657931034482758150e+02   1.551585035181257901e-25
7.680000000000000000e+02   1.406911055287500587e-25
7.702068965517240713e+02   7.704745638403498469e-26
7.724137931034482563e+02   1.224427843406163788e-25
7.746206896551724412e+02   1.667996301526893878e-25
7.768275862068965125e+02   1.210939818599073322e-25
7.790344827586206975e+02   6.474236421900801646e-26
7.812413793103447688e+02   1.510815505461588937e-25
7.834482758620689538e+02   1.808592134828104284e-25
7.856551724137931387e+02   1.060178677404281314e-25
7.878620689655172100e+02   6.136939618985118195e-26
7.900689655172413950e+02   1.693190231990189120e-25
7.922758620689654663e+02   1.864898493285840222e-25
7.944827586206896513e+02   9.304521819335813022e-26
7.966896551724138362e+02   7.615785595566566014e-26
7.988965517241379075e+02   1.862329186638142459e-25
8.011034482758620925e+02   1.909368534834969408e-25
8.033103448275861638e+02   8.252356702736551834e-26
8.055172413793103487e+02   7.783739414328815315e-26
8.077241379310344200e+02   1.894982983865287974e-25
8.099310344827586050e+02   1.931393700525680726e-25
8.121379310344827900e+02   9.603093224971084023e-26
8.143448275862068613e+02   7.100863965809705713e-26
8.165517241379310462e+02   1.546597918267732298e-25
8.187586206896551175e+02   1.483840529271666591e-25
8.209655172413793025e+02   7.380889724645128637e-26
8.231724137931034875e+02   9.900734137467015336e-26
8.253793103448275588e+02   1.531742317412367504e-25
8.275862068965517437e+02   1.328673711012205171e-25
8.297931034482758150e+02   8.621252981799885002e-26
8.320000000000000000e+02   1.166878032639172035e-25
8.342068965517240713e+02   1.352465971927815835e-25
8.364137931034482563e+02   9.485665962310376124e-26
8.386206896551724412e+02   8.606758490028507305e-26
8.408275862068965125e+02   1.404573173515664908e-25
8.430344827586206975e+02   1.454794590933359091e-25
8.452413793103447688e+02   9.410358610954643649e-26
8.474482758620689538e+02   8.574831076318109224e-26
8.496551724137931387e+02   1.291842176973787733e-25
8.518620689655172100e+02   1.241486886860905234e-25
8.540689655172413950e+02   8.804646523794897394e-26
8.562758620689654663e+02   1.075123023624187178e-25
8.584827586206896513e+02   1.340746226944994783e-25
8.606896551724138362e+02   1.093966225329592492e-25
8.628965517241379075e+02   7.711163697423143146e-26
8.651034482758620925e+02   1.116161971940895888e-25
8.673103448275861638e+02   1.310427851881664240e-25
8.695172413793103487e+02   1.034353139313977860e-25
8.717241379310344200e+02   8.911362602843332410e-26
8.739310344827586050e+02   1.201039626934666689e-25
8.761379310344827900e+02   1.232295485007193589e-25
8.783448275862068613e+02   9.381460704965385303e-26
8.805517241379310462e+02   9.712919904393946895e-26
8.827586206896551175e+02   1.211406642768426609e-25
8.849655172413793025e+02   1.089984386177790647e-25
8.871724137931034875e+02   8.715509677777800835e-26
8.893793103448275588e+02   1.106345931414928469e-25
8.915862068965517437e+02   1.244580888539721628e-25
8.937931034482758150e+02   9.843962479357164058e-26
8.960000000000000000e+02   9.121374472640533670e-26
8.982068965517240713e+02   1.235429397596950875e-25
9.004137931034482563e+02   1.177276213557904088e-25
9.026206896551724412e+02   7.000049247902079325e-26
9.048275862068965125e+02   9.792999976282887387e-26
9.070344827586206975e+02   1.527812563512427311e-25
9.092413793103447688e+02   1.414605019749391465e-25
9.114482758620689538e+02   7.164974380823930904e-26
9.136551724137931387e+02   8.272878932925587763e-26
9.158620689655172100e+02   1.383580669874804613e-25
9.180689655172413950e+02   1.239321000308350528e-25
9.202758620689654663e+02   6.464255146111637764e-26
9.224827586206896513e+02   1.008487942404738161e-25
9.246896551724138362e+02   1.449734313062980484e-25
9.268965517241379075e+02   1.176216252093641153e-25
9.291034482758620925e+02   5.982825891697603518e-26
9.313103448275861638e+02   1.020606437128438020e-25
9.335172413793103487e+02   1.325899378121010928e-25
9.357241379310344200e+02   9.944760185871477213e-26
9.379310344827586050e+02   7.961023683042807447e-26
9.401379310344827900e+02   1.252570589881293760e-25
9.423448275862068613e+02   1.241845971222794254e-25
9.445517241379310462e+02   5.709483750964811817e-26
9.467586206896551175e+02   8.403625967449174314e-26
9.489655172413793025e+02   1.570499242762182604e-25
9.511724137931034875e+02   1.521504453873660125e-25
9.533793103448275588e+02   7.403479902036560520e-26
9.555862068965517437e+02   7.324857498188043981e-26
9.577931034482758150e+02   1.378757814772166503e-25
9.600000000000000000e+02   1.266931350747945966e-25
9.622068965517240713e+02   6.356747039751131662e-26
9.644137931034482563e+02   9.616471916796864586e-26
9.666206896551724412e+02   1.375418500842344090e-25
9.688275862068965125e+02   1.025216950415009449e-25
9.710344827586206975e+02   4.729809073301965748e-26
9.732413793103447688e+02   1.162628790877217961e-25
9.754482758620689538e+02   1.466123980907699734e-25
9.776551724137931387e+02   9.729614146082165374e-26
9.798620689655172100e+02   5.472663957085375289e-26
9.820689655172413950e+02   1.241455302437507192e-25
9.842758620689654663e+02   1.414909811207574974e-25
9.864827586206896513e+02   8.734855142140574298e-26
9.886896551724137225e+02   7.040586152272229000e-26
9.908965517241379075e+02   1.280048950782901561e-25
9.931034482758620925e+02   1.250987635674841178e-25
9.953103448275861638e+02   6.043213930168748276e-26
9.975172413793103487e+02   7.923069761137600341e-26
9.997241379310344200e+02   1.370448516370032222e-25
1.001931034482758605e+03   1.271955224531040900e-25
1.004137931034482790e+03   6.976341481818345601e-26
1.006344827586206861e+03   7.923862617751067061e-26
1.008551724137931046e+03   1.149430541424279196e-25
1.010758620689655118e+03   1.027235822232571065e-25
1.012965517241379303e+03   8.628495239704317792e-26
1.015172413793103487e+03   1.072359436060265063e-25
1.017379310344827559e+03   1.015022371751999210e-25
1.019586206896551744e+03   5.689306133527658169e-26
1.021793103448275815e+03   8.256856689091227200e-26
1.024000000000000000e+03   1.303490704044764755e-25
1.026206896551724185e+03   1.193365626074538739e-25
1.028413793103448370e+03   6.966132865531066290e-26
1.030620689655172328e+03   9.027242557542987743e-26
1.032827586206896513e+03   1.250544779521667097e-25
1.035034482758620697e+03   9.980901619478045436e-26
1.037241379310344882e+03   5.143001077184343722e-26
1.039448275862068840e+03   9.523234970348067843e-26
1.041655172413793025e+03   1.264023595039049697e-25
1.043862068965517210e+03   1.022910086344844767e-25
1.046068965517241395e+03   7.625064314207615997e-26
1.048275862068965580e+03   1.039812102321588041e-25
1.050482758620689538e+03   1.107031569520010085e-25
1.052689655172413723e+03   8.018206367495655261e-26
1.054896551724137908e+03   8.008849984160415071e-26
1.057103448275862092e+03   1.059493690180493118e-25
1.059310344827586277e+03   9.159491109374009702e-26
1.061517241379310235e+03   6.291314812939502829e-26
1.063724137931034420e+03   9.990615163956291018e-26
1.065931034482758605e+03   1.260563681463968868e-25
1.068137931034482790e+03   9.618674055030158950e-26
1.070344827586206975e+03   5.404569021840296523e-26
1.072551724137930933e+03   9.387009737584205163e-26
1.074758620689655118e+03   1.166247137144042311e-25
1.076965517241379303e+03   8.708283347649880383e-26
1.079172413793103487e+03   6.663074033813572848e-26
1.081379310344827672e+03   1.068926866645255363e-25
1.083586206896551630e+03   1.198366547376366608e-25
1.085793103448275815e+03   8.716336630872487514e-26
1.088000000000000000e+03   6.558535881829382493e-26
1.090206896551724185e+03   9.339381820176832598e-26
1.092413793103448370e+03   1.014798499219115766e-25
1.094620689655172328e+03   8.437574822920577757e-26
1.096827586206896513e+03   8.344442297249538191e-26
1.099034482758620697e+03   9.384796040661859879e-26
1.101241379310344882e+03   8.509048532184245206e-26
1.103448275862068840e+03   7.744964385050736234e-26
1.105655172413793025e+03   9.512872400824789127e-26
1.107862068965517210e+03   1.038528566606320872e-25
1.110068965517241395e+03   9.047591245934389726e-26
1.112275862068965580e+03   8.292347651300787336e-26
1.114482758620689538e+03   8.950714669869808736e-26
1.116689655172413723e+03   8.258825208164987143e-26
1.118896551724137908e+03   7.235011592712673234e-26
1.121103448275862092e+03   9.417491613966934640e-26
1.123310344827586277e+03   1.157308752306451742e-25
1.125517241379310235e+03   1.053328120771529187e-25
1.127724137931034420e+03   7.407976180398531470e-26
1.129931034482758605e+03   6.873314665446127742e-26
1.132137931034482790e+03   8.752877569571124634e-26
1.134344827586206975e+03   9.021085952204476420e-26
1.136551724137930933e+03   7.752835645219814255e-26
1.138758620689655118e+03   7.545273770906877832e-26
1.140965517241379303e+03   9.290007436800886113e-26
1.143172413793103487e+03   1.073491842922782196e-25
1.145379310344827672e+03   1.005936463968719592e-25
1.147586206896551630e+03   7.100874486445078752e-26
1.149793103448275815e+03   5.812756076373217217e-26
1.152000000000000000e+03   9.328581852107364336e-26
1.154206896551724185e+03   1.156017806811288020e-25
1.156413793103448370e+03   9.981622274434166979e-26
1.158620689655172328e+03   6.854898714410039676e-26
1.160827586206896513e+03   8.017321227410689499e-26
1.163034482758620697e+03   1.026374516118045781e-25
1.165241379310344882e+03   9.360089111417289317e-26
1.167448275862068840e+03   7.105002417374396679e-26
1.169655172413793025e+03   8.056259864651720724e-26
1.171862068965517210e+03   9.472399987602589591e-26
1.174068965517241395e+03   8.221903017371312400e-26
1.176275862068965580e+03   6.901032124993391060e-26
1.178482758620689538e+03   8.865570992837030794e-26
1.180689655172413723e+03   1.019093828432026586e-25
1.182896551724137908e+03   8.579331962126421490e-26
1.185103448275862092e+03   6.565288004804144781e-26
1.187310344827586277e+03   7.989553106714483803e-26
1.189517241379310235e+03   9.581338124321759280e-26
1.191724137931034420e+03   8.829226866312408145e-26
1.193931034482758605e+03   7.370347474575217711e-26
1.196137931034482790e+03   8.138649315235357524e-26
1.198344827586206975e+03   9.628221231045473219e-26
1.200551724137930933e+03   9.387474741657299189e-26
1.202758620689655118e+03   7.679805517556319602e-26
1.204965517241379303e+03   7.100616089007607843e-26
1.207172413793103487e+03   8.568756574019304638e-26
1.209379310344827672e+03   9.292088314803236994e-26
1.211586206896551630e+03   8.120963228285044979e-26
1.213793103448275815e+03   7.041262148461103320e-26
1.216000000000000000e+03   8.045186586358896015e-26
1.218206896551724185e+03   8.618419344661110264e-26
1.220413793103448370e+03   7.502197657778200400e-26
1.222620689655172328e+03   8.115751008498557220e-26
1.224827586206896513e+03   1.117453452772198953e-25
1.227034482758620697e+03   1.202856002686476818e-25
1.229241379310344882e+03   8.856700946013094962e-26
1.231448275862068840e+03   4.992097131115708259e-26
1.233655172413793025e+03   7.368409036463875087e-26
1.235862068965517210e+03   8.850332302392502860e-26
1.238068965517241395e+03   5.951822734630457470e-26
1.240275862068965580e+03   5.034653068034886418e-26
1.242482758620689538e+03   1.038560587540348767e-25
1.244689655172413723e+03   1.279873055376150519e-25
1.246896551724137908e+03   1.042689734864104133e-25
1.249103448275862092e+03   6.790478659321518538e-26
1.251310344827586277e+03   8.016453357282547950e-26
1.253517241379310235e+03   9.258501588070321846e-26
1.255724137931034420e+03   7.117851397709975419e-26
1.257931034482758605e+03   6.203168741800095855e-26
1.260137931034482790e+03   9.489290167542203181e-26
1.262344827586206975e+03   1.043446445487129428e-25
1.264551724137930933e+03   7.208024857347229281e-26
1.266758620689655118e+03   4.906746762436134885e-26
1.268965517241379303e+03   8.895338143668302780e-26
1.271172413793103487e+03   1.079204573827214842e-25
1.273379310344827672e+03   8.502857478937587485e-26
1.275586206896551630e+03   6.027465546546705963e-26
1.277793103448275815e+03   8.763633070992181967e-26
1.280000000000000000e+03   1.067204367764032537e-25
1.282206896551724185e+03   8.590871864151175841e-26
1.284413793103448370e+03   5.158054636894785154e-26
1.286620689655172328e+03   7.297482190158959722e-26
1.288827586206896513e+03   9.954839984330509077e-26
1.291034482758620697e+03   9.068149930590929672e-26
1.293241379310344882e+03   6.518478220934575704e-26
1.295448275862068840e+03   7.339506277930496488e-26
1.297655172413793025e+03   9.118013938349737742e-26
1.299862068965517210e+03   8.059341103001547325e-26
1.302068965517241395e+03   5.922625798581941974e-26
1.304275862068965580e+03   7.511815149035321068e-26
1.306482758620689538e+03   9.462174605121388517e-26
1.308689655172413723e+03   8.446584193643887638e-26
1.310896551724137908e+03   6.371176389479063899e-26
1.313103448275862092e+03   7.962787183336539158e-26
1.315310344827586277e+03   1.027526012336861435e-25
1.317517241379310235e+03   9.716190327425771280e-26
1.319724137931034420e+03   6.784673556708751164e-26
1.321931034482758605e+03   5.406325318527540493e-26
1.324137931034482790e+03   7.635144875116566257e-26
1.326344827586206975e+03   9.473192703993943330e-26
1.328551724137930933e+03   9.440961463076860153e-26
1.330758620689655118e+03   7.825977389858479513e-26
1.332965517241379303e+03   6.459188351375891111e-26
1.335172413793103487e+03   7.443855825083174668e-26
1.337379310344827672e+03   8.532815601589466175e-26
1.339586206896551630e+03   7.240301757103895840e-26
1.341793103448275815e+03   5.171583276258534499e-26
1.344000000000000000e+03   7.601764466890095529e-26
1.346206896551724185e+03   1.056545720867240694e-25
1.348413793103448370e+03   1.016885159734655597e-25
1.350620689655172328e+03   7.169904689088832172e-26
1.352827586206896513e+03   6.283067637304241859e-26
1.355034482758620697e+03   7.803269248591601291e-26
1.357241379310344882e+03   7.548728786498988105e-26
1.359448275862068840e+03   6.903357966510142380e-26
1.361655172413793025e+03   8.509618480411592760e-26
1.363862068965517210e+03   9.294215864971001889e-26
1.366068965517241395e+03   7.421339876434508936e-26
1.368275862068965580e+03   6.112843581961428935e-26
1.370482758620689538e+03   7.923625323106113157e-26
1.372689655172413723e+03   8.568864132646131855e-26
1.374896551724137908e+03   7.344507265658827554e-26
1.377103448275862092e+03   7.479736849608414567e-26
1.379310344827586277e+03   8.248542567565015001e-26
1.381517241379310235e+03   6.742200719229490937e-26
1.383724137931034420e+03   5.892582219185095857e-26
1.385931034482758605e+03   8.960066986808682316e-26
1.388137931034482790e+03   1.015597706651587435e-25
1.390344827586206975e+03   7.297742617287620672e-26
1.392551724137930933e+03   5.589738383043143519e-26
1.394758620689655118e+03   9.123085477039789804e-26
1.396965517241379303e+03   9.667453888291739570e-26
1.399172413793103487e+03   5.538356781759059804e-26
1.401379310344827672e+03   5.419767096610769346e-26
1.403586206896551630e+03   1.032758172452332762e-25
1.405793103448275815e+03   1.063041392581218939e-25
1.408000000000000000e+03   6.180181357454908846e-26
1.410206896551724185e+03   5.471296377329249692e-26
1.412413793103448370e+03   9.254455423986536819e-26
1.414620689655172328e+03   8.650588573773689404e-26
1.416827586206896513e+03   5.182399477712199656e-26
1.419034482758620697e+03   7.245816927491265239e-26
1.421241379310344882e+03   9.573353191473527173e-26
1.423448275862068840e+03   7.363939787360035929e-26
1.425655172413793025e+03   5.747935480363792766e-26
1.427862068965517210e+03   9.769081347170327979e-26
1.430068965517241395e+03   1.069245184771499254e-25
1.432275862068965580e+03   6.255467035012088049e-26
1.434482758620689538e+03   4.730707159976489881e-26
1.436689655172413723e+03   1.000182035954147678e-25
1.438896551724137908e+03   1.033937768390029258e-25
1.441103448275862092e+03   5.408332838559167176e-26
1.443310344827586277e+03   6.160777820290888233e-26
1.445517241379310235e+03   1.112553816824051639e-25
1.447724137931034420e+03   1.057441426270912029e-25
1.449931034482758605e+03   5.012343878339316684e-26
1.452137931034482790e+03   5.237960357339055743e-26
1.454344827586206975e+03   9.383587513539223359e-26
1.456551724137930933e+03   8.720022252847250132e-26
1.458758620689655118e+03   6.089380593661725624e-26
1.460965517241379303e+03   7.474054669822959843e-26
1.463172413793103487e+03   7.927524403901545071e-26
1.465379310344827672e+03   4.976419903862044406e-26
1.467586206896551630e+03   7.037653317367797311e-26
1.469793103448275815e+03   1.146316090393683243e-25
1.472000000000000000e+03   1.089905173000262675e-25
1.474206896551724185e+03   5.209745826174559008e-26
1.476413793103448143e+03   4.935777020845942517e-26
1.478620689655172328e+03   9.702665437957505746e-26
1.480827586206896513e+03   9.144467768125914237e-26
1.483034482758620697e+03   5.151706389285523667e-26
1.485241379310344882e+03   7.214382954429109040e-26
1.487448275862068840e+03   1.000401611635893119e-25
1.489655172413793025e+03   7.960597540661030440e-26
1.491862068965517210e+03   5.071126943085101702e-26
1.494068965517241395e+03   8.501144974209194054e-26
1.496275862068965580e+03   1.002638790677659105e-25
1.498482758620689538e+03   6.800674489177863497e-26
1.500689655172413723e+03   4.458903818230752741e-26
1.502896551724137908e+03   7.844101324995261170e-26
1.505103448275862092e+03   8.174118479259622792e-26
1.507310344827586277e+03   5.755031119739904474e-26
1.509517241379310235e+03   7.748947471216754250e-26
1.511724137931034420e+03   1.029277512763283627e-25
1.513931034482758605e+03   8.094829599701043035e-26
1.516137931034482790e+03   3.675220579681430882e-26
1.518344827586206975e+03   8.040867438986069207e-26
1.520551724137930933e+03   1.131204504134034967e-25
1.522758620689655118e+03   9.121223360328091176e-26
1.524965517241379303e+03   4.046144025148640575e-26
1.527172413793103487e+03   6.121109929852228099e-26
1.529379310344827672e+03   8.807626249724115183e-26
1.531586206896551630e+03   7.881833407161370644e-26
1.533793103448275815e+03   6.926893342147540396e-26
1.536000000000000000e+03   7.943097888095293938e-26
1.538206896551724185e+03   6.969252979160618106e-26
1.540413793103448143e+03   4.535116610904674100e-26
1.542620689655172328e+03   7.201378031891444804e-26
1.544827586206896513e+03   9.891177903143247102e-26
1.547034482758620697e+03   8.583622127195289730e-26
1.549241379310344882e+03   5.643703324878918031e-26
1.551448275862068840e+03   7.231351639948405812e-26
1.553655172413793025e+03   8.828043556736627425e-26
1.555862068965517210e+03   6.717553431313222446e-26
1.558068965517241395e+03   4.555213545070535157e-26
1.560275862068965580e+03   7.525375922664362141e-26
1.562482758620689538e+03   9.146725792692414387e-26
1.564689655172413723e+03   7.714524387150421485e-26
1.566896551724137908e+03   6.506484056058709872e-26
1.569103448275862092e+03   7.438452749299865474e-26
1.571310344827586277e+03   7.363986535744016922e-26
1.573517241379310235e+03   6.360794652155595575e-26
1.575724137931034420e+03   7.123558503143114339e-26
1.577931034482758605e+03   7.882967925086038804e-26
1.580137931034482790e+03   6.684133035273236771e-26
1.582344827586206975e+03   5.962905205355299486e-26
1.584551724137930933e+03   7.605782588319902750e-26
1.586758620689655118e+03   8.068494137486788601e-26
1.588965517241379303e+03   6.503391136074613024e-26
1.591172413793103487e+03   6.334344489094309907e-26
1.593379310344827672e+03   7.879928255197170013e-26
1.595586206896551630e+03   7.609599295800731014e-26
1.597793103448275815e+03   6.065607451455743641e-26
1.600000000000000000e+03   7.010403199918273127e-26
1.602206896551724185e+03   8.521838605522822172e-26
1.604413793103448143e+03   7.467242784494807149e-26
1.606620689655172328e+03   5.333844199930235014e-26
1.608827586206896513e+03   6.499033576606683795e-26
1.611034482758620697e+03   8.190462084576091971e-26
1.613241379310344882e+03   7.498918342782306713e-26
1.615448275862068840e+03   6.067921751426377258e-26
1.617655172413793025e+03   6.675746989299491325e-26
1.619862068965517210e+03   7.372353898304946465e-26
1.622068965517241395e+03   6.586447609496226059e-26
1.624275862068965580e+03   6.242769420033670629e-26
1.626482758620689538e+03   7.549691015711978363e-26
1.628689655172413723e+03   8.288579555721334469e-26
1.630896551724137908e+03   7.509112436678697429e-26
1.633103448275862092e+03   6.346849929434902831e-26
1.635310344827586277e+03   6.178589252537446976e-26
1.637517241379310235e+03   6.737826048495765427e-26
1.639724137931034420e+03   7.395405692840066904e-26
1.641931034482758605e+03   7.789824848257855687e-26
1.644137931034482790e+03   7.650800663323743452e-26
1.646344827586206975e+03   7.055225918060351171e-26
1.648551724137930933e+03   6.524333345911790196e-26
1.650758620689655118e+03   6.425191998493041696e-26
1.652965517241379303e+03   6.720625850150043708e-26
1.655172413793103487e+03   6.936421503037787259e-26
1.657379310344827672e+03   6.502135079535562803e-26
1.659586206896551630e+03   6.179105615347197330e-26
1.661793103448275815e+03   7.471159906634428229e-26
1.664000000000000000e+03   8.815718761737326856e-26
1.666206896551724185e+03   7.814195538674279265e-26
1.668413793103448143e+03   4.801381810848336715e-26
1.670620689655172328e+03   5.595553082794625115e-26
1.672827586206896513e+03   8.939939722739826638e-26
1.675034482758620697e+03   9.279998992079959219e-26
1.677241379310344882e+03   6.318969353791308038e-26
1.679448275862068840e+03   5.047170003215771265e-26
1.681655172413793025e+03   7.771428968224829917e-26
1.683862068965517210e+03   8.183031279106899297e-26
1.686068965517241395e+03   5.696659708362140255e-26
1.688275862068965580e+03   5.735985413665421774e-26
1.690482758620689538e+03   8.461969587612691252e-26
1.692689655172413723e+03   8.278083132667126325e-26
1.694896551724137908e+03   5.158588908597956949e-26
1.697103448275862092e+03   5.648579864138269735e-26
1.699310344827586277e+03   8.866131041587870802e-26
1.701517241379310235e+03   8.703678717899842382e-26
1.703724137931034420e+03   5.329622739951897729e-26
1.705931034482758605e+03   5.479914970883230478e-26
1.708137931034482790e+03   8.922386839794804343e-26
1.710344827586206975e+03   9.154113280879681340e-26
1.712551724137930933e+03   6.067922326197952409e-26
1.714758620689655118e+03   5.092523132379087980e-26
1.716965517241379303e+03   8.110475169479442029e-26
1.719172413793103487e+03   8.996948266058988862e-26
1.721379310344827672e+03   7.004518052964633304e-26
1.723586206896551630e+03   5.220584365605756110e-26
1.725793103448275815e+03   6.201070286092982416e-26
1.728000000000000000e+03   6.896544392759141786e-26
1.730206896551724185e+03   6.613139759431455238e-26
1.732413793103448143e+03   7.011112261845649091e-26
1.734620689655172328e+03   7.579479934630105348e-26
1.736827586206896513e+03   6.662450291212547959e-26
1.739034482758620697e+03   5.261850461922594681e-26
1.741241379310344882e+03   6.527994559856203735e-26
1.743448275862068840e+03   8.571098088691495474e-26
1.745655172413793025e+03   8.692191553664300667e-26
1.747862068965517210e+03   7.106123425036649937e-26
1.750068965517241395e+03   6.181834245345544533e-26
1.752275862068965580e+03   6.792594135351016370e-26
1.754482758620689538e+03   6.669968091403831113e-26
1.756689655172413723e+03   5.209910564148266203e-26
1.758896551724137908e+03   4.919166501890142210e-26
1.761103448275862092e+03   6.981264147411012076e-26
1.763310344827586277e+03   8.509291989702470747e-26
1.765517241379310235e+03   8.320014821691062720e-26
1.767724137931034420e+03   7.157771395796133218e-26
1.769931034482758605e+03   6.658826913683242180e-26
1.772137931034482790e+03   6.904625368071562628e-26
1.774344827586206975e+03   6.525011891469229749e-26
1.776551724137930933e+03   5.668265073647616257e-26
1.778758620689655118e+03   6.307153140651506662e-26
1.780965517241379303e+03   7.979999442455336251e-26
1.783172413793103487e+03   8.313839394437947016e-26
1.785379310344827672e+03   6.651458275634056626e-26
1.787586206896551630e+03   5.124549533891757200e-26
1.789793103448275815e+03   6.321148162808867070e-26
1.792000000000000000e+03   7.491660170321542730e-26
1.794206896551724185e+03   7.091937402137983833e-26
1.796413793103448143e+03   6.904613261237199147e-26
1.798620689655172328e+03   7.915950562554510554e-26
1.800827586206896513e+03   7.723299239613617018e-26
1.803034482758620697e+03   5.448426812377855654e-26
1.805241379310344882e+03   4.860685136188794940e-26
1.807448275862068840e+03   7.446534951380450611e-26
1.809655172413793025e+03   8.180106353800955700e-26
1.811862068965517210e+03   6.368305372737497532e-26
1.814068965517241395e+03   5.985667695848014908e-26
1.816275862068965580e+03   7.980049325294181784e-26
1.818482758620689538e+03   7.757334540753579762e-26
1.820689655172413723e+03   4.807815084668836673e-26
1.822896551724137908e+03   5.159794772594480216e-26
1.825103448275862092e+03   8.308019140076216999e-26
1.827310344827586277e+03   8.301875398039343492e-26
1.829517241379310235e+03   5.503013548785554626e-26
1.831724137931034420e+03   6.094059489729537307e-26
1.833931034482758605e+03   9.007794851278581978e-26
1.836137931034482790e+03   8.723757192389228990e-26
1.838344827586206975e+03   5.518929619786036794e-26
1.840551724137930933e+03   5.098446614760761065e-26
1.842758620689655118e+03   7.572803165289240833e-26
1.844965517241379303e+03   7.734640918420395816e-26
1.847172413793103487e+03   6.587751350538428383e-26
1.849379310344827672e+03   6.970903748206151454e-26
1.851586206896551630e+03   7.130201979649859314e-26
1.853793103448275815e+03   5.524351275100477428e-26
1.856000000000000000e+03   5.720697921148521061e-26
1.858206896551724185e+03   7.870922632201723177e-26
1.860413793103448143e+03   7.420325587819334553e-26
1.862620689655172328e+03   4.570604551752735857e-26
1.864827586206896513e+03   6.350093447645144000e-26
1.867034482758620697e+03   9.786040525921055404e-26
1.869241379310344882e+03   9.331487612588132667e-26
1.871448275862068840e+03   5.310664504253130677e-26
1.873655172413793025e+03   4.874421314470045686e-26
1.875862068965517210e+03   8.123989416093886389e-26
1.878068965517241395e+03   7.909133152459507211e-26
1.880275862068965580e+03   5.105924815503382612e-26
1.882482758620689538e+03   5.993157145726423313e-26
1.884689655172413723e+03   8.311382359656760497e-26
1.886896551724137908e+03   7.495452311586162680e-26
1.889103448275862092e+03   5.232401043231149469e-26
1.891310344827586277e+03   6.433195319107080508e-26
1.893517241379310235e+03   7.961503822538978683e-26
1.895724137931034420e+03   6.814888690618814932e-26
1.897931034482758605e+03   5.183684813776445646e-26
1.900137931034482790e+03   6.378564015084533944e-26
1.902344827586206975e+03   7.446148543241171975e-26
1.904551724137930933e+03   7.003855951752155863e-26
1.906758620689655118e+03   6.739771274736621301e-26
1.908965517241379303e+03   7.017191162173088813e-26
1.911172413793103487e+03   6.684078567281509210e-26
1.913379310344827672e+03   6.634584432073144140e-26
1.915586206896551630e+03   7.370755779246284002e-26
1.917793103448275815e+03   6.814404960075243735e-26
1.920000000000000000e+03   4.948689190192131794e-26
1.922206896551724185e+03   6.037346644697099855e-26
1.924413793103448143e+03   8.487198987312488454e-26
1.926620689655172328e+03   8.191116911928289860e-26
1.928827586206896513e+03   5.533440356284383412e-26
1.931034482758620697e+03   5.526749311587761683e-26
1.933241379310344882e+03   7.604388942734750708e-26
1.935448275862068840e+03   7.240158256422419148e-26
1.937655172413793025e+03   5.576738632831854152e-26
1.939862068965517210e+03   6.557284546469596494e-26
1.942068965517241395e+03   7.631071895874762878e-26
1.944275862068965580e+03   6.291437605465163093e-26
1.946482758620689538e+03   5.734294418538386615e-26
1.948689655172413723e+03   8.036803418236331015e-26
1.950896551724137908e+03   8.446229501555064437e-26
1.953103448275862092e+03   5.687515832425413306e-26
1.955310344827586277e+03   4.785857530361508794e-26
1.957517241379310235e+03   7.761639071563724500e-26
1.959724137931034420e+03   8.059302719515885851e-26
1.961931034482758605e+03   5.288500970020642115e-26
1.964137931034482790e+03   5.612882075039052338e-26
1.966344827586206975e+03   8.680060559431088649e-26
1.968551724137930933e+03   8.598588803282432275e-26
1.970758620689655118e+03   5.366247244810623939e-26
1.972965517241379303e+03   4.747868960638773236e-26
1.975172413793103487e+03   7.474737057418093852e-26
1.977379310344827445e+03   7.824088990651329055e-26
1.979586206896551630e+03   6.290713950955766084e-26
1.981793103448275815e+03   6.149555130842358165e-26
1.984000000000000000e+03   6.945446585164340216e-26
1.986206896551724185e+03   6.717864342330029151e-26
1.988413793103448143e+03   6.853588871395162494e-26
1.990620689655172328e+03   7.755924357329730334e-26
1.992827586206896513e+03   7.238654656136480087e-26
1.995034482758620697e+03   5.327372030349492302e-26
1.997241379310344882e+03   5.566406676770919761e-26
1.999448275862068840e+03   7.277793002107732535e-26
2.001655172413793025e+03   7.192893574335143534e-26
2.003862068965517210e+03   6.071322603680785705e-26
2.006068965517241395e+03   6.507665210356466467e-26
2.008275862068965580e+03   7.231231711783157297e-26
2.010482758620689538e+03   6.638357966589150356e-26
2.012689655172413723e+03   6.509457501639396472e-26
2.014896551724137908e+03   7.615499428676254721e-26
2.017103448275862092e+03   7.469242151508334222e-26
2.019310344827586277e+03   5.549968761307262668e-26
2.021517241379310235e+03   5.004706919421729626e-26
2.023724137931034420e+03   6.460993519913832869e-26
2.025931034482758605e+03   6.707682382914066695e-26
2.028137931034482790e+03   6.346002174532204598e-26
2.030344827586206975e+03   7.378792675937112846e-26
2.032551724137930933e+03   8.055030693471213782e-26
2.034758620689655118e+03   6.730494780259115273e-26
2.036965517241379303e+03   5.531249474891633540e-26
2.039172413793103487e+03   6.901679239355896240e-26
2.041379310344827445e+03   7.665155023506894174e-26
2.043586206896551630e+03   6.437955550042696605e-26
2.045793103448275815e+03   5.753426695045456833e-26
2.048000000000000000e+03   6.850950156933594292e-26
