2.206896551724138078e+01   2.723738897124795721e-23
2.427586206896551602e+01   2.838546974714206350e-23
2.648275862068965480e+01   2.808782738237253648e-23
2.868965517241379359e+01   5.301359542861446098e-23
3.089655172413792883e+01   6.508380296333855426e-23
3.310344827586207117e+01   3.394799591524929859e-23
3.531034482758620641e+01   4.144954046117464076e-23
3.751724137931034164e+01   3.404639680546856677e-23
3.972413793103448398e+01   3.189757440951063222e-23
4.193103448275861922e+01   1.930781706844393640e-23
4.413793103448276156e+01   1.320180977418397018e-23
4.634482758620689680e+01   1.615504753221747420e-23
4.855172413793103203e+01   2.763216189621106984e-23
5.075862068965517437e+01   1.265750073321080565e-23
5.296551724137930961e+01   1.384362392872534644e-23
5.517241379310344485e+01   1.529479782626098935e-23
5.737931034482758719e+01   1.056108067410980266e-23
5.958620689655172242e+01   1.937802438921372139e-23
6.179310344827585766e+01   1.479272552980409241e-23
6.400000000000000000e+01   2.191777289772318353e-23
6.620689655172414234e+01   9.230628141738705327e-24
6.841379310344827047e+01   7.716918109380781999e-24
7.062068965517241281e+01   1.770493793114905245e-23
7.282758620689655515e+01   1.154051674972369046e-23
7.503448275862068328e+01   9.938878046313893984e-24
7.724137931034482563e+01   7.199514393858661710e-24
7.944827586206896797e+01   3.185774610102596018e-24
8.165517241379309610e+01   1.317641645812590028e-23
8.386206896551723844e+01   1.040644197655271627e-23
8.606896551724138078e+01   9.844805285084544016e-24
8.827586206896552312e+01   1.113313312377985666e-23
9.048275862068965125e+01   5.145815677469137989e-24
9.268965517241379359e+01   1.316172440066008814e-23
9.489655172413793593e+01   1.382762564681996388e-23
9.710344827586206407e+01   5.661206637267977201e-24
9.931034482758620641e+01   4.958758397079183824e-24
1.015172413793103487e+02   1.287913223028904252e-23
1.037241379310344769e+02   3.217075308350935040e-24
1.059310344827586192e+02   3.507194302595966339e-24
1.081379310344827616e+02   1.071678515732801548e-23
1.103448275862068897e+02   3.120072228199783797e-24
1.125517241379310320e+02   6.203293303303810774e-24
1.147586206896551744e+02   8.885116934321665857e-24
1.169655172413793025e+02   1.170742333044093312e-23
1.191724137931034448e+02   8.450872927471407881e-24
1.213793103448275872e+02   8.357945104253534484e-24
1.235862068965517153e+02   8.823540568249005612e-24
1.257931034482758577e+02   4.706421115025895935e-24
1.280000000000000000e+02   1.098050574649164573e-23
1.302068965517241281e+02   1.203393001078636113e-23
1.324137931034482847e+02   9.865388431636592172e-24
1.346206896551724128e+02   1.075027766469210399e-23
1.368275862068965409e+02   1.142023913695752167e-23
1.390344827586206975e+02   4.495447860578697030e-24
1.412413793103448256e+02   8.920754041747902328e-24
1.434482758620689538e+02   1.229229401528205443e-23
1.456551724137931103e+02   6.898370323773683099e-24
1.478620689655172384e+02   4.125624993385456559e-24
1.500689655172413666e+02   1.048818965948254495e-23
1.522758620689655231e+02   8.596861074203992021e-24
1.544827586206896513e+02   1.765954642717713573e-23
1.566896551724137794e+02   1.213974896200629522e-23
1.588965517241379359e+02   7.259602571068676132e-24
1.611034482758620641e+02   1.029068288066128681e-23
1.633103448275861922e+02   1.303457523404466046e-23
1.655172413793103487e+02   8.528334757279382478e-24
1.677241379310344769e+02   8.207171571674091755e-24
1.699310344827586050e+02   1.127663861902459194e-23
1.721379310344827616e+02   9.604831418566884572e-24
1.743448275862068897e+02   8.858553540063515411e-24
1.765517241379310462e+02   1.699532873751134981e-23
1.787586206896551744e+02   1.572816142651687153e-23
1.809655172413793025e+02   8.974196928891095901e-24
1.831724137931034591e+02   1.230608877775803554e-23
1.853793103448275872e+02   7.086406506101878582e-24
1.875862068965517153e+02   1.211373064455922912e-23
1.897931034482758719e+02   8.281638586284607782e-24
1.920000000000000000e+02   1.165708412119027749e-23
1.942068965517241281e+02   8.536142346965897972e-24
1.964137931034482847e+02   7.618291905116884484e-24
1.986206896551724128e+02   1.305779791169330871e-23
2.008275862068965409e+02   5.790565967403751905e-24
2.030344827586206975e+02   6.912822804097549353e-24
2.052413793103448256e+02   1.063357193627441923e-23
2.074482758620689538e+02   9.187614845841339016e-24
2.096551724137931103e+02   8.898344845097976576e-24
2.118620689655172384e+02   6.589883737714449611e-24
2.140689655172413666e+02   2.559840944985868408e-24
2.162758620689655231e+02   8.246457984272614805e-24
2.184827586206896513e+02   4.833597266223299860e-24
2.206896551724137794e+02   1.214982723648082832e-23
2.228965517241379359e+02   1.680675425384869506e-23
2.251034482758620641e+02   6.222468945354023313e-24
2.273103448275861922e+02   9.297223419224294596e-24
2.295172413793103487e+02   1.027507502102902299e-23
2.317241379310344769e+02   1.252536214151204719e-23
2.339310344827586050e+02   1.134371257465881224e-23
2.361379310344827616e+02   9.144105597412142836e-24
2.383448275862068897e+02   1.360907150694870741e-23
2.405517241379310178e+02   8.492590329443725600e-24
2.427586206896551744e+02   8.140046025367346014e-24
2.449655172413793025e+02   1.743086528263131834e-23
2.471724137931034306e+02   1.307175977368967641e-23
2.493793103448275872e+02   1.661487031937126550e-23
2.515862068965517153e+02   1.339326841098836126e-23
2.537931034482758719e+02   2.308985708561544589e-23
2.560000000000000000e+02   3.043546064786516042e-23
2.582068965517241281e+02   4.051036154734292015e-23
2.604137931034482563e+02   3.986935544480424548e-23
2.626206896551723844e+02   3.606775908642511133e-23
2.648275862068965694e+02   3.126096214669901982e-23
2.670344827586206975e+02   2.107050415619787150e-23
2.692413793103448256e+02   1.362303080297175889e-23
2.714482758620689538e+02   2.228144091051513097e-23
2.736551724137930819e+02   1.279049078985375653e-23
2.758620689655172100e+02   1.359698620558221467e-23
2.780689655172413950e+02   9.876252277728586155e-24
2.802758620689655231e+02   1.250994507074575798e-23
2.824827586206896513e+02   1.338678662285505649e-23
2.846896551724137794e+02   1.003654845190025360e-23
2.868965517241379075e+02   3.486241808236634648e-24
2.891034482758620925e+02   1.105824273562252687e-23
2.913103448275862206e+02   7.055380118305670811e-24
2.935172413793103487e+02   2.257778297675757311e-24
2.957241379310344769e+02   5.101519898429642997e-24
2.979310344827586050e+02   4.662069585018599083e-24
3.001379310344827331e+02   5.685564305236017269e-24
3.023448275862069181e+02   5.786457531658989029e-24
3.045517241379310462e+02   5.451845304499147811e-24
3.067586206896551744e+02   4.436272257143928064e-23
3.089655172413793025e+02   5.682256783793541974e-24
3.111724137931034306e+02   3.914664526515065186e-24
3.133793103448275588e+02   8.522913744986387016e-24
3.155862068965517437e+02   8.093762905321925869e-24
3.177931034482758719e+02   1.013304477442615353e-23
3.200000000000000000e+02   2.749835103607883063e-24
3.222068965517241281e+02   1.007056187155872551e-23
3.244137931034482563e+02   3.393533739553270745e-24
3.266206896551723844e+02   2.843780921740303735e-24
3.288275862068965694e+02   5.706289117860641999e-24
3.310344827586206975e+02   4.002812068155830192e-24
3.332413793103448256e+02   2.751656640318036086e-24
3.354482758620689538e+02   8.531778002023227017e-24
3.376551724137930819e+02   3.076227349389022297e-24
3.398620689655172100e+02   7.333283058817696911e-24
3.420689655172413950e+02   5.811951251629186817e-24
3.442758620689655231e+02   6.812804127092973238e-24
3.464827586206896513e+02   4.218885656727106675e-24
3.486896551724137794e+02   4.972340340631862266e-24
3.508965517241379075e+02   5.686961860228697783e-24
3.531034482758620925e+02   3.523492844053545267e-24
3.553103448275862206e+02   3.334249448507060416e-24
3.575172413793103487e+02   1.430243081608293314e-24
3.597241379310344769e+02   2.850881615204599203e-24
3.619310344827586050e+02   3.184118207757154819e-24
3.641379310344827331e+02   6.288384868253692440e-24
3.663448275862069181e+02   4.206314819610434627e-24
3.685517241379310462e+02   4.240147510280469741e-24
3.707586206896551744e+02   2.486141055651966847e-24
3.729655172413793025e+02   3.312237126711161782e-24
3.751724137931034306e+02   4.332765958131296248e-24
3.773793103448275588e+02   2.370035511823509795e-24
3.795862068965517437e+02   1.014255680454202796e-23
3.817931034482758719e+02   2.820381893428405228e-24
3.840000000000000000e+02   5.081777072394943855e-24
3.862068965517241281e+02   5.451170078156944677e-24
3.884137931034482563e+02   5.053900782765561024e-24
3.906206896551723844e+02   1.026578602359378297e-23
3.928275862068965694e+02   2.460417733491478656e-24
3.950344827586206975e+02   2.330903969109635717e-24
3.972413793103448256e+02   2.590833785946086210e-24
3.994482758620689538e+02   2.143481349456706286e-24
4.016551724137930819e+02   4.335676506927648845e-24
4.038620689655172100e+02   7.819795948761933889e-24
4.060689655172413950e+02   3.507565774003253953e-25
4.082758620689655231e+02   5.302048317501357150e-24
4.104827586206896513e+02   2.990666509694975069e-24
4.126896551724137794e+02   1.255432678402706873e-24
4.148965517241379075e+02   5.091890965222734340e-24
4.171034482758620356e+02   1.821471031075826502e-24
4.193103448275862206e+02   1.236329424829377925e-24
4.215172413793103487e+02   1.221625143714479293e-24
4.237241379310344769e+02   7.536899994215133381e-24
4.259310344827586050e+02   3.655568242167153175e-24
4.281379310344827331e+02   4.600431280733334078e-24
4.303448275862069181e+02   3.304483606458669978e-25
4.325517241379310462e+02   2.360069350723692757e-24
4.347586206896551744e+02   8.523551896142736687e-24
4.369655172413793025e+02   2.095820695498768834e-24
4.391724137931034306e+02   2.751791618241398616e-24
4.413793103448275588e+02   1.283708904596576917e-24
4.435862068965517437e+02   4.858850484275248047e-24
4.457931034482758719e+02   7.578085370918918562e-24
4.480000000000000000e+02   3.803578843315699305e-24
4.502068965517241281e+02   4.393910618755153789e-24
4.524137931034482563e+02   4.442341404740319933e-24
4.546206896551723844e+02   7.042130642430974594e-24
4.568275862068965694e+02   3.482050447627222361e-24
4.590344827586206975e+02   4.851094006306161894e-24
4.612413793103448256e+02   3.961165552353217688e-24
4.634482758620689538e+02   2.653726139421634111e-24
4.656551724137930819e+02   5.003274888816965501e-24
4.678620689655172100e+02   6.156452183385544980e-24
4.700689655172413950e+02   8.974383797153983731e-25
4.722758620689655231e+02   1.521229522815369114e-24
4.744827586206896513e+02   5.586513807928972457e-24
4.766896551724137794e+02   3.096260281614928553e-24
4.788965517241379075e+02   3.282180873813974728e-24
4.811034482758620356e+02   6.471920689951534409e-24
4.833103448275862206e+02   3.722934575899347667e-24
4.855172413793103487e+02   8.430195521449820558e-25
4.877241379310344769e+02   2.229157660467347269e-24
4.899310344827586050e+02   4.323947568272090892e-24
4.921379310344827331e+02   4.787726906956690165e-24
4.943448275862068613e+02   8.554637998592743933e-25
4.965517241379310462e+02   4.121043148474915697e-24
4.987586206896551744e+02   6.640528454639234607e-24
5.009655172413793025e+02   4.881511548424943963e-24
5.031724137931034306e+02   4.230906608303349810e-24
5.053793103448275588e+02   5.455393306471387855e-24
5.075862068965517437e+02   2.585611342192701409e-24
5.097931034482758719e+02   7.808243576368990153e-24
5.120000000000000000e+02   3.233695466728145385e-24
5.142068965517241850e+02   3.391161727035104369e-24
5.164137931034482563e+02   5.860320130936139321e-24
5.186206896551724412e+02   3.330086452756588918e-24
5.208275862068965125e+02   5.337847492443733279e-24
5.230344827586206975e+02   3.874646322469872474e-24
5.252413793103447688e+02   3.415450746905686812e-24
5.274482758620689538e+02   2.695744553966208618e-24
5.296551724137931387e+02   6.062794973396691273e-24
5.318620689655172100e+02   3.571664190897639897e-24
5.340689655172413950e+02   2.240084360088816728e-24
5.362758620689654663e+02   7.442795498383772698e-24
5.384827586206896513e+02   9.281872875207005309e-25
5.406896551724138362e+02   8.468984340565286813e-24
5.428965517241379075e+02   3.464891249929074715e-24
5.451034482758620925e+02   1.300211647453556690e-24
5.473103448275861638e+02   3.865543622879522636e-24
5.495172413793103487e+02   6.781436624647535144e-24
5.517241379310344200e+02   3.651223405794119014e-24
5.539310344827586050e+02   7.112672675600416376e-24
5.561379310344827900e+02   7.399147312966273846e-24
5.583448275862068613e+02   4.930116891759845043e-24
5.605517241379310462e+02   2.571350573483553593e-24
5.627586206896551175e+02   3.427729750729777253e-24
5.649655172413793025e+02   6.057073366394709382e-25
5.671724137931034875e+02   7.738150394161158695e-24
5.693793103448275588e+02   5.794698044513357729e-24
5.715862068965517437e+02   4.055786293639070479e-24
5.737931034482758150e+02   4.140411001356540334e-24
5.760000000000000000e+02   2.863431252167594022e-24
5.782068965517241850e+02   3.257562431116862033e-24
5.804137931034482563e+02   2.299702250988208327e-24
5.826206896551724412e+02   3.205906295896567505e-24
5.848275862068965125e+02   5.589728966638679991e-24
5.870344827586206975e+02   3.872990985941236321e-24
5.892413793103447688e+02   7.055762313482549362e-24
5.914482758620689538e+02   4.934235421836757219e-24
5.936551724137931387e+02   4.784732716991320242e-24
5.958620689655172100e+02   4.548585860911294846e-24
5.980689655172413950e+02   4.254063875250176647e-24
6.002758620689654663e+02   3.758175518491674096e-24
6.024827586206896513e+02   1.444357403767301078e-24
6.046896551724138362e+02   7.910903933292205295e-24
6.068965517241379075e+02   3.051965672665050539e-24
6.091034482758620925e+02   1.855053323046153802e-24
6.113103448275861638e+02   1.678183113247416992e-24
6.135172413793103487e+02   3.520560285042148997e-24
6.157241379310344200e+02   4.946966015422520363e-24
6.179310344827586050e+02   3.186425245130114032e-24
6.201379310344827900e+02   7.265193620163321219e-24
6.223448275862068613e+02   5.868411138884277985e-24
6.245517241379310462e+02   6.750755526616845253e-24
6.267586206896551175e+02   3.714204702602889296e-24
6.289655172413793025e+02   4.007607304757823644e-24
6.311724137931034875e+02   5.128503563669682808e-24
6.333793103448275588e+02   5.730660276183246388e-24
6.355862068965517437e+02   2.374152678579066393e-24
6.377931034482758150e+02   3.188321261913905468e-24
6.400000000000000000e+02   5.061725696390990371e-24
6.422068965517241850e+02   3.466579859930298358e-24
6.444137931034482563e+02   4.230111845275462487e-24
6.466206896551724412e+02   4.080966926234785671e-24
6.488275862068965125e+02   7.218546410299724319e-24
6.510344827586206975e+02   2.001297713928662581e-24
6.532413793103447688e+02   4.570734756847694118e-24
6.554482758620689538e+02   5.697413901207384035e-24
6.576551724137931387e+02   1.246318004976830217e-24
6.598620689655172100e+02   1.927021600648045153e-24
6.620689655172413950e+02   8.919514347641402719e-25
6.642758620689654663e+02   4.111658266069649945e-24
6.664827586206896513e+02   8.092930186020263270e-24
6.686896551724138362e+02   3.062232824400860249e-24
6.708965517241379075e+02   4.147777113526228151e-24
6.731034482758620925e+02   6.252912379655732677e-24
6.753103448275861638e+02   6.459758986388857525e-24
6.775172413793103487e+02   6.028324994506838895e-24
6.797241379310344200e+02   4.245607285518217097e-24
6.819310344827586050e+02   1.280275897219515138e-24
6.841379310344827900e+02   5.593795880623583994e-24
6.863448275862068613e+02   4.257218677610514417e-24
6.885517241379310462e+02   4.147622526871619857e-24
6.907586206896551175e+02   2.026595779344941127e-24
6.929655172413793025e+02   6.048868180237322032e-24
6.951724137931034875e+02   2.070069753061914153e-24
6.973793103448275588e+02   7.862495446746955510e-24
6.995862068965517437e+02   7.759105956150642502e-24
7.017931034482758150e+02   1.734275386857722786e-24
7.040000000000000000e+02   6.373511134396024503e-24
7.062068965517241850e+02   6.080498241992683194e-24
7.084137931034482563e+02   7.003508962568608109e-25
7.106206896551724412e+02   4.572642082109492935e-24
7.128275862068965125e+02   6.797865814788331999e-24
7.150344827586206975e+02   2.223061955794189944e-24
7.172413793103447688e+02   8.817879600973125388e-24
7.194482758620689538e+02   5.231919730269296066e-24
7.216551724137931387e+02   7.975105756148659372e-24
7.238620689655172100e+02   6.055637301076476995e-24
7.260689655172413950e+02   4.097931964879211028e-24
7.282758620689654663e+02   6.978895738400403863e-24
7.304827586206896513e+02   6.582285189452269153e-24
7.326896551724138362e+02   5.910479562738500922e-24
7.348965517241379075e+02   7.135949998186681449e-24
7.371034482758620925e+02   5.716760405192623048e-24
7.393103448275861638e+02   5.280042788844898613e-24
7.415172413793103487e+02   2.054042117028412909e-24
7.437241379310344200e+02   3.498170128379385598e-24
7.459310344827586050e+02   7.289674562748756452e-24
7.481379310344827900e+02   2.793603679427351798e-24
7.503448275862068613e+02   3.497488248679008968e-24
7.525517241379310462e+02   5.019120724658079026e-24
7.547586206896551175e+02   1.001684850728557273e-23
7.569655172413793025e+02   2.378497885460232935e-24
7.591724137931034875e+02   3.356041149615952683e-24
7.613793103448275588e+02   7.073046489819151938e-24
7.635862068965517437e+02   1.020324409842962905e-23
7.657931034482758150e+02   6.370435619518533349e-24
7.680000000000000000e+02   6.035921172974839899e-24
7.702068965517240713e+02   4.098067718052334550e-24
7.724137931034482563e+02   1.118052126869214087e-23
7.746206896551724412e+02   4.794459785150354580e-24
7.768275862068965125e+02   3.595123720870651242e-24
7.790344827586206975e+02   6.350565048036662389e-24
7.812413793103447688e+02   5.422858720758464375e-24
7.834482758620689538e+02   4.287450439439331629e-24
7.856551724137931387e+02   2.811273234649038416e-24
7.878620689655172100e+02   1.627560559388669230e-24
7.900689655172413950e+02   7.146561745869518277e-24
7.922758620689654663e+02   6.346372939075531046e-24
7.944827586206896513e+02   5.325298159062255362e-24
7.966896551724138362e+02   4.319090872244294724e-24
7.988965517241379075e+02   6.731485372648411655e-24
8.011034482758620925e+02   6.015018023955904295e-24
8.033103448275861638e+02   3.318516984052296050e-24
8.055172413793103487e+02   1.963469596844750843e-24
8.077241379310344200e+02   5.115382142045693253e-24
8.099310344827586050e+02   6.814558493224227118e-24
8.121379310344827900e+02   4.682402808020297627e-24
8.143448275862068613e+02   4.010296476817151538e-24
8.165517241379310462e+02   1.255673880456598693e-24
8.187586206896551175e+02   1.279845357366217100e-23
8.209655172413793025e+02   8.916488842312995338e-24
8.231724137931034875e+02   7.561090737882154063e-24
8.253793103448275588e+02   6.586057032680735522e-24
8.275862068965517437e+02   6.317347046288075557e-24
8.297931034482758150e+02   7.970549773344783428e-24
8.320000000000000000e+02   6.042205146692519548e-24
8.342068965517240713e+02   9.233240351554918123e-24
8.364137931034482563e+02   2.394999323500238705e-24
8.386206896551724412e+02   6.796220671723416538e-24
8.408275862068965125e+02   2.583196932293279154e-24
8.430344827586206975e+02   5.333867993414506104e-24
8.452413793103447688e+02   5.707756130928606036e-24
8.474482758620689538e+02   4.912261492966892967e-24
8.496551724137931387e+02   3.150132882927434633e-24
8.518620689655172100e+02   6.553016923789709876e-24
8.540689655172413950e+02   8.628379202043408534e-25
8.562758620689654663e+02   3.079844021053237018e-24
8.584827586206896513e+02   1.802616995078944377e-24
8.606896551724138362e+02   4.287504820035738787e-24
8.628965517241379075e+02   2.309670270881875670e-24
8.651034482758620925e+02   5.751315474076793960e-24
8.673103448275861638e+02   3.768493208078911016e-24
8.695172413793103487e+02   1.980000939648899120e-24
8.717241379310344200e+02   7.048251544261028656e-24
8.739310344827586050e+02   1.272502784860832432e-23
8.761379310344827900e+02   5.413973378542900826e-24
8.783448275862068613e+02   8.019356574735177662e-24
8.805517241379310462e+02   8.129880868977165693e-25
8.827586206896551175e+02   2.195094710674057453e-24
8.849655172413793025e+02   1.295786970136118518e-24
8.871724137931034875e+02   7.614023143545697944e-24
8.893793103448275588e+02   8.484051234811836802e-25
8.915862068965517437e+02   6.633460614991436182e-24
8.937931034482758150e+02   7.311280675947774233e-24
8.960000000000000000e+02   6.316187259013263005e-24
8.982068965517240713e+02   3.018092526546615498e-24
9.004137931034482563e+02   6.236108898600868001e-24
9.026206896551724412e+02   4.147940415655942709e-24
9.048275862068965125e+02   6.280709020070504434e-24
9.070344827586206975e+02   5.078192822258187205e-24
9.092413793103447688e+02   3.956391372371859871e-24
9.114482758620689538e+02   2.141579911414465750e-24
9.136551724137931387e+02   9.653627972301722765e-24
9.158620689655172100e+02   5.049877217845377813e-24
9.180689655172413950e+02   3.403610860892013116e-24
9.202758620689654663e+02   3.136787802402763463e-24
9.224827586206896513e+02   8.406632584035182432e-24
9.246896551724138362e+02   7.210048400351131051e-24
9.268965517241379075e+02   4.138739936230449428e-24
9.291034482758620925e+02   8.893418942180751807e-24
9.313103448275861638e+02   9.716507857155441560e-24
9.335172413793103487e+02   4.961039460483423764e-24
9.357241379310344200e+02   4.102188461247251677e-24
9.379310344827586050e+02   3.470057417147579002e-24
9.401379310344827900e+02   5.204313739801683703e-24
9.423448275862068613e+02   7.052884911998576812e-24
9.445517241379310462e+02   8.062367447814684028e-24
9.467586206896551175e+02   2.089008565234442421e-24
9.489655172413793025e+02   6.706510440512683163e-24
9.511724137931034875e+02   2.973826508911236923e-24
9.533793103448275588e+02   6.574591051972792997e-24
9.555862068965517437e+02   9.237029474434215227e-24
9.577931034482758150e+02   7.384121223430497267e-24
9.600000000000000000e+02   5.522790441196746020e-24
9.622068965517240713e+02   6.216683868466631651e-24
9.644137931034482563e+02   5.594715764349094453e-24
9.666206896551724412e+02   2.983608181656694240e-24
9.688275862068965125e+02   2.971151123478046390e-24
9.710344827586206975e+02   3.779782777065860818e-24
9.732413793103447688e+02   6.886384460879953961e-24
9.754482758620689538e+02   5.920057045057367919e-24
9.776551724137931387e+02   1.214357398621830475e-23
9.798620689655172100e+02   4.367322418356597422e-24
9.820689655172413950e+02   2.134084091191254607e-24
9.842758620689654663e+02   5.459638835172066630e-24
9.864827586206896513e+02   5.813183242480421265e-24
9.886896551724137225e+02   6.659421657974521521e-24
9.908965517241379075e+02   1.256194970358862746e-23
9.931034482758620925e+02   5.199519454582579788e-24
9.953103448275861638e+02   2.898796942742722518e-24
9.975172413793103487e+02   3.065533896544740945e-24
9.997241379310344200e+02   5.612821895915201282e-24
1.001931034482758605e+03   5.049977192229349211e-24
1.004137931034482790e+03   8.766390690505706744e-24
1.006344827586206861e+03   1.333389406905869193e-23
1.008551724137931046e+03   8.904101680998084042e-24
1.010758620689655118e+03   1.128524261544937912e-24
1.012965517241379303e+03   2.105620136021347789e-24
1.015172413793103487e+03   1.455971865026851172e-24
1.017379310344827559e+03   3.650801775150592796e-24
1.019586206896551744e+03   1.830935235462616707e-24
1.021793103448275815e+03   5.425400108064643617e-24
1.024000000000000000e+03   2.428300559658309957e-24
1.026206896551724185e+03   5.816548428816945593e-24
1.028413793103448370e+03   9.533811049141284922e-24
1.030620689655172328e+03   6.572549159807784973e-24
1.032827586206896513e+03   6.771678986384449787e-24
1.035034482758620697e+03   7.825207046935268888e-24
1.037241379310344882e+03   1.763419636907961399e-24
1.039448275862068840e+03   7.323016706254686576e-24
1.041655172413793025e+03   5.345444808604870584e-24
1.043862068965517210e+03   9.181141672895685682e-24
1.046068965517241395e+03   7.773833171682340494e-24
1.048275862068965580e+03   1.657559457476631305e-24
1.050482758620689538e+03   5.671830753638392771e-24
1.052689655172413723e+03   1.075875453766741803e-23
1.054896551724137908e+03   3.957581798771309822e-24
1.057103448275862092e+03   1.081621223890501167e-23
1.059310344827586277e+03   1.671041191231452229e-24
1.061517241379310235e+03   3.566363163521758833e-24
1.063724137931034420e+03   5.255302856013263005e-24
1.065931034482758605e+03   7.209431519942210915e-24
1.068137931034482790e+03   4.113449498560495901e-24
1.070344827586206975e+03   1.841680012846343509e-24
1.072551724137930933e+03   4.858031710332485290e-24
1.074758620689655118e+03   6.371125568117289418e-24
1.076965517241379303e+03   3.324568872798251028e-24
1.079172413793103487e+03   3.311437995792312465e-24
1.081379310344827672e+03   7.605855597058354570e-24
1.083586206896551630e+03   2.335195724673283724e-24
1.085793103448275815e+03   3.390708728641360638e-24
1.088000000000000000e+03   6.046766645975220815e-24
1.090206896551724185e+03   1.075940011471258722e-23
1.092413793103448370e+03   8.398346963758742795e-24
1.094620689655172328e+03   6.012371794196003263e-24
1.096827586206896513e+03   1.236160753460375655e-23
1.099034482758620697e+03   5.981795988074024218e-24
1.101241379310344882e+03   5.976615764458351072e-24
1.103448275862068840e+03   6.095155577755099680e-24
1.105655172413793025e+03   6.368489100371988372e-24
1.107862068965517210e+03   1.223024623631257261e-23
1.110068965517241395e+03   9.899158922139746709e-24
1.112275862068965580e+03   7.807507394336119189e-24
1.114482758620689538e+03   1.007980343447546680e-23
1.116689655172413723e+03   5.624586219447906123e-24
1.118896551724137908e+03   1.722131902826191753e-24
1.121103448275862092e+03   9.711373889696275436e-25
1.123310344827586277e+03   4.763782429500066363e-24
1.125517241379310235e+03   4.143860007335014040e-24
1.127724137931034420e+03   4.673321576229236364e-24
1.129931034482758605e+03   3.120418486955692977e-24
1.132137931034482790e+03   6.117726873072340644e-24
1.134344827586206975e+03   4.406726864269158111e-24
1.136551724137930933e+03   4.691409643380131580e-24
1.138758620689655118e+03   7.935149865366193485e-24
1.140965517241379303e+03   8.145257919045899627e-24
1.143172413793103487e+03   9.778687664195453513e-24
1.145379310344827672e+03   2.927473321600302504e-24
1.147586206896551630e+03   2.729635909668178484e-24
1.149793103448275815e+03   1.328046933623345905e-23
1.152000000000000000e+03   4.171102177303312919e-24
1.154206896551724185e+03   2.931490603890082413e-24
1.156413793103448370e+03   7.779849402924790246e-24
1.158620689655172328e+03   5.442432299802124511e-24
1.160827586206896513e+03   1.094833519490315877e-23
1.163034482758620697e+03   1.423932628341587272e-23
1.165241379310344882e+03   2.291814385306709829e-24
1.167448275862068840e+03   2.301254957162898637e-24
1.169655172413793025e+03   2.149518021253201088e-24
1.171862068965517210e+03   7.752573208232940410e-24
1.174068965517241395e+03   4.840167358739623786e-24
1.176275862068965580e+03   9.910939140905057760e-24
1.178482758620689538e+03   5.538011890254569757e-24
1.180689655172413723e+03   7.659540588838949590e-24
1.182896551724137908e+03   2.426317989137627511e-24
1.185103448275862092e+03   5.404497443386647396e-24
1.187310344827586277e+03   8.249565610805567639e-24
1.189517241379310235e+03   5.570226405944675818e-24
1.191724137931034420e+03   9.842380734672050665e-25
1.193931034482758605e+03   2.643359404905549899e-24
1.196137931034482790e+03   3.096595722241988418e-24
1.198344827586206975e+03   6.789224130152666687e-24
1.200551724137930933e+03   4.568831473331327028e-24
1.202758620689655118e+03   2.933481090099356434e-24
1.204965517241379303e+03   1.264692370493469096e-23
1.207172413793103487e+03   9.727631547946874653e-24
1.209379310344827672e+03   6.915764031127160728e-24
1.211586206896551630e+03   2.136920153686083639e-24
1.213793103448275815e+03   4.249973541191583954e-24
1.216000000000000000e+03   5.476194271947069721e-24
1.218206896551724185e+03   5.446016532303993686e-24
1.220413793103448370e+03   1.096532010611273771e-23
1.222620689655172328e+03   9.879137441845111198e-24
1.224827586206896513e+03   7.683644736276626579e-24
1.227034482758620697e+03   8.641088956456480950e-24
1.229241379310344882e+03   6.867425774907485094e-24
1.231448275862068840e+03   8.794503665147162835e-24
1.233655172413793025e+03   2.915193385883688526e-24
1.235862068965517210e+03   6.021291942172588112e-25
1.238068965517241395e+03   2.805313184079268265e-24
1.240275862068965580e+03   5.357487909387134732e-24
1.242482758620689538e+03   3.826651281406233371e-24
1.244689655172413723e+03   7.292774254466040076e-24
1.246896551724137908e+03   7.644384351311418262e-25
1.249103448275862092e+03   5.359088736687990918e-24
1.251310344827586277e+03   3.604537852521051439e-24
1.253517241379310235e+03   6.910393485888413157e-24
1.255724137931034420e+03   5.133301905877888131e-24
1.257931034482758605e+03   1.132635426381112475e-23
1.260137931034482790e+03   1.365204730386324965e-23
1.262344827586206975e+03   6.673102025367990048e-24
1.264551724137930933e+03   4.528956452128326873e-24
1.266758620689655118e+03   8.639339813596081751e-24
1.268965517241379303e+03   1.047286278572957506e-23
1.271172413793103487e+03   6.309750571665382754e-24
1.273379310344827672e+03   1.735797301862003113e-24
1.275586206896551630e+03   1.172289386928776860e-23
1.277793103448275815e+03   6.830483459767069212e-25
1.280000000000000000e+03   1.109495541464268474e-23
1.282206896551724185e+03   7.916268755715571273e-24
1.284413793103448370e+03   1.647687558330067129e-23
1.286620689655172328e+03   1.027648266021941716e-23
1.288827586206896513e+03   1.193167109598401480e-23
1.291034482758620697e+03   5.034157910220818199e-24
1.293241379310344882e+03   8.342754194756728213e-24
1.295448275862068840e+03   1.761855638546050166e-24
1.297655172413793025e+03   1.089842048677259662e-23
1.299862068965517210e+03   3.522484766850594136e-24
1.302068965517241395e+03   3.152214002720890714e-24
1.304275862068965580e+03   1.404330896775581553e-23
1.306482758620689538e+03   9.007811947165227205e-24
1.308689655172413723e+03   7.022920717969689575e-24
1.310896551724137908e+03   1.121970654035356977e-23
1.313103448275862092e+03   2.998482753427554266e-24
1.315310344827586277e+03   8.171632191300791960e-24
1.317517241379310235e+03   1.834021159265102049e-24
1.319724137931034420e+03   8.019781888650826796e-24
1.321931034482758605e+03   4.193825287420624770e-24
1.324137931034482790e+03   1.022494666599917590e-23
1.326344827586206975e+03   4.119096350638395220e-24
1.328551724137930933e+03   8.113805341491542574e-24
1.330758620689655118e+03   7.503741545874567272e-24
1.332965517241379303e+03   1.226436846600732566e-23
1.335172413793103487e+03   6.259807897898011068e-24
1.337379310344827672e+03   2.771537689138146418e-24
1.339586206896551630e+03   7.243485078338358509e-24
1.341793103448275815e+03   3.039734109961853899e-24
1.344000000000000000e+03   1.146198313886666070e-23
1.346206896551724185e+03   1.016342591846304681e-23
1.348413793103448370e+03   1.146186036936870224e-23
1.350620689655172328e+03   8.660608575301198376e-24
1.352827586206896513e+03   7.896336747763104094e-24
1.355034482758620697e+03   5.921514861333886171e-24
1.357241379310344882e+03   5.318209603412397278e-24
1.359448275862068840e+03   3.487344917961961566e-24
1.361655172413793025e+03   5.840592513609916109e-24
1.363862068965517210e+03   8.991868638642176398e-24
1.366068965517241395e+03   1.020507728989295628e-24
1.368275862068965580e+03   9.316109850810490158e-24
1.370482758620689538e+03   3.250605998213181084e-24
1.372689655172413723e+03   3.921199433272156010e-24
1.374896551724137908e+03   1.505456425293473290e-24
1.377103448275862092e+03   8.829505357712648568e-24
1.379310344827586277e+03   8.828488886859663218e-24
1.381517241379310235e+03   4.354999168402900747e-24
1.383724137931034420e+03   3.827889497578828630e-24
1.385931034482758605e+03   1.064289989727012660e-23
1.388137931034482790e+03   2.179783078483129643e-24
1.390344827586206975e+03   5.203913895577988996e-24
1.392551724137930933e+03   8.796625959845689755e-24
1.394758620689655118e+03   1.637549297704202709e-23
1.396965517241379303e+03   3.883498067032049810e-24
1.399172413793103487e+03   1.003398662897051583e-23
1.401379310344827672e+03   9.275534231686983030e-25
1.403586206896551630e+03   1.158352756470196555e-23
1.405793103448275815e+03   1.976432069435639186e-23
1.408000000000000000e+03   4.338992421295383806e-24
1.410206896551724185e+03   9.321626834498261382e-24
1.412413793103448370e+03   5.021349763826372108e-24
1.414620689655172328e+03   6.757635974387438899e-24
1.416827586206896513e+03   1.501622007581627476e-23
1.419034482758620697e+03   1.410029481580305033e-23
1.421241379310344882e+03   4.958374007928903109e-24
1.423448275862068840e+03   9.088579279166249137e-24
1.425655172413793025e+03   7.030891935096114221e-24
1.427862068965517210e+03   9.454606219207512433e-24
1.430068965517241395e+03   7.206176831674330962e-24
1.432275862068965580e+03   1.009828590481447280e-23
1.434482758620689538e+03   4.768498257964651748e-24
1.436689655172413723e+03   7.544619531752414349e-24
1.438896551724137908e+03   1.173070119324019443e-23
1.441103448275862092e+03   5.887644832507217446e-24
1.443310344827586277e+03   7.321873284657080254e-24
1.445517241379310235e+03   4.130395059055513387e-24
1.447724137931034420e+03   1.370327792522550899e-23
1.449931034482758605e+03   1.132648686509911328e-23
1.452137931034482790e+03   5.263185593698574720e-24
1.454344827586206975e+03   3.995275829037149010e-24
1.456551724137930933e+03   9.698546435357232258e-24
1.458758620689655118e+03   2.517232726843709881e-24
1.460965517241379303e+03   6.545965334650705182e-24
1.463172413793103487e+03   6.988689130887499090e-24
1.465379310344827672e+03   5.593128832090322827e-24
1.467586206896551630e+03   4.568439583738118299e-24
1.469793103448275815e+03   8.819348865378316158e-24
1.472000000000000000e+03   4.534804111965088485e-24
1.474206896551724185e+03   1.336335898452056052e-23
1.476413793103448143e+03   1.086636732623353709e-23
1.478620689655172328e+03   5.090829994027845385e-24
1.480827586206896513e+03   9.735690073745521514e-24
1.483034482758620697e+03   4.307801573661263681e-24
1.485241379310344882e+03   2.264297561597466331e-23
1.487448275862068840e+03   6.631699411726337984e-24
1.489655172413793025e+03   4.316972523647805503e-24
1.491862068965517210e+03   1.144843623295598346e-23
1.494068965517241395e+03   3.371990386760013901e-24
1.496275862068965580e+03   4.962274502259657336e-24
1.498482758620689538e+03   9.939119433850533766e-24
1.500689655172413723e+03   1.380987471628957464e-23
1.502896551724137908e+03   8.357983700082478954e-24
1.505103448275862092e+03   7.807378464221743931e-24
1.507310344827586277e+03   6.664930610335004972e-24
1.509517241379310235e+03   7.290295822330563163e-24
1.511724137931034420e+03   1.383381832493920243e-23
1.513931034482758605e+03   1.021342952816463873e-23
1.516137931034482790e+03   1.467085256006562675e-23
1.518344827586206975e+03   3.525896759116201327e-24
1.520551724137930933e+03   5.297509955407490383e-24
1.522758620689655118e+03   5.634236991219029823e-24
1.524965517241379303e+03   1.250460633474281343e-23
1.527172413793103487e+03   5.756510392954407940e-24
1.529379310344827672e+03   1.579597216396856623e-23
1.531586206896551630e+03   6.682655370711875593e-24
1.533793103448275815e+03   6.779725264010513647e-24
1.536000000000000000e+03   4.253130720237118692e-24
1.538206896551724185e+03   6.490269012535320823e-24
1.540413793103448143e+03   5.287811552968637239e-24
1.542620689655172328e+03   7.590512578198213214e-24
1.544827586206896513e+03   4.658670934924452557e-24
1.547034482758620697e+03   1.008074868659188262e-23
1.549241379310344882e+03   9.224774258785058725e-24
1.551448275862068840e+03   8.021328496665218201e-24
1.553655172413793025e+03   6.288316675659241487e-24
1.555862068965517210e+03   1.116921115165872816e-23
1.558068965517241395e+03   8.935860981501826612e-25
1.560275862068965580e+03   1.322665770311791349e-23
1.562482758620689538e+03   9.062604663354771920e-24
1.564689655172413723e+03   4.213425193160355911e-24
1.566896551724137908e+03   1.222409707882825412e-23
1.569103448275862092e+03   1.014814797040891094e-23
1.571310344827586277e+03   7.654903105842541061e-24
1.573517241379310235e+03   9.222116813156476972e-24
1.575724137931034420e+03   5.761844721839607684e-24
1.577931034482758605e+03   6.631046223276938717e-24
1.580137931034482790e+03   2.586195948926119717e-23
1.582344827586206975e+03   1.039188253687148209e-23
1.584551724137930933e+03   6.486802139424370450e-24
1.586758620689655118e+03   1.560539345244774727e-23
1.588965517241379303e+03   9.395199016916146496e-24
1.591172413793103487e+03   4.551010882638804682e-24
1.593379310344827672e+03   1.908695054549057677e-23
1.595586206896551630e+03   9.626836137903076997e-24
1.597793103448275815e+03   5.714790627245283115e-24
1.600000000000000000e+03   9.590881238085354001e-24
1.602206896551724185e+03   6.302581839935638083e-24
1.604413793103448143e+03   3.922591594799201331e-24
1.606620689655172328e+03   1.445098489587897180e-23
1.608827586206896513e+03   7.442861274567609460e-24
1.611034482758620697e+03   4.480269238573275000e-24
1.613241379310344882e+03   1.068798193245581771e-23
1.615448275862068840e+03   1.994424064745708469e-23
1.617655172413793025e+03   1.307627827191174632e-23
1.619862068965517210e+03   1.017697843319616838e-23
1.622068965517241395e+03   4.728644288783662961e-24
1.624275862068965580e+03   1.225521368445485018e-23
1.626482758620689538e+03   8.357543371798213748e-24
1.628689655172413723e+03   1.751180342469358715e-23
1.630896551724137908e+03   7.973361745962356113e-24
1.633103448275862092e+03   4.190749570998843918e-25
1.635310344827586277e+03   1.250947961208354261e-23
1.637517241379310235e+03   1.032162456897461277e-23
1.639724137931034420e+03   5.646545695944887379e-24
1.641931034482758605e+03   4.100327493226049065e-24
1.644137931034482790e+03   2.542570305648336798e-24
1.646344827586206975e+03   8.926212616981673003e-24
1.648551724137930933e+03   7.967174724869398171e-24
1.650758620689655118e+03   1.093978114389490804e-23
1.652965517241379303e+03   5.974485869401796230e-25
1.655172413793103487e+03   1.350890958567303650e-23
1.657379310344827672e+03   4.621366602701475991e-24
1.659586206896551630e+03   1.199436788748133151e-23
1.661793103448275815e+03   2.663201998995004029e-24
1.664000000000000000e+03   2.094604545492434387e-23
1.666206896551724185e+03   1.166374827226661104e-23
1.668413793103448143e+03   5.607380884434947517e-24
1.670620689655172328e+03   3.391864564788280740e-24
1.672827586206896513e+03   8.174084109402342759e-24
1.675034482758620697e+03   9.267212490169505489e-24
1.677241379310344882e+03   1.033427643064664374e-24
1.679448275862068840e+03   7.034501460213809710e-24
1.681655172413793025e+03   1.316303582053979111e-23
1.683862068965517210e+03   8.727835528254436668e-24
1.686068965517241395e+03   6.292790235238690505e-24
1.688275862068965580e+03   8.547125603427421742e-24
1.690482758620689538e+03   4.405329888699762982e-24
1.692689655172413723e+03   4.972042883773295400e-24
1.694896551724137908e+03   1.029318491684208843e-23
1.697103448275862092e+03   1.832237192320651713e-23
1.699310344827586277e+03   4.876125046353334666e-24
1.701517241379310235e+03   1.663685223337332111e-23
1.703724137931034420e+03   3.452924450574010385e-24
1.705931034482758605e+03   1.352541989061152992e-23
1.708137931034482790e+03   5.962774252736271211e-24
1.710344827586206975e+03   9.887364023859146049e-24
1.712551724137930933e+03   4.545540488851901531e-24
1.714758620689655118e+03   1.008918107839264900e-23
1.716965517241379303e+03   4.426031926364204275e-24
1.719172413793103487e+03   4.658530542385772762e-24
1.721379310344827672e+03   6.376080944306597751e-24
1.723586206896551630e+03   9.297177282968951551e-24
1.725793103448275815e+03   6.832651043853363669e-24
1.728000000000000000e+03   9.907548856713936153e-24
1.730206896551724185e+03   2.076775325267140710e-23
1.732413793103448143e+03   2.619388009563395452e-24
1.734620689655172328e+03   1.432745901386206393e-23
1.736827586206896513e+03   1.814945471942157607e-23
1.739034482758620697e+03   4.045909189290496052e-24
1.741241379310344882e+03   4.141986294662880080e-24
1.743448275862068840e+03   5.183064677892145400e-24
1.745655172413793025e+03   5.098157528065796509e-24
1.747862068965517210e+03   7.706661381387669701e-24
1.750068965517241395e+03   5.096224103324040467e-24
1.752275862068965580e+03   7.973269000435302892e-24
1.754482758620689538e+03   1.624815288889738866e-24
1.756689655172413723e+03   1.043351198988652706e-23
1.758896551724137908e+03   1.031052932670771416e-23
1.761103448275862092e+03   8.771001335930748779e-24
1.763310344827586277e+03   1.027164202239743384e-23
1.765517241379310235e+03   1.085043753054668643e-23
1.767724137931034420e+03   8.112733889218133383e-24
1.769931034482758605e+03   1.086153987389435766e-23
1.772137931034482790e+03   1.393158517219472183e-23
1.774344827586206975e+03   3.957279854008149725e-24
1.776551724137930933e+03   1.232683881248576955e-23
1.778758620689655118e+03   1.055510886500828186e-23
1.780965517241379303e+03   3.778634984848025310e-24
1.783172413793103487e+03   3.604258327349491934e-24
1.785379310344827672e+03   6.049296466137476714e-24
1.787586206896551630e+03   2.593900350308110580e-23
1.789793103448275815e+03   6.715399572883070690e-24
1.792000000000000000e+03   1.484456760134217100e-23
1.794206896551724185e+03   2.536943933179877303e-23
1.796413793103448143e+03   3.140498066420403081e-24
1.798620689655172328e+03   5.824847172540150655e-24
1.800827586206896513e+03   1.480974506320358410e-23
1.803034482758620697e+03   4.923517277821704882e-24
1.805241379310344882e+03   1.901266574876666932e-23
1.807448275862068840e+03   3.239872741010272704e-24
1.809655172413793025e+03   1.161046939117399389e-23
1.811862068965517210e+03   1.185920172117942188e-23
1.814068965517241395e+03   5.520213424419717450e-24
1.816275862068965580e+03   1.849478977271302893e-23
1.818482758620689538e+03   3.873181913903195176e-24
1.820689655172413723e+03   4.488742341695208576e-24
1.822896551724137908e+03   1.883141409551421683e-24
1.825103448275862092e+03   6.447906859650406669e-24
1.827310344827586277e+03   1.225719274250843856e-23
1.829517241379310235e+03   1.205935520718822951e-23
1.831724137931034420e+03   8.544292994846798608e-24
1.833931034482758605e+03   2.553583007510980054e-24
1.836137931034482790e+03   1.388308803089033194e-23
1.838344827586206975e+03   9.652906934729862609e-24
1.840551724137930933e+03   9.218718331486524061e-24
1.842758620689655118e+03   1.248560342448300294e-23
1.844965517241379303e+03   1.246903235489035451e-23
1.847172413793103487e+03   8.059097449899113131e-24
1.849379310344827672e+03   8.405599536792897103e-24
1.851586206896551630e+03   3.981257612407216928e-24
1.853793103448275815e+03   1.418175345361730195e-23
1.856000000000000000e+03   1.102241659191379050e-23
1.858206896551724185e+03   8.798395641454340120e-24
1.860413793103448143e+03   1.052198571464070120e-23
1.862620689655172328e+03   4.530088531697058990e-24
1.864827586206896513e+03   1.410211255154086690e-23
1.867034482758620697e+03   1.593451666144264646e-23
1.869241379310344882e+03   5.038448186231896951e-24
1.871448275862068840e+03   1.062479611915758099e-23
1.873655172413793025e+03   1.641434045631783494e-23
1.875862068965517210e+03   1.692264622863194499e-23
1.878068965517241395e+03   2.424411174019684284e-23
1.880275862068965580e+03   1.993508511697117547e-23
1.882482758620689538e+03   7.552465347582568141e-24
1.884689655172413723e+03   1.453383216992450597e-23
1.886896551724137908e+03   8.036184708265327515e-24
1.889103448275862092e+03   9.400664185639777670e-24
1.891310344827586277e+03   1.437653459873189643e-23
1.893517241379310235e+03   6.114190274642021865e-24
1.895724137931034420e+03   1.173682950571296653e-23
1.897931034482758605e+03   3.689217911382997070e-24
1.900137931034482790e+03   1.006141295298154479e-23
1.902344827586206975e+03   1.674045943208636034e-23
1.904551724137930933e+03   8.645590508309778713e-24
1.906758620689655118e+03   1.216487669563783287e-23
1.908965517241379303e+03   6.161549096729130661e-24
1.911172413793103487e+03   4.271944632054655529e-24
1.913379310344827672e+03   1.029595899851236587e-23
1.915586206896551630e+03   1.049981174208830735e-23
1.917793103448275815e+03   9.072529830650308568e-24
1.920000000000000000e+03   1.374377253714575747e-23
1.922206896551724185e+03   5.093196597890866320e-24
1.924413793103448143e+03   1.852214261762031312e-23
1.926620689655172328e+03   1.558783378036091447e-23
1.928827586206896513e+03   6.021913524804396450e-24
1.931034482758620697e+03   3.454341359574132842e-24
1.933241379310344882e+03   1.505893693107446467e-23
1.935448275862068840e+03   1.534087832711408585e-23
1.937655172413793025e+03   1.720753660636583407e-23
1.939862068965517210e+03   1.159081968025790626e-23
1.942068965517241395e+03   7.112926201140820132e-24
1.944275862068965580e+03   1.416508263273999501e-23
1.946482758620689538e+03   1.041919964731621234e-23
1.948689655172413723e+03   2.526208689498382209e-23
1.950896551724137908e+03   7.475238099966062332e-24
1.953103448275862092e+03   7.334244715300342484e-24
1.955310344827586277e+03   2.606737985387834423e-23
1.957517241379310235e+03   2.000060418801490087e-23
1.959724137931034420e+03   9.578066809746297195e-24
1.961931034482758605e+03   1.400307516691167144e-23
1.964137931034482790e+03   3.100016881677206765e-24
1.966344827586206975e+03   9.133075913379043866e-24
1.968551724137930933e+03   2.202133957480304421e-24
1.970758620689655118e+03   4.423703178028844264e-24
1.972965517241379303e+03   2.294787065611995674e-23
1.975172413793103487e+03   2.149302051225822767e-23
1.977379310344827445e+03   2.031254330835130486e-23
1.979586206896551630e+03   3.817003908165915761e-24
1.981793103448275815e+03   4.111652565370935954e-24
1.984000000000000000e+03   1.399698924325922492e-24
1.986206896551724185e+03   1.764188908990161944e-23
1.988413793103448143e+03   4.625920587185700808e-24
1.990620689655172328e+03   6.014907824837053208e-24
1.992827586206896513e+03   4.791463371292702647e-24
1.995034482758620697e+03   1.955250469356605999e-24
1.997241379310344882e+03   2.271193202889241758e-23
1.999448275862068840e+03   9.564746605597202641e-24
2.001655172413793025e+03   7.841231148019160461e-24
2.003862068965517210e+03   7.231082936088843909e-24
2.006068965517241395e+03   4.548485745796003212e-24
2.008275862068965580e+03   2.277534292203146940e-24
2.010482758620689538e+03   1.730438464026543649e-23
2.012689655172413723e+03   1.162695741066331867e-23
2.014896551724137908e+03   1.431760624722564878e-23
2.017103448275862092e+03   7.847801143885951683e-24
2.019310344827586277e+03   1.219502487230855957e-23
2.021517241379310235e+03   9.852871921067451883e-24
2.023724137931034420e+03   1.961206482521059923e-23
2.025931034482758605e+03   1.422602711165924317e-23
2.028137931034482790e+03   1.190025735587215611e-23
2.030344827586206975e+03   6.126136710916308753e-24
2.032551724137930933e+03   2.054103135204708242e-23
2.034758620689655118e+03   4.257965901263848258e-24
2.036965517241379303e+03   1.532674437253466423e-24
2.039172413793103487e+03   1.983247559126858311e-23
2.041379310344827445e+03   9.871211484130406462e-24
2.043586206896551630e+03   1.030593586265133046e-23
2.045793103448275815e+03   8.686551415870646927e-24
2.048000000000000000e+03   1.070189920990652917e-24
