0.000000000000000000e+00   -3.326801497560191723e-01
2.441406250000000000e-04   -3.314069685003953047e-01
4.882812500000000000e-04   -3.412760086273201598e-01
7.324218750000000000e-04   -3.618445355355197623e-01
9.765625000000000000e-04   -3.890483123407734722e-01
1.220703125000000000e-03   -4.186626727636004186e-01
1.464843750000000000e-03   -4.445275429978393644e-01
1.708984375000000000e-03   -4.623332485162218730e-01
1.953125000000000000e-03   -4.680341128422324526e-01
2.197265625000000000e-03   -4.612752411534029595e-01
2.441406250000000000e-03   -4.428835346951000562e-01
2.685546875000000000e-03   -4.172081305238266036e-01
2.929687500000000000e-03   -3.887014002374407085e-01
3.173828125000000000e-03   -3.634696751912850909e-01
3.417968750000000000e-03   -3.453754262736187242e-01
3.662109375000000000e-03   -3.377699134071062148e-01
3.906250000000000000e-03   -3.403415971015982255e-01
4.150390625000000000e-03   -3.517191250127403301e-01
4.394531250000000000e-03   -3.673007909094983536e-01
4.638671875000000000e-03   -3.828438999477554727e-01
4.882812500000000000e-03   -3.928574515054208405e-01
5.126953125000000000e-03   -3.941858769364549597e-01
5.371093750000000000e-03   -3.841576737415461351e-01
5.615234375000000000e-03   -3.636808139608237456e-01
5.859375000000000000e-03   -3.345357888424006498e-01
6.103515625000000000e-03   -3.013580486171173467e-01
6.347656250000000000e-03   -2.681781391186764396e-01
6.591796875000000000e-03   -2.400842134549812656e-01
6.835937500000000000e-03   -2.196241128971589129e-01
7.080078125000000000e-03   -2.086949307249962027e-01
7.324218750000000000e-03   -2.057787091312117955e-01
7.568359375000000000e-03   -2.087759999416997081e-01
7.812500000000000000e-03   -2.130066230402313521e-01
8.056640625000000000e-03   -2.146626488607292216e-01
8.300781250000000000e-03   -2.093061277859354918e-01
8.544921875000000000e-03   -1.953603966840024297e-01
8.789062500000000000e-03   -1.719403050087903173e-01
9.033203125000000000e-03   -1.414107365420163576e-01
9.277343750000000000e-03   -1.064807149784078866e-01
9.521484375000000000e-03   -7.198118591163285562e-02
9.765625000000000000e-03   -4.126903513589573469e-02
1.000976562500000000e-02   -1.786179198213630123e-02
1.025390625000000000e-02   -2.303827722894385456e-03
1.049804687500000000e-02   5.484229422604713564e-03
1.074218750000000000e-02   8.610550951571618178e-03
1.098632812500000000e-02   1.005468871511223418e-02
1.123046875000000000e-02   1.431487902972896145e-02
1.147460937500000000e-02   2.407818366645062685e-02
1.171875000000000000e-02   4.206436652360596995e-02
1.196289062500000000e-02   6.794292548887873040e-02
1.220703125000000000e-02   1.007108612856323776e-01
1.245117187500000000e-02   1.365278763181824451e-01
1.269531250000000000e-02   1.719266556916199395e-01
1.293945312500000000e-02   2.021681582511156428e-01
1.318359375000000000e-02   2.246270962390202741e-01
1.342773437500000000e-02   2.371496788777889275e-01
1.367187500000000000e-02   2.409657410000156930e-01
1.391601562500000000e-02   2.380636127035367922e-01
1.416015625000000000e-02   2.331186993875318803e-01
1.440429687500000000e-02   2.301456463568712363e-01
1.464843750000000000e-02   2.339062294063312675e-01
1.489257812500000000e-02   2.464187856667529597e-01
1.513671875000000000e-02   2.688302130420631153e-01
1.538085937500000000e-02   2.988020887381867552e-01
1.562500000000000000e-02   3.333126417107863948e-01
1.586914062500000000e-02   3.669395845819374835e-01
1.611328125000000000e-02   3.954119028871391217e-01
1.635742187500000000e-02   4.142251789622352076e-01
1.660156250000000000e-02   4.218762642165070353e-01
1.684570312500000000e-02   4.178337037617069760e-01
1.708984375000000000e-02   4.050598471011511714e-01
1.733398437500000000e-02   3.870858107059190201e-01
1.757812500000000000e-02   3.695890208979950575e-01
1.782226562500000000e-02   3.569425224976480182e-01
1.806640625000000000e-02   3.536623122306201683e-01
1.831054687500000000e-02   3.610650824746067800e-01
1.855468750000000000e-02   3.791849681813465045e-01
1.879882812500000000e-02   4.044393188668911621e-01
1.904296875000000000e-02   4.327058332445303801e-01
1.928710937500000000e-02   4.577869278487174953e-01
1.953125000000000000e-02   4.749854793187680557e-01
1.977539062500000000e-02   4.798854685312360924e-01
2.001953125000000000e-02   4.716316152628526326e-01
2.026367187500000000e-02   4.508010742897698986e-01
2.050781250000000000e-02   4.215676446402440991e-01
2.075195312500000000e-02   3.886224566598215913e-01
2.099609375000000000e-02   3.584453263931540734e-01
2.124023437500000000e-02   3.355662768415293429e-01
2.148437500000000000e-02   3.239116305925380246e-01
2.172851562500000000e-02   3.238176297297253869e-01
2.197265625000000000e-02   3.342225093089980503e-01
2.221679687500000000e-02   3.505786271617102323e-01
2.246093750000000000e-02   3.681132505551977796e-01
2.270507812500000000e-02   3.806295661775698780e-01
2.294921875000000000e-02   3.840082288892419649e-01
2.319335937500000000e-02   3.747169118744548277e-01
2.343750000000000000e-02   3.528307224788844176e-01
2.368164062500000000e-02   3.198089266761880989e-01
2.392578125000000000e-02   2.803707896164160940e-01
2.416992187500000000e-02   2.392408188319192497e-01
2.441406250000000000e-02   2.024691646682686419e-01
2.465820312500000000e-02   1.739555391733901279e-01
2.490234375000000000e-02   1.568163875854198808e-01
2.514648437500000000e-02   1.505122809951180418e-01
2.539062500000000000e-02   1.532842570111158931e-01
2.563476562500000000e-02   1.603426310957611067e-01
2.587890625000000000e-02   1.670692739816768968e-01
2.612304687500000000e-02   1.678221346846258399e-01
2.636718750000000000e-02   1.594115782454526287e-01
2.661132812500000000e-02   1.395104074574986808e-01
2.685546875000000000e-02   1.092861956142813784e-01
2.709960937500000000e-02   7.094503301177572385e-02
2.734375000000000000e-02   2.945505603552364335e-02
2.758789062500000000e-02   -1.078362974987972372e-02
2.783203125000000000e-02   -4.470875484042421966e-02
2.807617187500000000e-02   -6.981747777489244466e-02
2.832031250000000000e-02   -8.447357477640707324e-02
2.856445312500000000e-02   -9.045433900842955732e-02
2.880859375000000000e-02   -9.028823330952144566e-02
2.905273437500000000e-02   -8.877560676309556587e-02
2.929687500000000000e-02   -8.974492473695916406e-02
2.954101562500000000e-02   -9.747416613889252346e-02
2.978515625000000000e-02   -1.135502312591996493e-01
3.002929687500000000e-02   -1.386526576096184793e-01
3.027343750000000000e-02   -1.702931522267944753e-01
3.051757812500000000e-02   -2.056170823494719302e-01
3.076171875000000000e-02   -2.398156369582472303e-01
3.100585937500000000e-02   -2.693464049161172214e-01
3.125000000000000000e-02   -2.906346299154599633e-01
3.149414062500000000e-02   -3.030654012841643707e-01
3.173828125000000000e-02   -3.068706989682762343e-01
3.198242187500000000e-02   -3.051722302440548207e-01
3.222656250000000000e-02   -3.011824276210489093e-01
3.247070312500000000e-02   -2.995947839306848381e-01
3.271484375000000000e-02   -3.032635029793121495e-01
3.295898437500000000e-02   -3.147152403002037580e-01
3.320312500000000000e-02   -3.335117495119224729e-01
3.344726562500000000e-02   -3.584621816443732123e-01
3.369140625000000000e-02   -3.856613078699697716e-01
3.393554687500000000e-02   -4.114986454215976974e-01
3.417968750000000000e-02   -4.314042993258186964e-01
3.442382812500000000e-02   -4.429914110884684564e-01
3.466796875000000000e-02   -4.444511100864249609e-01
3.491210937500000000e-02   -4.371812133247833798e-01
3.515625000000000000e-02   -4.234121177892414822e-01
3.540039062500000000e-02   -4.077769785692414439e-01
3.564453125000000000e-02   -3.941222630017706674e-01
3.588867187500000000e-02   -3.868184523592403945e-01
3.613281250000000000e-02   -3.876687544788063877e-01
3.637695312500000000e-02   -3.975198696654059782e-01
3.662109375000000000e-02   -4.139285339677012954e-01
3.686523437500000000e-02   -4.338603635960473492e-01
3.710937500000000000e-02   -4.522191408582681427e-01
3.735351562500000000e-02   -4.649762133635706451e-01
3.759765625000000000e-02   -4.679490319397965337e-01
3.784179687500000000e-02   -4.598693218598705057e-01
3.808593750000000000e-02   -4.405641560057690920e-01
3.833007812500000000e-02   -4.131416637152622306e-01
3.857421875000000000e-02   -3.813339031783130051e-01
3.881835937500000000e-02   -3.508512181503067318e-01
3.906250000000000000e-02   -3.259947525672085566e-01
3.930664062500000000e-02   -3.107786379227188145e-01
3.955078125000000000e-02   -3.060133264042887435e-01
3.979492187500000000e-02   -3.112228649653566159e-01
4.003906250000000000e-02   -3.225602523340719285e-01
4.028320312500000000e-02   -3.356966865076093653e-01
4.052734375000000000e-02   -3.446909516448087851e-01
4.077148437500000000e-02   -3.453276294612151465e-01
4.101562500000000000e-02   -3.338895139206917717e-01
4.125976562500000000e-02   -3.100687074475451110e-01
4.150390625000000000e-02   -2.750217807355928024e-01
4.174804687500000000e-02   -2.331908163656311317e-01
4.199218750000000000e-02   -1.892412137513888037e-01
4.223632812500000000e-02   -1.492214041706758365e-01
4.248046875000000000e-02   -1.172845476267845577e-01
4.272460937500000000e-02   -9.683173457097984937e-02
4.296875000000000000e-02   -8.771764271862285411e-02
4.321289062500000000e-02   -8.847207641178596316e-02
4.345703125000000000e-02   -9.457725625489241117e-02
4.370117187500000000e-02   -1.013679811051966112e-01
4.394531250000000000e-02   -1.028719601875930922e-01
4.418945312500000000e-02   -9.517612993723219283e-02
4.443359375000000000e-02   -7.522187356794901580e-02
4.467773437500000000e-02   -4.349189070105229094e-02
4.492187500000000000e-02   -1.905033835109394601e-03
4.516601562500000000e-02   4.444416186407239983e-02
4.541015625000000000e-02   9.046558469387805390e-02
4.565429687500000000e-02   1.301575628586429390e-01
4.589843750000000000e-02   1.599185162699447438e-01
4.614257812500000000e-02   1.772309108567025615e-01
4.638671875000000000e-02   1.832665699442642127e-01
4.663085937500000000e-02   1.805692161211902569e-01
4.687500000000000000e-02   1.744177663544924373e-01
4.711914062500000000e-02   1.695427107818159862e-01
4.736328125000000000e-02   1.712382985415803194e-01
4.760742187500000000e-02   1.822612920464840303e-01
4.785156250000000000e-02   2.042744863568821956e-01
4.809570312500000000e-02   2.354760254906706207e-01
4.833984375000000000e-02   2.730986494682706711e-01
4.858398437500000000e-02   3.119686006011030965e-01
4.882812500000000000e-02   3.476013576429819452e-01
4.907226562500000000e-02   3.751086019632927648e-01
4.931640625000000000e-02   3.923494938358108586e-01
4.956054687500000000e-02   3.982909094338609179e-01
4.980468750000000000e-02   3.950813375132056771e-01
5.004882812500000000e-02   3.857397285396918507e-01
5.029296875000000000e-02   3.754029602063114757e-01
5.053710937500000000e-02   3.681536357760168965e-01
5.078125000000000000e-02   3.681628269162488531e-01
5.102539062500000000e-02   3.768122923841401017e-01
5.126953125000000000e-02   3.944180850950479433e-01
5.151367187500000000e-02   4.181027924526652950e-01
5.175781250000000000e-02   4.444154278537670866e-01
5.200195312500000000e-02   4.681641696999895852e-01
5.224609375000000000e-02   4.856069401247927741e-01
5.249023437500000000e-02   4.932747467541827580e-01
5.273437500000000000e-02   4.907565301764318932e-01
5.297851562500000000e-02   4.787921954155163196e-01
5.322265625000000000e-02   4.610291681959374221e-01
5.346679687500000000e-02   4.410963260191644308e-01
5.371093750000000000e-02   4.237798782011309440e-01
5.395507812500000000e-02   4.119971909694286061e-01
5.419921875000000000e-02   4.081537469954995556e-01
5.444335937500000000e-02   4.116453639315200697e-01
5.468750000000000000e-02   4.210563310016874894e-01
5.493164062500000000e-02   4.325030939465609459e-01
5.517578125000000000e-02   4.424107127647603499e-01
5.541992187500000000e-02   4.462733676838614993e-01
5.566406250000000000e-02   4.416903847803733130e-01
5.590820312500000000e-02   4.269382120931977109e-01
5.615234375000000000e-02   4.033310097280118911e-01
5.639648437500000000e-02   3.730028175574847116e-01
5.664062500000000000e-02   3.404955247781613070e-01
5.688476562500000000e-02   3.097500314844686131e-01
5.712890625000000000e-02   2.851463865371994810e-01
5.737304687500000000e-02   2.685506478702953670e-01
5.761718750000000000e-02   2.609130474076537531e-01
5.786132812500000000e-02   2.600337992346142268e-01
5.810546875000000000e-02   2.629658945192464570e-01
5.834960937500000000e-02   2.647107631050726329e-01
5.859375000000000000e-02   2.613386724641229564e-01
5.883789062500000000e-02   2.488694811766711534e-01
5.908203125000000000e-02   2.261151885802927253e-01
5.932617187500000000e-02   1.930546549116342325e-01
5.957031250000000000e-02   1.528692637581251512e-01
5.981445312500000000e-02   1.092524005333944670e-01
6.005859375000000000e-02   6.757189008954236908e-02
6.030273437500000000e-02   3.182499054066005584e-02
6.054687500000000000e-02   5.757622336514054903e-03
6.079101562500000000e-02   -9.982282703826974440e-03
6.103515625000000000e-02   -1.603624511810780931e-02
6.127929687500000000e-02   -1.611250727770007288e-02
6.152343750000000000e-02   -1.425190471664643244e-02
6.176757812500000000e-02   -1.601629286884190956e-02
6.201171875000000000e-02   -2.532720072191349189e-02
6.225585937500000000e-02   -4.550392372931377077e-02
6.250000000000000000e-02   -7.656457235211390489e-02
6.274414062500000000e-02   -1.171572845190546469e-01
6.298828125000000000e-02   -1.628417913424154151e-01
6.323242187500000000e-02   -2.089427059341260329e-01
6.347656250000000000e-02   -2.496512646503102062e-01
6.372070312500000000e-02   -2.812476658475274727e-01
6.396484375000000000e-02   -3.008661880409883582e-01
6.420898437500000000e-02   -3.089734134659807840e-01
6.445312500000000000e-02   -3.073467287960626737e-01
6.469726562500000000e-02   -3.006735593252892746e-01
6.494140625000000000e-02   -2.935865194972456793e-01
6.518554687500000000e-02   -2.916312726470181027e-01
6.542968750000000000e-02   -2.981808017518345344e-01
6.567382812500000000e-02   -3.156230684630141337e-01
6.591796875000000000e-02   -3.428373030269776800e-01
6.616210937500000000e-02   -3.773897392805068418e-01
6.640625000000000000e-02   -4.141697119543465422e-01
6.665039062500000000e-02   -4.484241231795674798e-01
6.689453125000000000e-02   -4.748481350319686545e-01
6.713867187500000000e-02   -4.906899692960516313e-01
6.738281250000000000e-02   -4.944009294719580172e-01
6.762695312500000000e-02   -4.878245859962385689e-01
6.787109375000000000e-02   -4.738005305398877431e-01
6.811523437500000000e-02   -4.574110779476575628e-01
6.835937500000000000e-02   -4.430734871329463642e-01
6.860351562500000000e-02   -4.354448041243904055e-01
6.884765625000000000e-02   -4.363634675779396455e-01
6.909179687500000000e-02   -4.467068306706282188e-01
6.933593750000000000e-02   -4.641464114931252438e-01
6.958007812500000000e-02   -4.855244808135852352e-01
6.982421875000000000e-02   -5.055944643889749290e-01
7.006835937500000000e-02   -5.201386614849715651e-01
7.031250000000000000e-02   -5.249412055009359257e-01
7.055664062500000000e-02   -5.186205380299169221e-01
7.080078125000000000e-02   -5.010740090357567178e-01
7.104492187500000000e-02   -4.754520028450356373e-01
7.128906250000000000e-02   -4.454508439274953990e-01
7.153320312500000000e-02   -4.163702977658172988e-01
7.177734375000000000e-02   -3.921278070547556949e-01
7.202148437500000000e-02   -3.763766875761128117e-01
7.226562500000000000e-02   -3.697308538632608221e-01
7.250976562500000000e-02   -3.715235640162048436e-01
7.275390625000000000e-02   -3.780914996818646734e-01
7.299804687500000000e-02   -3.854951144830231491e-01
7.324218750000000000e-02   -3.884206798918138914e-01
7.348632812500000000e-02   -3.833087100592750263e-01
7.373046875000000000e-02   -3.672877091898109625e-01
7.397460937500000000e-02   -3.406882842353345375e-01
7.421875000000000000e-02   -3.049637326506206003e-01
7.446289062500000000e-02   -2.642886915514663926e-01
7.470703125000000000e-02   -2.228010358902081933e-01
7.495117187500000000e-02   -1.856230884074534793e-01
7.519531250000000000e-02   -1.558463216829389930e-01
7.543945312500000000e-02   -1.358447030895952312e-01
7.568359375000000000e-02   -1.248941270499716732e-01
7.592773437500000000e-02   -1.211500465849589814e-01
7.617187500000000000e-02   -1.200676846917246993e-01
7.641601562500000000e-02   -1.173453927413219411e-01
7.666015625000000000e-02   -1.079921423916034295e-01
7.690429687500000000e-02   -8.933903544534278762e-02
7.714843750000000000e-02   -5.976113129451784967e-02
7.739257812500000000e-02   -2.101689670838935084e-02
7.763671875000000000e-02   2.403076200712592550e-02
7.788085937500000000e-02   7.021384256122324696e-02
7.812500000000000000e-02   1.131133591537763772e-01
7.836914062500000000e-02   1.480758189269673064e-01
7.861328125000000000e-02   1.731339698309169173e-01
7.885742187500000000e-02   1.875268413382122912e-01
7.910156250000000000e-02   1.936977359860181380e-01
7.934570312500000000e-02   1.948159871796109610e-01
7.958984375000000000e-02   1.960000248654825417e-01
7.983398437500000000e-02   2.013350155405271291e-01
8.007812500000000000e-02   2.148806996823707238e-01
8.032226562500000000e-02   2.378719357322490457e-01
8.056640625000000000e-02   2.703722205474335949e-01
8.081054687500000000e-02   3.093471989172479342e-01
8.105468750000000000e-02   3.511580246944956962e-01
8.129882812500000000e-02   3.904262867784493163e-01
8.154296875000000000e-02   4.230988663093295243e-01
8.178710937500000000e-02   4.453810277843399112e-01
8.203125000000000000e-02   4.564314370031883339e-01
8.227539062500000000e-02   4.566774280314387924e-01
8.251953125000000000e-02   4.496839658963293074e-01
8.276367187500000000e-02   4.394969643151533378e-01
8.300781250000000000e-02   4.316214628294263167e-01
8.325195312500000000e-02   4.299136100030666596e-01
8.349609375000000000e-02   4.376105010822234354e-01
8.374023437500000000e-02   4.546822596032023545e-01
8.398437500000000000e-02   4.796977734491367773e-01
8.422851562500000000e-02   5.082864667681084025e-01
8.447265625000000000e-02   5.360075195499994782e-01
8.471679687500000000e-02   5.574302499891157225e-01
8.496093750000000000e-02   5.692261958331559235e-01
8.520507812500000000e-02   5.690081670000678438e-01
8.544921875000000000e-02   5.576619596486680486e-01
8.569335937500000000e-02   5.371744214841740472e-01
8.593750000000000000e-02   5.121170922480873244e-01
8.618164062500000000e-02   4.868307268242667574e-01
8.642578125000000000e-02   4.664050490405124427e-01
8.666992187500000000e-02   4.536867238675183489e-01
8.691406250000000000e-02   4.505686011067991381e-01
8.715820312500000000e-02   4.557152707292490557e-01
8.740234375000000000e-02   4.666877546074775229e-01
8.764648437500000000e-02   4.785407322543121511e-01
8.789062500000000000e-02   4.868153554504603964e-01
8.813476562500000000e-02   4.866628548159678824e-01
8.837890625000000000e-02   4.757514126485611339e-01
8.862304687500000000e-02   4.528868432690740242e-01
8.886718750000000000e-02   4.202173736106893376e-01
8.911132812500000000e-02   3.808982576641324336e-01
8.935546875000000000e-02   3.402313736837922487e-01
8.959960937500000000e-02   3.026225903254690097e-01
8.984375000000000000e-02   2.725595134453727697e-01
9.008789062500000000e-02   2.517710254914997670e-01
9.033203125000000000e-02   2.406896870741236372e-01
9.057617187500000000e-02   2.364819634477907939e-01
9.082031250000000000e-02   2.356442757247224351e-01
9.106445312500000000e-02   2.329099362142127150e-01
9.130859375000000000e-02   2.242470778356938921e-01
9.155273437500000000e-02   2.058859630662001894e-01
9.179687500000000000e-02   1.770582679259143921e-01
9.204101562500000000e-02   1.382730411253663694e-01
9.228515625000000000e-02   9.305073403771520202e-02
9.252929687500000000e-02   4.527248788857197309e-02
9.277343750000000000e-02   2.352560239540672847e-04
9.301757812500000000e-02   -3.837646815772358805e-02
9.326171875000000000e-02   -6.739669558452314468e-02
9.350585937500000000e-02   -8.670535727825780248e-02
9.375000000000000000e-02   -9.734343796503620860e-02
9.399414062500000000e-02   -1.031834744802096471e-01
9.423828125000000000e-02   -1.082011614069590677e-01
9.448242187500000000e-02   -1.174434045349704581e-01
9.472656250000000000e-02   -1.340309441613208308e-01
9.497070312500000000e-02   -1.603540332123707390e-01
9.521484375000000000e-02   -1.956565638750627500e-01
9.545898437500000000e-02   -2.380345223087149131e-01
9.570312500000000000e-02   -2.829546037543867465e-01
9.594726562500000000e-02   -3.260934633676795258e-01
9.619140625000000000e-02   -3.623670792142815733e-01
9.643554687500000000e-02   -3.889088134564772647e-01
9.667968750000000000e-02   -4.038520777844986642e-01
9.692382812500000000e-02   -4.086367925610390195e-01
9.716796875000000000e-02   -4.058277464085797148e-01
9.741210937500000000e-02   -4.004253265412011098e-01
9.765625000000000000e-02   -3.968968747071033865e-01
9.790039062500000000e-02   -4.000662894746684906e-01
9.814453125000000000e-02   -4.121624684290078888e-01
9.838867187500000000e-02   -4.342120401911849781e-01
9.863281250000000000e-02   -4.639484720498968651e-01
9.887695312500000000e-02   -4.981346912169706265e-01
9.912109375000000000e-02   -5.313567117786758276e-01
9.936523437500000000e-02   -5.590817476850755696e-01
9.960937500000000000e-02   -5.767662023462123422e-01
9.985351562500000000e-02   -5.826681574549145148e-01
1.000976562500000000e-01   -5.763176564245060529e-01
1.003417968750000000e-01   -5.605023650251135248e-01
1.005859375000000000e-01   -5.388178171860515953e-01
1.008300781250000000e-01   -5.167741688287226243e-01
1.010742187500000000e-01   -4.987565198125947230e-01
1.013183593750000000e-01   -4.889917213072483282e-01
1.015625000000000000e-01   -4.887562565790989355e-01
1.018066406250000000e-01   -4.979319299490755912e-01
1.020507812500000000e-01   -5.131405246357215733e-01
1.022949218750000000e-01   -5.303585567526044597e-01
1.025390625000000000e-01   -5.438960496960225655e-01
1.027832031250000000e-01   -5.494811812253710404e-01
1.030273437500000000e-01   -5.433518959615353250e-01
1.032714843750000000e-01   -5.250004921616240328e-01
1.035156250000000000e-01   -4.953809265424907737e-01
1.037597656250000000e-01   -4.585322145163770458e-01
1.040039062500000000e-01   -4.188366368611047830e-01
1.042480468750000000e-01   -3.819672169479296775e-01
1.044921875000000000e-01   -3.517681601165975058e-01
1.047363281250000000e-01   -3.313025921041907740e-01
1.049804687500000000e-01   -3.203614792321282101e-01
1.052246093750000000e-01   -3.174513802086929570e-01
1.054687500000000000e-01   -3.182425655250972207e-01
1.057128906250000000e-01   -3.183821631567466670e-01
1.059570312500000000e-01   -3.126017258974713720e-01
1.062011718750000000e-01   -2.977322233466049295e-01
1.064453125000000000e-01   -2.714543418863472057e-01
1.066894531250000000e-01   -2.346763265935892240e-01
1.069335937500000000e-01   -1.894989570640596976e-01
1.071777343750000000e-01   -1.406714772598537111e-01
1.074218750000000000e-01   -9.268585545746053922e-02
1.076660156250000000e-01   -5.068233010869846455e-02
1.079101562500000000e-01   -1.750083331639501819e-02
1.081542968750000000e-01   5.046846462645600447e-03
1.083984375000000000e-01   1.847786688310564321e-02
1.086425781250000000e-01   2.541056698508565095e-02
1.088867187500000000e-01   3.082506987791392566e-02
1.091308593750000000e-01   3.906381568694928391e-02
1.093750000000000000e-01   5.473853332841675801e-02
1.096191406250000000e-01   7.981326783259737323e-02
1.098632812500000000e-01   1.150319523482526279e-01
1.101074218750000000e-01   1.579022487417265086e-01
1.103515625000000000e-01   2.051723196436962549e-01
1.105957031250000000e-01   2.516698062091234367e-01
1.108398437500000000e-01   2.933107748660359060e-01
1.110839843750000000e-01   3.260996507312614034e-01
1.113281250000000000e-01   3.488179187955478544e-01
1.115722656250000000e-01   3.613403452170867447e-01
1.118164062500000000e-01   3.665052490717770062e-01
1.120605468750000000e-01   3.676199517277115580e-01
1.123046875000000000e-01   3.696353908301900359e-01
1.125488281250000000e-01   3.761947697246580957e-01
1.127929687500000000e-01   3.907038322725280288e-01
1.130371093750000000e-01   4.136884626806843768e-01
1.132812500000000000e-01   4.445158270147593904e-01
1.135253906250000000e-01   4.795999828920380903e-01
1.137695312500000000e-01   5.150790657076652623e-01
1.140136718750000000e-01   5.457927398849424794e-01
1.142578125000000000e-01   5.682038079485866033e-01
1.145019531250000000e-01   5.793861046118875535e-01
1.147460937500000000e-01   5.795836404860675861e-01
1.149902343750000000e-01   5.701491021384423874e-01
1.152343750000000000e-01   5.553169544846863204e-01
1.154785156250000000e-01   5.392580795526088489e-01
1.157226562500000000e-01   5.270982652771989407e-01
1.159667968750000000e-01   5.218419321238314534e-01
1.162109375000000000e-01   5.255299725874008621e-01
1.164550781250000000e-01   5.369800024546809158e-01
1.166992187500000000e-01   5.539770833869333000e-01
1.169433593750000000e-01   5.718453919051253997e-01
1.171875000000000000e-01   5.863559659918268219e-01
1.174316406250000000e-01   5.927568464584541674e-01
1.176757812500000000e-01   5.886970376018177964e-01
1.179199218750000000e-01   5.727913972993615710e-01
1.181640625000000000e-01   5.467824328832313618e-01
1.184082031250000000e-01   5.133331291384847228e-01
1.186523437500000000e-01   4.774320424882116387e-01
1.188964843750000000e-01   4.434022344668930860e-01
1.191406250000000000e-01   4.158698025830563916e-01
1.193847656250000000e-01   3.968884812178231636e-01
1.196289062500000000e-01   3.873630395654638625e-01
1.198730468750000000e-01   3.848894499883833142e-01
1.201171875000000000e-01   3.861760598633985908e-01
1.203613281250000000e-01   3.859114532319589674e-01
1.206054687500000000e-01   3.798119381936594374e-01
1.208496093750000000e-01   3.636309094740453607e-01
1.210937500000000000e-01   3.360560745273873384e-01
1.213378906250000000e-01   2.971639406091570734e-01
1.215820312500000000e-01   2.502809827452887603e-01
1.218261718750000000e-01   1.993271657933369245e-01
1.220703125000000000e-01   1.499137957885891548e-01
1.223144531250000000e-01   1.062817856273634981e-01
1.225585937500000000e-01   7.228951538458479320e-02
1.228027343750000000e-01   4.864286154957328523e-02
1.230468750000000000e-01   3.466884619822502289e-02
1.232910156250000000e-01   2.659286191493709373e-02
1.235351562500000000e-01   2.027679632028962439e-02
1.237792968750000000e-01   1.023276461848221693e-02
1.240234375000000000e-01   -7.251165032081906096e-03
1.242675781250000000e-01   -3.523703112841497509e-02
1.245117187500000000e-01   -7.360743882117803949e-02
1.247558593750000000e-01   -1.210111642834560131e-01
1.250000000000000000e-01   -1.731787587268071582e-01
1.252441406250000000e-01   -2.256942454908609785e-01
1.254882812500000000e-01   -2.730001907301267128e-01
1.257324218750000000e-01   -3.114833530979007059e-01
1.259765625000000000e-01   -3.383444376513208840e-01
1.262207031250000000e-01   -3.541226668280727519e-01
1.264648437500000000e-01   -3.606481109140241559e-01
1.267089843750000000e-01   -3.625331590591121533e-01
1.269531250000000000e-01   -3.642147694417501302e-01
1.271972656250000000e-01   -3.708846077333870506e-01
1.274414062500000000e-01   -3.854193071710999008e-01
1.276855468750000000e-01   -4.096785813141229915e-01
1.279296875000000000e-01   -4.422225707661142646e-01
1.281738281250000000e-01   -4.805680829095110851e-01
1.284179687500000000e-01   -5.197635296012258488e-01
1.286621093750000000e-01   -5.553680477476621302e-01
1.289062500000000000e-01   -5.825008569539414927e-01
1.291503906250000000e-01   -5.988202937056410491e-01
1.293945312500000000e-01   -6.030652182863203148e-01
1.296386718750000000e-01   -5.972570987222772798e-01
1.298828125000000000e-01   -5.843472455437543900e-01
1.301269531250000000e-01   -5.694881711903831967e-01
1.303710937500000000e-01   -5.569182913031043292e-01
1.306152343750000000e-01   -5.509582502054630737e-01
1.308593750000000000e-01   -5.531821416965806426e-01
1.311035156250000000e-01   -5.639895708467901336e-01
1.313476562500000000e-01   -5.805428898823752348e-01
1.315917968750000000e-01   -5.993509211217639132e-01
1.318359375000000000e-01   -6.151439040390205282e-01
1.320800781250000000e-01   -6.239482359782233534e-01
1.323242187500000000e-01   -6.219706390246353411e-01
1.325683593750000000e-01   -6.083385480999857764e-01
1.328125000000000000e-01   -5.834125188131511486e-01
1.330566406250000000e-01   -5.506679625531150091e-01
1.333007812500000000e-01   -5.139768917178323404e-01
1.335449218750000000e-01   -4.787275592914295164e-01
1.337890625000000000e-01   -4.487511188093986081e-01
1.340332031250000000e-01   -4.274004377133643895e-01
1.342773437500000000e-01   -4.148559440306877066e-01
1.345214843750000000e-01   -4.100324136760647997e-01
1.347656250000000000e-01   -4.089179226435018522e-01
1.350097656250000000e-01   -4.074318281141697806e-01
1.352539062500000000e-01   -4.003707074198245564e-01
1.354980468750000000e-01   -3.845086858001540153e-01
1.357421875000000000e-01   -3.573691825086018903e-01
1.359863281250000000e-01   -3.196876725265664909e-01
1.362304687500000000e-01   -2.733037460995413337e-01
1.364746093750000000e-01   -2.227244082306869266e-01
1.367187500000000000e-01   -1.722141715104093806e-01
1.369628906250000000e-01   -1.268392414651546007e-01
1.372070312500000000e-01   -8.943485006587761910e-02
1.374511718750000000e-01   -6.195776126347334045e-02
1.376953125000000000e-01   -4.314259735179179489e-02
1.379394531250000000e-01   -3.075118337666219934e-02
1.381835937500000000e-01   -2.013183919562212126e-02
1.384277343750000000e-01   -7.170059024453807363e-03
1.386718750000000000e-01   1.273049341844458872e-02
1.389160156250000000e-01   4.174390319320912812e-02
1.391601562500000000e-01   8.100988502567429972e-02
1.394042968750000000e-01   1.282562506676305503e-01
1.396484375000000000e-01   1.806619988331774340e-01
1.398925781250000000e-01   2.329845413398663467e-01
1.401367187500000000e-01   2.808834729991233625e-01
1.403808593750000000e-01   3.198502710897468404e-01
1.406250000000000000e-01   3.481426206752119556e-01
1.408691406250000000e-01   3.652137691843131417e-01
1.411132812500000000e-01   3.738592062703468000e-01
1.413574218750000000e-01   3.775260151742652615e-01
1.416015625000000000e-01   3.816804854813895531e-01
1.418457031250000000e-01   3.903984745858022909e-01
1.420898437500000000e-01   4.074947371598288126e-01
1.423339843750000000e-01   4.337078580860028731e-01
1.425781250000000000e-01   4.685989670888841552e-01
1.428222656250000000e-01   5.086241453768216569e-01
1.430664062500000000e-01   5.498194824984249385e-01
1.433105468750000000e-01   5.868559614025301574e-01
1.435546875000000000e-01   6.159330877847037922e-01
1.437988281250000000e-01   6.334282697351929503e-01
1.440429687500000000e-01   6.389188370406440054e-01
1.442871093750000000e-01   6.331707255236810328e-01
1.445312500000000000e-01   6.200611468616580302e-01
1.447753906250000000e-01   6.037325694217159366e-01
1.450195312500000000e-01   5.897249132206801026e-01
1.452636718750000000e-01   5.817313253167691878e-01
1.455078125000000000e-01   5.827592845350050288e-01
1.457519531250000000e-01   5.924141074189339662e-01
1.459960937500000000e-01   6.090377883577319240e-01
1.462402343750000000e-01   6.280905768275726331e-01
1.464843750000000000e-01   6.451433528942758233e-01
1.467285156250000000e-01   6.547901743574663369e-01
1.469726562500000000e-01   6.538895010265004526e-01
1.472167968750000000e-01   6.402395394952632435e-01
1.474609375000000000e-01   6.150741975162052899e-01
1.477050781250000000e-01   5.807191116292329536e-01
1.479492187500000000e-01   5.421573389990528291e-01
1.481933593750000000e-01   5.039074309903076587e-01
1.484375000000000000e-01   4.710240260012802938e-01
1.486816406250000000e-01   4.459242857155431561e-01
1.489257812500000000e-01   4.299664116028079075e-01
1.491699218750000000e-01   4.211960202840807632e-01
1.494140625000000000e-01   4.168609228572450753e-01
1.496582031250000000e-01   4.119853737791610016e-01
1.499023437500000000e-01   4.025273612706118387e-01
1.501464843750000000e-01   3.841790313855695249e-01
1.503906250000000000e-01   3.552787699248950437e-01
1.506347656250000000e-01   3.150934438703820173e-01
1.508789062500000000e-01   2.661085200794091610e-01
1.511230468750000000e-01   2.115391364183850376e-01
1.513671875000000000e-01   1.567497492618763477e-01
1.516113281250000000e-01   1.060099185206314909e-01
1.518554687500000000e-01   6.362102574283462486e-02
1.520996093750000000e-01   3.086270729587222220e-02
1.523437500000000000e-01   7.740429256207232572e-03
1.525878906250000000e-01   -9.048765274998421884e-03
1.528320312500000000e-01   -2.321112490759668148e-02
1.530761718750000000e-01   -4.003572046458416661e-02
1.533203125000000000e-01   -6.312099381269938025e-02
1.535644531250000000e-01   -9.570350105169764254e-02
1.538085937500000000e-01   -1.379207812560850344e-01
1.540527343750000000e-01   -1.888540740428501230e-01
1.542968750000000000e-01   -2.445972612734125529e-01
1.545410156250000000e-01   -3.011370936652886243e-01
1.547851562500000000e-01   -3.530767228329405039e-01
1.550292968750000000e-01   -3.968654120881450198e-01
1.552734375000000000e-01   -4.294514563988619527e-01
1.555175781250000000e-01   -4.511100551238473866e-01
1.557617187500000000e-01   -4.632737504183853106e-01
1.560058593750000000e-01   -4.703027380608250096e-01
1.562500000000000000e-01   -4.763493088924594110e-01
1.564941406250000000e-01   -4.865557718593853109e-01
1.567382812500000000e-01   -5.038108711031753506e-01
1.569824218750000000e-01   -5.302617331745390628e-01
1.572265625000000000e-01   -5.646127456953701218e-01
1.574707031250000000e-01   -6.046481032828063817e-01
1.577148437500000000e-01   -6.455944771491169965e-01
1.579589843750000000e-01   -6.827843748672837165e-01
1.582031250000000000e-01   -7.110838382462826290e-01
1.584472656250000000e-01   -7.277890818234356018e-01
1.586914062500000000e-01   -7.312053596599271676e-01
1.589355468750000000e-01   -7.231208754947168194e-01
1.591796875000000000e-01   -7.063179901835361374e-01
1.594238281250000000e-01   -6.860804222227833149e-01
1.596679687500000000e-01   -6.669492558752270206e-01
1.599121093750000000e-01   -6.538266705601797346e-01
1.601562500000000000e-01   -6.487769630712624247e-01
1.604003906250000000e-01   -6.527389025503436137e-01
1.606445312500000000e-01   -6.632460968990068206e-01
1.608886718750000000e-01   -6.770415326708640880e-01
1.611328125000000000e-01   -6.885920060073205118e-01
1.613769531250000000e-01   -6.934218599105157477e-01
1.616210937500000000e-01   -6.869467012539322015e-01
1.618652343750000000e-01   -6.676053496714298152e-01
1.621093750000000000e-01   -6.350725878818197501e-01
1.623535156250000000e-01   -5.924917984262105808e-01
1.625976562500000000e-01   -5.436575445976362664e-01
1.628417968750000000e-01   -4.942930572314513382e-01
1.630859375000000000e-01   -4.486662659281224208e-01
1.633300781250000000e-01   -4.108976468737654542e-01
1.635742187500000000e-01   -3.819562878089385882e-01
1.638183593750000000e-01   -3.616501508598092274e-01
1.640625000000000000e-01   -3.465386066454649860e-01
1.643066406250000000e-01   -3.328948019964510507e-01
1.645507812500000000e-01   -3.152863334085211355e-01
1.647949218750000000e-01   -2.899195344276394026e-01
1.650390625000000000e-01   -2.533535846458421781e-01
1.652832031250000000e-01   -2.055142656579359295e-01
1.655273437500000000e-01   -1.475328157583514210e-01
1.657714843750000000e-01   -8.369389024390352927e-02
1.660156250000000000e-01   -1.833050127831839515e-02
1.662597656250000000e-01   4.291839834300441303e-02
1.665039062500000000e-01   9.657498168802608474e-02
1.667480468750000000e-01   1.398349953143252222e-01
1.669921875000000000e-01   1.732739561410442941e-01
1.672363281250000000e-01   1.984293939434725318e-01
1.674804687500000000e-01   2.197022849873022932e-01
1.677246093750000000e-01   2.411395519461801973e-01
1.679687500000000000e-01   2.677082652302752441e-01
1.682128906250000000e-01   3.019245709276170975e-01
1.684570312500000000e-01   3.455312778028481469e-01
1.687011718750000000e-01   3.968800921090241962e-01
1.689453125000000000e-01   4.535226304587626212e-01
1.691894531250000000e-01   5.105080270417495791e-01
1.694335937500000000e-01   5.636983535828185010e-01
1.696777343750000000e-01   6.083449462219996384e-01
1.699218750000000000e-01   6.422934953184008533e-01
1.701660156250000000e-01   6.641805276123962098e-01
1.704101562500000000e-01   6.759887774107679048e-01
1.706542968750000000e-01   6.803583355451920944e-01
1.708984375000000000e-01   6.822897042067703754e-01
1.711425781250000000e-01   6.857411319747211964e-01
1.713867187500000000e-01   6.949710409128087019e-01
1.716308593750000000e-01   7.112587261985044984e-01
1.718750000000000000e-01   7.348695161882444760e-01
1.721191406250000000e-01   7.626986018514859689e-01
1.723632812500000000e-01   7.912528364747031251e-01
1.726074218750000000e-01   8.151602078699002885e-01
1.728515625000000000e-01   8.307129194435667330e-01
1.730957031250000000e-01   8.343638514714173393e-01
1.733398437500000000e-01   8.256995528496885450e-01
1.735839843750000000e-01   8.052216373062177635e-01
1.738281250000000000e-01   7.765684704288802198e-01
1.740722656250000000e-01   7.433857133238703785e-01
1.743164062500000000e-01   7.108452841649025578e-01
1.745605468750000000e-01   6.822385342964645272e-01
1.748046875000000000e-01   6.606419852540785786e-01
1.750488281250000000e-01   6.458742603297957796e-01
1.752929687500000000e-01   6.367773913248774287e-01
1.755371093750000000e-01   6.291524704799421608e-01
1.757812500000000000e-01   6.191187665982191835e-01
1.760253906250000000e-01   6.016066378530938730e-01
1.762695312500000000e-01   5.738293977906600007e-01
1.765136718750000000e-01   5.335492723263852710e-01
1.767578125000000000e-01   4.819558747595132364e-01
1.770019531250000000e-01   4.210278061110834802e-01
1.772460937500000000e-01   3.555487086265393670e-01
1.774902343750000000e-01   2.898634801954828588e-01
1.777343750000000000e-01   2.294158876081200671e-01
1.779785156250000000e-01   1.770956360566849908e-01
1.782226562500000000e-01   1.349376175401248990e-01
1.784667968750000000e-01   1.012525224490751080e-01
1.787109375000000000e-01   7.345847081796294531e-02
1.789550781250000000e-01   4.619709454300151286e-02
1.791992187500000000e-01   1.491849415764113194e-02
1.794433593750000000e-01   -2.507531027479528371e-02
1.796875000000000000e-01   -7.550518272096364003e-02
1.799316406250000000e-01   -1.371154617625650052e-01
1.801757812500000000e-01   -2.069687053871969440e-01
1.804199218750000000e-01   -2.815889598032244590e-01
1.806640625000000000e-01   -3.552232054138484418e-01
1.809082031250000000e-01   -4.233979410447146763e-01
1.811523437500000000e-01   -4.812770951418652854e-01
1.813964843750000000e-01   -5.270603063730772142e-01
1.816406250000000000e-01   -5.599135664284224934e-01
1.818847656250000000e-01   -5.826363179726851138e-01
1.821289062500000000e-01   -5.986506490068737030e-01
1.823730468750000000e-01   -6.137445617438607171e-01
1.826171875000000000e-01   -6.323084267955009219e-01
1.828613281250000000e-01   -6.587886083453162733e-01
1.831054687500000000e-01   -6.941771758349524202e-01
1.833496093750000000e-01   -7.382692418426709535e-01
1.835937500000000000e-01   -7.872171135084234939e-01
1.838378906250000000e-01   -8.368414101832781782e-01
1.840820312500000000e-01   -8.809546567062572775e-01
1.843261718750000000e-01   -9.151661384496642127e-01
1.845703125000000000e-01   -9.352304898525143351e-01
1.848144531250000000e-01   -9.403798999042006779e-01
1.850585937500000000e-01   -9.309543255485459579e-01
1.853027343750000000e-01   -9.109263831334228900e-01
1.855468750000000000e-01   -8.845160403910657942e-01
1.857910156250000000e-01   -8.578224366696685088e-01
1.860351562500000000e-01   -8.349480220219834825e-01
1.862792968750000000e-01   -8.196706651441140190e-01
1.865234375000000000e-01   -8.120465685016133861e-01
1.867675781250000000e-01   -8.110008325704852750e-01
1.870117187500000000e-01   -8.120564390152033019e-01
1.872558593750000000e-01   -8.110152685189131461e-01
1.875000000000000000e-01   -8.022548456166878061e-01
1.877441406250000000e-01   -7.825202863739887382e-01
1.879882812500000000e-01   -7.489299921241845404e-01
1.882324218750000000e-01   -7.021676016183618918e-01
1.884765625000000000e-01   -6.435921560707026368e-01
1.887207031250000000e-01   -5.776354317797554039e-01
1.889648437500000000e-01   -5.082965632435162417e-01
1.892089843750000000e-01   -4.410135543350252041e-01
1.894531250000000000e-01   -3.788157182375316290e-01
1.896972656250000000e-01   -3.243747027635783819e-01
1.899414062500000000e-01   -2.767813085891600577e-01
1.901855468750000000e-01   -2.344825182821119458e-01
1.904296875000000000e-01   -1.930021372975516125e-01
1.906738281250000000e-01   -1.487862495082622194e-01
1.909179687500000000e-01   -9.742693954291004044e-02
1.911621093750000000e-01   -3.741574964548857046e-02
1.914062500000000000e-01   3.226892641820985896e-02
1.916503906250000000e-01   1.091751535852403254e-01
1.918945312500000000e-01   1.906404677144566961e-01
1.921386718750000000e-01   2.716821612723814283e-01
1.923828125000000000e-01   3.489074393207347025e-01
1.926269531250000000e-01   4.183797323438785964e-01
1.928710937500000000e-01   4.791773150250440150e-01
1.931152343750000000e-01   5.307628358748772701e-01
1.933593750000000000e-01   5.758500727475652781e-01
1.936035156250000000e-01   6.168848475246457852e-01
1.938476562500000000e-01   6.582266907521575616e-01
1.940917968750000000e-01   7.022744956755353485e-01
1.943359375000000000e-01   7.516535288686406746e-01
1.945800781250000000e-01   8.056414357612196042e-01
1.948242187500000000e-01   8.631301267509505770e-01
1.950683593750000000e-01   9.199633533336983859e-01
1.953125000000000000e-01   9.726910544757961796e-01
1.955566406250000000e-01   1.016333257728538886e+00
1.958007812500000000e-01   1.048353365709333573e+00
1.960449218750000000e-01   1.066346445979007962e+00
1.962890625000000000e-01   1.071517516161262895e+00
1.965332031250000000e-01   1.065465326227134080e+00
1.967773437500000000e-01   1.052837048777510498e+00
1.970214843750000000e-01   1.037307223046438631e+00
1.972656250000000000e-01   1.023719772419350749e+00
1.975097656250000000e-01   1.014016419309746730e+00
1.977539062500000000e-01   1.009736939231304698e+00
1.979980468750000000e-01   1.008497941835496237e+00
1.982421875000000000e-01   1.007549932042265173e+00
1.984863281250000000e-01   1.001334717722383916e+00
1.987304687500000000e-01   9.857534180671040369e-01
1.989746093750000000e-01   9.558982261526342006e-01
1.992187500000000000e-01   9.101997616285347759e-01
1.994628906250000000e-01   8.477817724397803678e-01
1.997070312500000000e-01   7.718735896921976591e-01
1.999511718750000000e-01   6.859881182714822057e-01
2.001953125000000000e-01   5.964594459321398423e-01
2.004394531250000000e-01   5.080664077497233366e-01
2.006835937500000000e-01   4.262537401137136972e-01
2.009277343750000000e-01   3.527128023362899323e-01
2.011718750000000000e-01   2.883437915627878878e-01
2.014160156250000000e-01   2.299413054978068360e-01
2.016601562500000000e-01   1.740546114443436432e-01
2.019042968750000000e-01   1.143494092218485941e-01
2.021484375000000000e-01   4.635641251316705014e-02
2.023925781250000000e-01   -3.469746636015022534e-02
2.026367187500000000e-01   -1.294573373645306613e-01
2.028808593750000000e-01   -2.375856441593560131e-01
2.031250000000000000e-01   -3.543182251737208577e-01
2.033691406250000000e-01   -4.745780960906412771e-01
2.036132812500000000e-01   -5.907207397488501988e-01
2.038574218750000000e-01   -6.978073271012527057e-01
2.041015625000000000e-01   -7.900489187959818249e-01
2.043457031250000000e-01   -8.662791496755049003e-01
2.045898437500000000e-01   -9.266341198566742099e-01
2.048339843750000000e-01   -9.750485288986748822e-01
2.050781250000000000e-01   -1.015437203772421970e+00
2.053222656250000000e-01   -1.054144506766432343e+00
2.055664062500000000e-01   -1.094997804970219590e+00
2.058105468750000000e-01   -1.142073069276005937e+00
2.060546875000000000e-01   -1.195095355841792939e+00
2.062988281250000000e-01   -1.252995510496385245e+00
2.065429687500000000e-01   -1.310405659344505924e+00
2.067871093750000000e-01   -1.362392904217896383e+00
2.070312500000000000e-01   -1.401639752005220618e+00
2.072753906250000000e-01   -1.423731223858978989e+00
2.075195312500000000e-01   -1.424231966675255201e+00
2.077636718750000000e-01   -1.403312284827889611e+00
2.080078125000000000e-01   -1.361703286553975101e+00
2.082519531250000000e-01   -1.304350374558743697e+00
2.084960937500000000e-01   -1.235343591267940466e+00
2.087402343750000000e-01   -1.160916724991954974e+00
2.089843750000000000e-01   -1.084135359919928820e+00
2.092285156250000000e-01   -1.008412221385806884e+00
2.094726562500000000e-01   -9.327582852631574051e-01
2.097167968750000000e-01   -8.561836894763179551e-01
2.099609375000000000e-01   -7.739332295872216605e-01
2.102050781250000000e-01   -6.827790006583560611e-01
2.104492187500000000e-01   -5.774789639553083997e-01
2.106933593750000000e-01   -4.563036473868446463e-01
2.109375000000000000e-01   -3.172511789674178906e-01
2.111816406250000000e-01   -1.629694834819701010e-01
2.114257812500000000e-01   4.393971635939144214e-03
2.116699218750000000e-01   1.790432858910767089e-01
2.119140625000000000e-01   3.568559706694149347e-01
2.121582031250000000e-01   5.316265504022114063e-01
2.124023437500000000e-01   7.014090367334071541e-01
2.126464843750000000e-01   8.630665868184835832e-01
2.128906250000000000e-01   1.017144822681966820e+00
2.131347656250000000e-01   1.163611730289733970e+00
2.133789062500000000e-01   1.305360109147375214e+00
2.136230468750000000e-01   1.442351126186487198e+00
2.138671875000000000e-01   1.576940625665109286e+00
2.141113281250000000e-01   1.707156594379590109e+00
2.143554687500000000e-01   1.832153665420886535e+00
2.145996093750000000e-01   1.946759904550285469e+00
2.148437500000000000e-01   2.047239122395205779e+00
2.150878906250000000e-01   2.126407426404749668e+00
2.153320312500000000e-01   2.180292160779206068e+00
2.155761718750000000e-01   2.202780002258518444e+00
2.158203125000000000e-01   2.192219052371032983e+00
2.160644531250000000e-01   2.145547190999728127e+00
2.163085937500000000e-01   2.064581572666888576e+00
2.165527343750000000e-01   1.948574065483754225e+00
2.167968750000000000e-01   1.799956034602309130e+00
2.170410156250000000e-01   1.617242769599823049e+00
2.172851562500000000e-01   1.401337194785818641e+00
2.175292968750000000e-01   1.147733782410719439e+00
2.177734375000000000e-01   8.548045342260494062e-01
2.180175781250000000e-01   5.166364195765532630e-01
2.182617187500000000e-01   1.312989751726668930e-01
2.185058593750000000e-01   -3.065482346947861481e-01
2.187500000000000000e-01   -7.949470131963312092e-01
2.189941406250000000e-01   -1.332299671885390113e+00
2.192382812500000000e-01   -1.908639862172440083e+00
2.194824218750000000e-01   -2.514653777164182813e+00
2.197265625000000000e-01   -3.131106798158818982e+00
2.199707031250000000e-01   -3.738956489225138125e+00
2.202148437500000000e-01   -4.307887069628396404e+00
2.204589843750000000e-01   -4.805186199169221517e+00
2.207031250000000000e-01   -5.180865402945943110e+00
2.209472656250000000e-01   -5.375586576146695883e+00
2.211914062500000000e-01   -5.303108059696507226e+00
2.214355468750000000e-01   -4.861639385263474722e+00
2.216796875000000000e-01   -3.932773875061916335e+00
2.219238281250000000e-01   -2.418524565484699185e+00
2.221679687500000000e-01   -2.774741353862160698e-01
2.224121093750000000e-01   2.252975857340638211e+00
2.226562500000000000e-01   4.832605538659653810e+00
2.229003906250000000e-01   7.060766121469955969e+00
2.231445312500000000e-01   8.411491293337045150e+00
2.233886718750000000e-01   8.596746882815843094e+00
2.236328125000000000e-01   7.544123965395630016e+00
2.238769531250000000e-01   5.401017359251285122e+00
2.241210937500000000e-01   2.545525524173383403e+00
2.243652343750000000e-01   -5.815130596082633829e-01
2.246093750000000000e-01   -3.506233299800941339e+00
2.248535156250000000e-01   -5.608698796385782614e+00
2.250976562500000000e-01   -6.728524483887918350e+00
2.253417968750000000e-01   -6.753182384109456038e+00
2.255859375000000000e-01   -5.681530039650255048e+00
2.258300781250000000e-01   -3.680460590357884865e+00
2.260742187500000000e-01   -1.120201232808654801e+00
2.263183593750000000e-01   1.467898189947954624e+00
2.265625000000000000e-01   3.499393043432815986e+00
2.268066406250000000e-01   4.723711675596720561e+00
2.270507812500000000e-01   5.103328217246957621e+00
2.272949218750000000e-01   4.605945719752152279e+00
2.275390625000000000e-01   3.435336979952912539e+00
2.277832031250000000e-01   1.806452469130601646e+00
2.280273437500000000e-01   -7.570369374133201386e-03
2.282714843750000000e-01   -1.720960901345326644e+00
2.285156250000000000e-01   -3.083268278887397962e+00
2.287597656250000000e-01   -3.873743424383458755e+00
2.290039062500000000e-01   -3.982729294382473917e+00
2.292480468750000000e-01   -3.425781516555037598e+00
2.294921875000000000e-01   -2.316186097823445422e+00
2.297363281250000000e-01   -8.373086098090792850e-01
2.299804687500000000e-01   7.706311503765388427e-01
2.302246093750000000e-01   2.247186657388146269e+00
2.304687500000000000e-01   3.350013231539588521e+00
2.307128906250000000e-01   3.920107352070667517e+00
2.309570312500000000e-01   3.906415923240632804e+00
2.312011718750000000e-01   3.328308750796616700e+00
2.314453125000000000e-01   2.217925712652144998e+00
2.316894531250000000e-01   7.239363507607412540e-01
2.319335937500000000e-01   -8.964061869953595663e-01
2.321777343750000000e-01   -2.389588790639385341e+00
2.324218750000000000e-01   -3.436766355810884743e+00
2.326660156250000000e-01   -3.910380202534082805e+00
2.329101562500000000e-01   -3.765338749148168240e+00
2.331542968750000000e-01   -3.054618208244060718e+00
2.333984375000000000e-01   -1.871013856892826954e+00
2.336425781250000000e-01   -4.234753444293409830e-01
2.338867187500000000e-01   1.008198899744593646e+00
2.341308593750000000e-01   2.299216198351011986e+00
2.343750000000000000e-01   3.206307475693951137e+00
2.346191406250000000e-01   3.598319133516541424e+00
2.348632812500000000e-01   3.428441175209417491e+00
2.351074218750000000e-01   2.742604694444308322e+00
2.353515625000000000e-01   1.655748689820011110e+00
2.355957031250000000e-01   3.494663964074000151e-01
2.358398437500000000e-01   -9.353441244203664073e-01
2.360839843750000000e-01   -2.050994345165899180e+00
2.363281250000000000e-01   -2.879388110259463396e+00
2.365722656250000000e-01   -3.256580724309071861e+00
2.368164062500000000e-01   -3.140231710890154737e+00
2.370605468750000000e-01   -2.508505819637878886e+00
2.373046875000000000e-01   -1.433289957130731818e+00
2.375488281250000000e-01   -8.597966987755982504e-02
2.377929687500000000e-01   1.241822749488060929e+00
2.380371093750000000e-01   2.315947656034166524e+00
2.382812500000000000e-01   2.994572623995975569e+00
2.385253906250000000e-01   3.145913352348878256e+00
2.387695312500000000e-01   2.789339834619481096e+00
2.390136718750000000e-01   2.011203442068104419e+00
2.392578125000000000e-01   9.507625849210377122e-01
2.395019531250000000e-01   -2.292151894447496119e-01
2.397460937500000000e-01   -1.316408236819900823e+00
2.399902343750000000e-01   -2.158511469814651029e+00
2.402343750000000000e-01   -2.635400827032341464e+00
2.404785156250000000e-01   -2.690531433881829582e+00
2.407226562500000000e-01   -2.332261249373163370e+00
2.409667968750000000e-01   -1.626123656466673451e+00
2.412109375000000000e-01   -6.749432223950905252e-01
2.414550781250000000e-01   3.575973113293696715e-01
2.416992187500000000e-01   1.316550350826466431e+00
2.419433593750000000e-01   2.089561853266428848e+00
2.421875000000000000e-01   2.547670528707763449e+00
2.424316406250000000e-01   2.620099172954468258e+00
2.426757812500000000e-01   2.266883530424558035e+00
2.429199218750000000e-01   1.520669030582352699e+00
2.431640625000000000e-01   4.870909201059537286e-01
2.434082031250000000e-01   -6.177565634210415713e-01
2.436523437500000000e-01   -1.585288790535004821e+00
2.438964843750000000e-01   -2.302564401835065500e+00
2.441406250000000000e-01   -2.640610446106973708e+00
2.443847656250000000e-01   -2.563409916754740170e+00
2.446289062500000000e-01   -2.094848684242447412e+00
2.448730468750000000e-01   -1.322315081172084739e+00
2.451171875000000000e-01   -3.744033663087915631e-01
2.453613281250000000e-01   5.984792386669042230e-01
2.456054687500000000e-01   1.452054462147502889e+00
2.458496093750000000e-01   2.046619712035633309e+00
2.460937500000000000e-01   2.305358950630944648e+00
2.463378906250000000e-01   2.210874518166834335e+00
2.465820312500000000e-01   1.786157195527185548e+00
2.468261718750000000e-01   1.093298351268824353e+00
2.470703125000000000e-01   2.578978868537082358e-01
2.473144531250000000e-01   -5.891369002765195484e-01
2.475585937500000000e-01   -1.395686758911864667e+00
2.478027343750000000e-01   -2.004628226035299665e+00
2.480468750000000000e-01   -2.320226162354417809e+00
2.482910156250000000e-01   -2.274435093383646578e+00
2.485351562500000000e-01   -1.863196171845426630e+00
2.487792968750000000e-01   -1.149992936330883397e+00
2.490234375000000000e-01   -2.638335162152812274e-01
2.492675781250000000e-01   6.479066499357230002e-01
2.495117187500000000e-01   1.414160009716226796e+00
2.497558593750000000e-01   1.923962909655542619e+00
2.500000000000000000e-01   2.136291345968212685e+00
2.502441406250000000e-01   2.003223648161480241e+00
2.504882812500000000e-01   1.564896040774864439e+00
2.507324218750000000e-01   8.970365850197606905e-01
2.509765625000000000e-01   1.061798388830823697e-01
2.512207031250000000e-01   -6.600596232641159355e-01
2.514648437500000000e-01   -1.308482055021290114e+00
2.517089843750000000e-01   -1.757169894992292924e+00
2.519531250000000000e-01   -1.930722378734676337e+00
2.521972656250000000e-01   -1.811762056756319295e+00
2.524414062500000000e-01   -1.422314795104967500e+00
2.526855468750000000e-01   -8.200054861306510512e-01
2.529296875000000000e-01   -9.828215627223924056e-02
2.531738281250000000e-01   6.583403944655041862e-01
2.534179687500000000e-01   1.348213331453158359e+00
2.536621093750000000e-01   1.812767245075810774e+00
2.539062500000000000e-01   2.001702916753800299e+00
2.541503906250000000e-01   1.856318398406945347e+00
2.543945312500000000e-01   1.401639980314009160e+00
2.546386718750000000e-01   7.209549696633779092e-01
2.548828125000000000e-01   -7.259441875838207325e-02
2.551269531250000000e-01   -8.421993240024281402e-01
2.553710937500000000e-01   -1.454283528117685131e+00
2.556152343750000000e-01   -1.831222838035662770e+00
2.558593750000000000e-01   -1.910121086650944600e+00
2.561035156250000000e-01   -1.690930936319988032e+00
2.563476562500000000e-01   -1.211992385097155900e+00
2.565917968750000000e-01   -5.606317943015737271e-01
2.568359375000000000e-01   1.737576984291599180e-01
2.570800781250000000e-01   8.747828938485519013e-01
2.573242187500000000e-01   1.399442017436269170e+00
2.575683593750000000e-01   1.713952740176328593e+00
2.578125000000000000e-01   1.769428084620469299e+00
2.580566406250000000e-01   1.560656032375252300e+00
2.583007812500000000e-01   1.117762868394500231e+00
2.585449218750000000e-01   5.142994468567358979e-01
2.587890625000000000e-01   -1.856431403338173747e-01
2.590332031250000000e-01   -8.830278276354538436e-01
2.592773437500000000e-01   -1.441322754730136824e+00
2.595214843750000000e-01   -1.775783618478694370e+00
2.597656250000000000e-01   -1.822486428147985782e+00
2.600097656250000000e-01   -1.572338390617037174e+00
2.602539062500000000e-01   -1.069372566019417103e+00
2.604980468750000000e-01   -4.068869215011867713e-01
2.607421875000000000e-01   3.040007931238064565e-01
2.609863281250000000e-01   9.623899180715479451e-01
2.612304687500000000e-01   1.444316432170612119e+00
2.614746093750000000e-01   1.676819047874982038e+00
2.617187500000000000e-01   1.650800264638438763e+00
2.619628906250000000e-01   1.368160555992177452e+00
2.622070312500000000e-01   8.907466303075013414e-01
2.624511718750000000e-01   2.910582783765509052e-01
2.626953125000000000e-01   -3.470526660257189366e-01
2.629394531250000000e-01   -8.963524565902625252e-01
2.631835937500000000e-01   -1.303428124868561744e+00
2.634277343750000000e-01   -1.510379381026202061e+00
2.636718750000000000e-01   -1.487985921505504017e+00
2.639160156250000000e-01   -1.243050836524141056e+00
2.641601562500000000e-01   -8.096739279005069623e-01
2.644042968750000000e-01   -2.431052933600848509e-01
2.646484375000000000e-01   3.658255667930712662e-01
2.648925781250000000e-01   9.294395396716210733e-01
2.651367187500000000e-01   1.352476024499218665e+00
2.653808593750000000e-01   1.542889813184773695e+00
2.656250000000000000e-01   1.481738547965879782e+00
2.658691406250000000e-01   1.183460437698524048e+00
2.661132812500000000e-01   7.035934981257617737e-01
2.663574218750000000e-01   1.315344671927671516e-01
2.666015625000000000e-01   -4.505822910258780456e-01
2.668457031250000000e-01   -9.461849779703680463e-01
2.670898437500000000e-01   -1.274215386483313006e+00
2.673339843750000000e-01   -1.401331271045286098e+00
2.675781250000000000e-01   -1.310865301483737477e+00
2.678222656250000000e-01   -1.021422228041414249e+00
2.680664062500000000e-01   -5.854719620218594711e-01
2.683105468750000000e-01   -6.823536446424371960e-02
2.685546875000000000e-01   4.411811285841585883e-01
2.687988281250000000e-01   8.674501930821262308e-01
2.690429687500000000e-01   1.189527407599538567e+00
2.692871093750000000e-01   1.325213907111348011e+00
2.695312500000000000e-01   1.263135784029853381e+00
2.697753906250000000e-01   1.008477288274824746e+00
2.700195312500000000e-01   5.908214938148742545e-01
2.702636718750000000e-01   7.936729430522729278e-02
2.705078125000000000e-01   -4.546513593575677858e-01
2.707519531250000000e-01   -9.360306572446133178e-01
2.709960937500000000e-01   -1.255167670818649439e+00
2.712402343750000000e-01   -1.373169230021543896e+00
2.714843750000000000e-01   -1.272634942495254107e+00
2.717285156250000000e-01   -9.746032754606643866e-01
2.719726562500000000e-01   -5.292956362420934147e-01
2.722167968750000000e-01   -6.810698582167509091e-03
2.724609375000000000e-01   5.130176436959666963e-01
2.727050781250000000e-01   9.270068553794095223e-01
2.729492187500000000e-01   1.198765705628753286e+00
2.731933593750000000e-01   1.290180006350498676e+00
2.734375000000000000e-01   1.183143130922496233e+00
2.736816406250000000e-01   8.993362748321106492e-01
2.739257812500000000e-01   4.860531083882492220e-01
2.741699218750000000e-01   1.452332592161966135e-03
2.744140625000000000e-01   -4.819271116005884315e-01
2.746582031250000000e-01   -8.864817555423656348e-01
2.749023437500000000e-01   -1.160347596160020922e+00
2.751464843750000000e-01   -1.266714831717514311e+00
2.753906250000000000e-01   -1.173784696345098411e+00
2.756347656250000000e-01   -8.902705659519246639e-01
2.758789062500000000e-01   -4.538085260271829124e-01
2.761230468750000000e-01   6.391328918952517146e-02
2.763671875000000000e-01   5.636815943079371838e-01
2.766113281250000000e-01   9.738671377161413067e-01
2.768554687500000000e-01   1.232938086508387654e+00
2.770996093750000000e-01   1.278429038363355863e+00
2.773437500000000000e-01   1.120181799524716304e+00
2.775878906250000000e-01   7.886195089259355750e-01
2.778320312500000000e-01   3.408603412588338544e-01
2.780761718750000000e-01   -1.590813349421289491e-01
2.783203125000000000e-01   -6.134932727346081860e-01
2.785644531250000000e-01   -9.594959184898723681e-01
2.788085937500000000e-01   -1.158053920687682981e+00
2.790527343750000000e-01   -1.169774374121567151e+00
2.792968750000000000e-01   -1.000421349457395914e+00
2.795410156250000000e-01   -6.801853636238056611e-01
2.797851562500000000e-01   -2.580893645148919502e-01
2.800292968750000000e-01   2.070963319684795689e-01
2.802734375000000000e-01   6.379733921566771437e-01
2.805175781250000000e-01   9.588838590492846370e-01
2.807617187500000000e-01   1.147761461535875105e+00
2.810058593750000000e-01   1.151596191319517182e+00
2.812500000000000000e-01   9.702485415550801129e-01
2.814941406250000000e-01   6.216451711186548046e-01
2.817382812500000000e-01   1.635269656487833290e-01
2.819824218750000000e-01   -3.040182860014943311e-01
2.822265625000000000e-01   -7.236813262502588273e-01
2.824707031250000000e-01   -1.023624917636715148e+00
2.827148437500000000e-01   -1.150744912055805536e+00
2.829589843750000000e-01   -1.090805330077109669e+00
2.832031250000000000e-01   -8.577838305360936388e-01
2.834472656250000000e-01   -4.952574593964081395e-01
2.836914062500000000e-01   -6.662760384106411471e-02
2.839355468750000000e-01   3.626073300750017325e-01
2.841796875000000000e-01   7.316927003837522259e-01
2.844238281250000000e-01   9.650327478397375813e-01
2.846679687500000000e-01   1.049314767081086508e+00
2.849121093750000000e-01   9.728829064222420664e-01
2.851562500000000000e-01   7.538157385134409694e-01
2.854003906250000000e-01   4.247265726843743039e-01
2.856445312500000000e-01   4.726931999391275480e-02
2.858886718750000000e-01   -3.323926087017663455e-01
2.861328125000000000e-01   -6.834680297418371797e-01
2.863769531250000000e-01   -9.126740578683312233e-01
2.866210937500000000e-01   -9.981611042713623982e-01
2.868652343750000000e-01   -9.237354528058374648e-01
2.871093750000000000e-01   -6.997168653153382767e-01
2.873535156250000000e-01   -3.607206396389334158e-01
2.875976562500000000e-01   3.193088071599902572e-02
2.878417968750000000e-01   4.087263706100402461e-01
2.880859375000000000e-01   7.296644693089571199e-01
2.883300781250000000e-01   9.237410429545747093e-01
2.885742187500000000e-01   9.668196490239898688e-01
2.888183593750000000e-01   8.637262750817271684e-01
2.890625000000000000e-01   6.364052401296828032e-01
2.893066406250000000e-01   3.188691051208503158e-01
2.895507812500000000e-01   -3.069889298470065975e-02
2.897949218750000000e-01   -3.505148779533988623e-01
2.900390625000000000e-01   -6.217648910098638737e-01
2.902832031250000000e-01   -7.898858399957209286e-01
2.905273437500000000e-01   -8.312370040913733549e-01
2.907714843750000000e-01   -7.464308791280167554e-01
2.910156250000000000e-01   -5.479585831653686068e-01
2.912597656250000000e-01   -2.652960430946610937e-01
2.915039062500000000e-01   6.096861212590137802e-02
2.917480468750000000e-01   3.860912131110650902e-01
2.919921875000000000e-01   6.569965443430271224e-01
2.922363281250000000e-01   8.294978431510396932e-01
2.924804687500000000e-01   8.799653800608230325e-01
2.927246093750000000e-01   7.882041020903631789e-01
2.929687500000000000e-01   5.690849650199475418e-01
2.932128906250000000e-01   2.592464480513746450e-01
2.934570312500000000e-01   -7.653583540517405748e-02
2.937011718750000000e-01   -3.957091445186519674e-01
2.939453125000000000e-01   -6.502942957278056157e-01
2.941894531250000000e-01   -7.975264599753942862e-01
2.944335937500000000e-01   -8.167050762325857027e-01
2.946777343750000000e-01   -7.097834342457698398e-01
2.949218750000000000e-01   -4.932305090469251141e-01
2.951660156250000000e-01   -2.052239338574652627e-01
2.954101562500000000e-01   1.198156115458543364e-01
2.956542968750000000e-01   4.219375088384158534e-01
2.958984375000000000e-01   6.388056795876383420e-01
2.961425781250000000e-01   7.716812503968200065e-01
2.963867187500000000e-01   7.866900317155568478e-01
2.966308593750000000e-01   6.808665545896934734e-01
2.968750000000000000e-01   4.705284075710113312e-01
2.971191406250000000e-01   1.882137293328842997e-01
2.973632812500000000e-01   -1.415640843136310167e-01
2.976074218750000000e-01   -4.538672288424655532e-01
2.978515625000000000e-01   -6.938010340997700087e-01
2.980957031250000000e-01   -8.264248612043385567e-01
2.983398437500000000e-01   -8.257809619707999760e-01
2.985839843750000000e-01   -6.908756892257266191e-01
2.988281250000000000e-01   -4.448546938844391008e-01
2.990722656250000000e-01   -1.317089161667116815e-01
2.993164062500000000e-01   1.979010567904916362e-01
2.995605468750000000e-01   4.936072483241152331e-01
2.998046875000000000e-01   6.941276630218724542e-01
3.000488281250000000e-01   7.769839602135597545e-01
3.002929687500000000e-01   7.376537016586527384e-01
3.005371093750000000e-01   5.778558104173471266e-01
3.007812500000000000e-01   3.261205064757866645e-01
3.010253906250000000e-01   3.212218705771822946e-02
3.012695312500000000e-01   -2.621552932251586254e-01
3.015136718750000000e-01   -5.220966217548751453e-01
3.017578125000000000e-01   -6.964216095856176070e-01
3.020019531250000000e-01   -7.638212811533925395e-01
3.022460937500000000e-01   -7.133302374129688594e-01
3.024902343750000000e-01   -5.529539434278138987e-01
3.027343750000000000e-01   -3.057607964437743520e-01
3.029785156250000000e-01   -1.126281770385677283e-02
3.032226562500000000e-01   2.810148675354509074e-01
3.034667968750000000e-01   5.286925987143576977e-01
3.037109375000000000e-01   6.826078293360073879e-01
3.039550781250000000e-01   7.135033798177785602e-01
3.041992187500000000e-01   6.260259085560535564e-01
3.044433593750000000e-01   4.364190252099241496e-01
3.046875000000000000e-01   1.733237260908152833e-01
3.049316406250000000e-01   -1.148937512293131402e-01
3.051757812500000000e-01   -3.634940988025441300e-01
3.054199218750000000e-01   -5.604241985224605038e-01
3.056640625000000000e-01   -6.648653197579607044e-01
3.059082031250000000e-01   -6.646881041603641682e-01
3.061523437500000000e-01   -5.625957270697216073e-01
3.063964843750000000e-01   -3.799975466985424655e-01
3.066406250000000000e-01   -1.466246773812789617e-01
3.068847656250000000e-01   9.915532857144897239e-02
3.071289062500000000e-01   3.169712320637727010e-01
3.073730468750000000e-01   4.773980802941537593e-01
3.076171875000000000e-01   5.656242961384675416e-01
3.078613281250000000e-01   5.575814111257757499e-01
3.081054687500000000e-01   4.615185988775836745e-01
3.083496093750000000e-01   2.932863692993524785e-01
3.085937500000000000e-01   7.781293525349834705e-02
3.088378906250000000e-01   -1.597439371374312356e-01
3.090820312500000000e-01   -3.640457962688516402e-01
3.093261718750000000e-01   -5.122826680945095079e-01
3.095703125000000000e-01   -5.807133972861107107e-01
3.098144531250000000e-01   -5.594927066781795189e-01
3.100585937500000000e-01   -4.534556810820437045e-01
3.103027343750000000e-01   -2.843941824453083411e-01
3.105468750000000000e-01   -7.960909230947735282e-02
3.107910156250000000e-01   1.284774323790540129e-01
3.110351562500000000e-01   3.068757070104298768e-01
3.112792968750000000e-01   4.210502815863449988e-01
3.115234375000000000e-01   4.730626052920551272e-01
3.117675781250000000e-01   4.488778493843598727e-01
3.120117187500000000e-01   3.558759950899411106e-01
3.122558593750000000e-01   2.096296461154458501e-01
3.125000000000000000e-01   3.788678889626679452e-02
3.127441406250000000e-01   -1.444341039972905638e-01
3.129882812500000000e-01   -3.066467870612457070e-01
3.132324218750000000e-01   -4.229404216254212256e-01
3.134765625000000000e-01   -4.803449125220433102e-01
3.137207031250000000e-01   -4.696606524704742824e-01
3.139648437500000000e-01   -3.884619374739041175e-01
3.142089843750000000e-01   -2.490654545783356488e-01
3.144531250000000000e-01   -7.239021917440588427e-02
3.146972656250000000e-01   1.135198923716342068e-01
3.149414062500000000e-01   2.832287318166639700e-01
3.151855468750000000e-01   3.950818459365382229e-01
3.154296875000000000e-01   4.460384247764072052e-01
3.156738281250000000e-01   4.245527314891994752e-01
3.159179687500000000e-01   3.365137403648514325e-01
3.161621093750000000e-01   1.938496748129604208e-01
3.164062500000000000e-01   2.733088333126070316e-02
3.166503906250000000e-01   -1.428077310942063582e-01
3.168945312500000000e-01   -2.956339005528700881e-01
3.171386718750000000e-01   -4.002060040344157521e-01
3.173828125000000000e-01   -4.426567060249071983e-01
3.176269531250000000e-01   -4.196789786822947010e-01
3.178710937500000000e-01   -3.327791782230450912e-01
3.181152343750000000e-01   -1.966380568699596376e-01
3.183593750000000000e-01   -2.942040807584078710e-02
3.186035156250000000e-01   1.413899036409053955e-01
3.188476562500000000e-01   2.929759171459407896e-01
3.190917968750000000e-01   3.976114858902344840e-01
3.193359375000000000e-01   4.391542833782018374e-01
3.195800781250000000e-01   4.098962956039486905e-01
3.198242187500000000e-01   3.129241382561122609e-01
3.200683593750000000e-01   1.641093256244519072e-01
3.203125000000000000e-01   -9.756174832185906393e-03
3.205566406250000000e-01   -1.888531160786437180e-01
3.208007812500000000e-01   -3.285862438256929030e-01
3.210449218750000000e-01   -4.140332423777878801e-01
3.212890625000000000e-01   -4.296807786222771597e-01
3.215332031250000000e-01   -3.764021297348241202e-01
3.217773437500000000e-01   -2.605768225339897826e-01
3.220214843750000000e-01   -1.061373392560144846e-01
3.222656250000000000e-01   6.427838193179136184e-02
3.225097656250000000e-01   2.190002738733252130e-01
3.227539062500000000e-01   3.377793106863475892e-01
3.229980468750000000e-01   4.008523992322126084e-01
3.232421875000000000e-01   3.979170588183357782e-01
3.234863281250000000e-01   3.304984950271921962e-01
3.237304687500000000e-01   2.155461694785836269e-01
3.239746093750000000e-01   6.737998714029491687e-02
3.242187500000000000e-01   -8.765247456112709723e-02
3.244628906250000000e-01   -2.273456131943450975e-01
3.247070312500000000e-01   -3.263919476206870729e-01
3.249511718750000000e-01   -3.721589109216436597e-01
3.251953125000000000e-01   -3.529554220386579844e-01
3.254394531250000000e-01   -2.759757611955829248e-01
3.256835937500000000e-01   -1.517382739681963633e-01
3.259277343750000000e-01   -6.219200484538980368e-03
3.261718750000000000e-01   1.394867543680225197e-01
3.264160156250000000e-01   2.562984165210423493e-01
3.266601562500000000e-01   3.266532386471221461e-01
3.269042968750000000e-01   3.432064522798221051e-01
3.271484375000000000e-01   3.076148548175717812e-01
3.273925781250000000e-01   2.220491684581952785e-01
3.276367187500000000e-01   1.089031130250793372e-01
3.278808593750000000e-01   -1.270949861373587425e-02
3.281250000000000000e-01   -1.238940850384634140e-01
3.283691406250000000e-01   -2.098903643939662444e-01
3.286132812500000000e-01   -2.541023817714143096e-01
3.288574218750000000e-01   -2.568896441370163153e-01
3.291015625000000000e-01   -2.158798480813735876e-01
3.293457031250000000e-01   -1.430552884748278186e-01
3.295898437500000000e-01   -4.677287245614757116e-02
3.298339843750000000e-01   5.369406239222829225e-02
3.300781250000000000e-01   1.471296847889788373e-01
3.303222656250000000e-01   2.151566513794442304e-01
3.305664062500000000e-01   2.548864100206874594e-01
3.308105468750000000e-01   2.575704986611983549e-01
3.310546875000000000e-01   2.243364045509414206e-01
3.312988281250000000e-01   1.628331992138631612e-01
3.315429687500000000e-01   8.647690154875499469e-02
3.317871093750000000e-01   7.106274999037691213e-03
3.320312500000000000e-01   -6.067780100399993576e-02
3.322753906250000000e-01   -1.137900498578644642e-01
3.325195312500000000e-01   -1.384097715930089900e-01
3.327636718750000000e-01   -1.376083429226576671e-01
3.330078125000000000e-01   -1.091387558283983122e-01
3.332519531250000000e-01   -6.347213514476648943e-02
3.334960937500000000e-01   -2.365530498879377282e-03
3.337402343750000000e-01   6.045453856108924662e-02
3.339843750000000000e-01   1.217725746549169902e-01
3.342285156250000000e-01   1.689759601630947128e-01
3.344726562500000000e-01   2.029356183885875353e-01
3.347167968750000000e-01   2.154505438942271589e-01
3.349609375000000000e-01   2.113736916303643187e-01
3.352050781250000000e-01   1.855933137016623491e-01
3.354492187500000000e-01   1.474787766731367467e-01
3.356933593750000000e-01   9.526740127614860554e-02
3.359375000000000000e-01   4.199681703725079845e-02
3.361816406250000000e-01   -1.068390586424424957e-02
3.364257812500000000e-01   -4.799965384740741137e-02
3.366699218750000000e-01   -7.010738683562703355e-02
3.369140625000000000e-01   -6.581889338070941176e-02
3.371582031250000000e-01   -4.162653569962787570e-02
3.374023437500000000e-01   6.905021168999912924e-03
3.376464843750000000e-01   6.519025469976319487e-02
3.378906250000000000e-01   1.329944916474364303e-01
3.381347656250000000e-01   1.935921488832453852e-01
3.383789062500000000e-01   2.470314022587584424e-01
3.386230468750000000e-01   2.769095784271780603e-01
3.388671875000000000e-01   2.881587241941104272e-01
3.391113281250000000e-01   2.705613919576562165e-01
3.393554687500000000e-01   2.367046591895516638e-01
3.395996093750000000e-01   1.816396892678186215e-01
3.398437500000000000e-01   1.245075829698817915e-01
3.400878906250000000e-01   6.440307530109461165e-02
3.403320312500000000e-01   2.309643978860294669e-02
3.405761718750000000e-01   -3.314334690229335002e-03
3.408203125000000000e-01   3.550537185383878264e-03
3.410644531250000000e-01   3.176670510135536779e-02
3.413085937500000000e-01   9.268620340511560252e-02
3.415527343750000000e-01   1.637838431905597469e-01
3.417968750000000000e-01   2.502130309311024758e-01
3.420410156250000000e-01   3.216563852932183276e-01
3.422851562500000000e-01   3.844934292016614075e-01
3.425292968750000000e-01   4.116804030998603148e-01
3.427734375000000000e-01   4.217190359302733782e-01
3.430175781250000000e-01   3.927971314173475115e-01
3.432617187500000000e-01   3.579330753217848105e-01
3.435058593750000000e-01   3.003751671054833428e-01
3.437500000000000000e-01   2.642471364186319005e-01
3.439941406250000000e-01   2.242386698397096090e-01
3.442382812500000000e-01   2.316163011665510196e-01
3.444824218750000000e-01   2.427351711551976043e-01
3.447265625000000000e-01   3.206957959613254694e-01
3.449707031250000000e-01   3.724202683478857745e-01
3.452148437500000000e-01   4.730378973937557352e-01
3.454589843750000000e-01   2.298682443861040647e-01
3.457031250000000000e-01   -5.991972042734292625e-01
3.459472656250000000e-01   -6.749233956063064310e-01
3.461914062500000000e-01   -6.888015680574128830e-01
3.464355468750000000e-01   -6.515360409852685164e-01
3.466796875000000000e-01   -6.503378195111421123e-01
3.469238281250000000e-01   -6.313969023191539076e-01
3.471679687500000000e-01   -6.339699524559831989e-01
3.474121093750000000e-01   -6.143931102664274002e-01
3.476562500000000000e-01   -6.033303955444164757e-01
3.479003906250000000e-01   -5.708006849092865931e-01
3.481445312500000000e-01   -5.443914084590288915e-01
3.483886718750000000e-01   -5.025325240116919057e-01
3.486328125000000000e-01   -4.717730108981852410e-01
3.488769531250000000e-01   -4.362850956455843754e-01
3.491210937500000000e-01   -4.181056208177315603e-01
3.493652343750000000e-01   -4.015994078009826884e-01
3.496093750000000000e-01   -4.035783707621564131e-01
3.498535156250000000e-01   -4.062719331943636658e-01
3.500976562500000000e-01   -4.197042278435589857e-01
3.503417968750000000e-01   -4.248633946679905571e-01
3.505859375000000000e-01   -4.302302530541559089e-01
3.508300781250000000e-01   -4.195553005851007100e-01
3.510742187500000000e-01   -4.033262209221638028e-01
3.513183593750000000e-01   -3.713825468217954451e-01
3.515625000000000000e-01   -3.378389419484732481e-01
3.518066406250000000e-01   -2.964735063337678445e-01
3.520507812500000000e-01   -2.625425561725999724e-01
3.522949218750000000e-01   -2.311319295125565110e-01
3.525390625000000000e-01   -2.146171845716110527e-01
3.527832031250000000e-01   -2.045995717710186179e-01
3.530273437500000000e-01   -2.084479331717232209e-01
3.532714843750000000e-01   -2.143527851934161343e-01
3.535156250000000000e-01   -2.252854195841886564e-01
3.537597656250000000e-01   -2.277364821695117558e-01
3.540039062500000000e-01   -2.255827197904340942e-01
3.542480468750000000e-01   -2.092332861085618445e-01
3.544921875000000000e-01   -1.855273672148825548e-01
3.547363281250000000e-01   -1.493411282590489664e-01
3.549804687500000000e-01   -1.118097410264621838e-01
3.552246093750000000e-01   -7.113108230559969658e-02
3.554687500000000000e-01   -3.851937192689944972e-02
3.557128906250000000e-01   -1.139215282755167737e-02
3.559570312500000000e-01   1.380551380581010760e-03
3.562011718750000000e-01   6.099617720023986500e-03
3.564453125000000000e-01   -8.478035802946062318e-05
3.566894531250000000e-01   -6.961199419671677130e-03
3.569335937500000000e-01   -1.551444809037567062e-02
3.571777343750000000e-01   -1.515919615355458376e-02
3.574218750000000000e-01   -7.747378632323634502e-03
3.576660156250000000e-01   1.311749097062462829e-02
3.579101562500000000e-01   4.047411308461898449e-02
3.581542968750000000e-01   7.644483366342777475e-02
3.583984375000000000e-01   1.117116767901895208e-01
3.586425781250000000e-01   1.461510318127577090e-01
3.588867187500000000e-01   1.705998498329464041e-01
3.591308593750000000e-01   1.875580075980853023e-01
3.593750000000000000e-01   1.919660549789996007e-01
3.596191406250000000e-01   1.896759837237792512e-01
3.598632812500000000e-01   1.794311771138530354e-01
3.601074218750000000e-01   1.704950090021584708e-01
3.603515625000000000e-01   1.632575696319320813e-01
3.605957031250000000e-01   1.656421630116695631e-01
3.608398437500000000e-01   1.755020168385891810e-01
3.610839843750000000e-01   1.972967981016733319e-01
3.613281250000000000e-01   2.244275305492033357e-01
3.615722656250000000e-01   2.564814703090192993e-01
3.618164062500000000e-01   2.844733625628546037e-01
3.620605468750000000e-01   3.079728050528561800e-01
3.623046875000000000e-01   3.198659226034596403e-01
3.625488281250000000e-01   3.228357278144853293e-01
3.627929687500000000e-01   3.145275024426046895e-01
3.630371093750000000e-01   3.019759413351768562e-01
3.632812500000000000e-01   2.856851432695397541e-01
3.635253906250000000e-01   2.736947811491043936e-01
3.637695312500000000e-01   2.663734376529993675e-01
3.640136718750000000e-01   2.695349130154694461e-01
3.642578125000000000e-01   2.798112800695774505e-01
3.645019531250000000e-01   2.989293425185466369e-01
3.647460937500000000e-01   3.202808023785117530e-01
3.649902343750000000e-01   3.429275357838740823e-01
3.652343750000000000e-01   3.589268956582558068e-01
3.654785156250000000e-01   3.681003510295196013e-01
3.657226562500000000e-01   3.654309605719436860e-01
3.659667968750000000e-01   3.542129585755689480e-01
3.662109375000000000e-01   3.336354276389050244e-01
3.664550781250000000e-01   3.111019048769252393e-01
3.666992187500000000e-01   2.884067395456488270e-01
3.669433593750000000e-01   2.728417778159980545e-01
3.671875000000000000e-01   2.644980668563647330e-01
3.674316406250000000e-01   2.674992347454610564e-01
3.676757812500000000e-01   2.774324713074466375e-01
3.679199218750000000e-01   2.936075378507095324e-01
3.681640625000000000e-01   3.085532938452439367e-01
3.684082031250000000e-01   3.205928602770258262e-01
3.686523437500000000e-01   3.229425892359479855e-01
3.688964843750000000e-01   3.160015779586470841e-01
3.691406250000000000e-01   2.972013548682664874e-01
3.693847656250000000e-01   2.716960595863648908e-01
3.696289062500000000e-01   2.404459492607832760e-01
3.698730468750000000e-01   2.106212440956861109e-01
3.701171875000000000e-01   1.843754712276395868e-01
3.703613281250000000e-01   1.679424712345362058e-01
3.706054687500000000e-01   1.600993555501234178e-01
3.708496093750000000e-01   1.627816453918016770e-01
3.710937500000000000e-01   1.711370028228415552e-01
3.713378906250000000e-01   1.836214133705863227e-01
3.715820312500000000e-01   1.925920840626355601e-01
3.718261718750000000e-01   1.958021722676587806e-01
3.720703125000000000e-01   1.876877261627007409e-01
3.723144531250000000e-01   1.694985476653194933e-01
3.725585937500000000e-01   1.398204916990759827e-01
3.728027343750000000e-01   1.044669746918402559e-01
3.730468750000000000e-01   6.626432730731547649e-02
3.732910156250000000e-01   3.281818304951437948e-02
3.735351562500000000e-01   6.036399636412552450e-03
3.737792968750000000e-01   -9.004671038036621278e-03
3.740234375000000000e-01   -1.406961236055172607e-02
3.742675781250000000e-01   -9.015446312024989056e-03
3.745117187500000000e-01   -1.410754742922492742e-04
3.747558593750000000e-01   9.881979497987041297e-03
3.750000000000000000e-01   1.398868533983663349e-02
3.752441406250000000e-01   1.044714721378312700e-02
3.754882812500000000e-01   -4.935495222166569676e-03
3.757324218750000000e-01   -2.958879251559880588e-02
3.759765625000000000e-01   -6.316695947099552899e-02
3.762207031250000000e-01   -9.954984938418244556e-02
3.764648437500000000e-01   -1.358721365552594817e-01
3.767089843750000000e-01   -1.650981116123373671e-01
3.769531250000000000e-01   -1.856851739951519975e-01
3.771972656250000000e-01   -1.939969843147847095e-01
3.774414062500000000e-01   -1.926682518821380419e-01
3.776855468750000000e-01   -1.825018974713449316e-01
3.779296875000000000e-01   -1.702490716894941303e-01
3.781738281250000000e-01   -1.592520682609958604e-01
3.784179687500000000e-01   -1.561341335276511810e-01
3.786621093750000000e-01   -1.620460716173432181e-01
3.789062500000000000e-01   -1.798829393613202432e-01
3.791503906250000000e-01   -2.060142242346039154e-01
3.793945312500000000e-01   -2.384959202591959426e-01
3.796386718750000000e-01   -2.705268045150183709e-01
3.798828125000000000e-01   -2.991703539339233830e-01
3.801269531250000000e-01   -3.184461073820157861e-01
3.803710937500000000e-01   -3.277220711537839337e-01
3.806152343750000000e-01   -3.249662958162663484e-01
3.808593750000000000e-01   -3.142095093767540703e-01
3.811035156250000000e-01   -2.973672295750512951e-01
3.813476562500000000e-01   -2.809458512262658081e-01
3.815917968750000000e-01   -2.680511211918377712e-01
3.818359375000000000e-01   -2.643368504816416276e-01
3.820800781250000000e-01   -2.697253259796987268e-01
3.823242187500000000e-01   -2.854271727173910977e-01
3.825683593750000000e-01   -3.070947108567523287e-01
3.828125000000000000e-01   -3.321654507285433655e-01
3.830566406250000000e-01   -3.538198220905573455e-01
3.833007812500000000e-01   -3.693718625002058165e-01
3.835449218750000000e-01   -3.743964337296700751e-01
3.837890625000000000e-01   -3.698080382342059380e-01
3.840332031250000000e-01   -3.551177472177043382e-01
3.842773437500000000e-01   -3.351860136197392093e-01
3.845214843750000000e-01   -3.127891671443095989e-01
3.847656250000000000e-01   -2.940965877916672522e-01
3.850097656250000000e-01   -2.811037939764011728e-01
3.852539062500000000e-01   -2.777560397752878441e-01
3.854980468750000000e-01   -2.826768757997593640e-01
3.857421875000000000e-01   -2.953789342864610035e-01
3.859863281250000000e-01   -3.103934467028247046e-01
3.862304687500000000e-01   -3.248660061886179951e-01
3.864746093750000000e-01   -3.328356579339459276e-01
3.867187500000000000e-01   -3.326060081012229830e-01
3.869628906250000000e-01   -3.212777402486862166e-01
3.872070312500000000e-01   -3.014619368599498750e-01
3.874511718750000000e-01   -2.744425923161578629e-01
3.876953125000000000e-01   -2.457784491603181853e-01
3.879394531250000000e-01   -2.184167653328050462e-01
3.881835937500000000e-01   -1.980471094395923615e-01
3.884277343750000000e-01   -1.857661831721137136e-01
3.886718750000000000e-01   -1.835961082386312893e-01
3.889160156250000000e-01   -1.885209640142913312e-01
3.891601562500000000e-01   -1.988097271006719069e-01
3.894042968750000000e-01   -2.083856096980690742e-01
3.896484375000000000e-01   -2.139731752523259256e-01
3.898925781250000000e-01   -2.103564495497066977e-01
3.901367187500000000e-01   -1.970952686965354306e-01
3.903808593750000000e-01   -1.729071141251338484e-01
3.906250000000000000e-01   -1.416801758795829536e-01
3.908691406250000000e-01   -1.060551232330744914e-01
3.911132812500000000e-01   -7.222351117972561352e-02
3.913574218750000000e-01   -4.312032071010362538e-02
3.916015625000000000e-01   -2.338798912403016947e-02
3.918457031250000000e-01   -1.304711777026989865e-02
3.920898437500000000e-01   -1.279833410671141376e-02
3.923339843750000000e-01   -1.838641153764186686e-02
3.925781250000000000e-01   -2.695649324989496734e-02
3.928222656250000000e-01   -3.227799029907757467e-02
3.930664062500000000e-01   -3.127966619715142477e-02
3.933105468750000000e-01   -1.962324756296611114e-02
3.935546875000000000e-01   1.949177776386552775e-03
3.937988281250000000e-01   3.315873033115274843e-02
3.940429687500000000e-01   6.905663184872380678e-02
3.942871093750000000e-01   1.061744119559633603e-01
3.945312500000000000e-01   1.381180269869524968e-01
3.947753906250000000e-01   1.623128371510857981e-01
3.950195312500000000e-01   1.753687576611128174e-01
3.952636718750000000e-01   1.786267144101981175e-01
3.955078125000000000e-01   1.728352085069340405e-01
3.957519531250000000e-01   1.632107522893006257e-01
3.959960937500000000e-01   1.533187660935120267e-01
3.962402343750000000e-01   1.491640717071180122e-01
3.964843750000000000e-01   1.530016997407517565e-01
3.967285156250000000e-01   1.679468317761819984e-01
3.969726562500000000e-01   1.922377970881459508e-01
3.972167968750000000e-01   2.242532553078014634e-01
3.974609375000000000e-01   2.581478464143295293e-01
3.977050781250000000e-01   2.901739982165508214e-01
3.979492187500000000e-01   3.144224795679952389e-01
3.981933593750000000e-01   3.288360422994725529e-01
3.984375000000000000e-01   3.310900174942286167e-01
3.986816406250000000e-01   3.239355464546485597e-01
3.989257812500000000e-01   3.096594235887665802e-01
3.991699218750000000e-01   2.942414825280435520e-01
3.994140625000000000e-01   2.814395928435148297e-01
3.996582031250000000e-01   2.767301466743536942e-01
3.999023437500000000e-01   2.813101917876577596e-01
4.001464843750000000e-01   2.964241636927559265e-01
4.003906250000000000e-01   3.187029585313302382e-01
4.006347656250000000e-01   3.455103803944090113e-01
4.008789062500000000e-01   3.707679903773329344e-01
4.011230468750000000e-01   3.908714522203902697e-01
4.013671875000000000e-01   4.010518577840240240e-01
4.016113281250000000e-01   4.007932050476092356e-01
4.018554687500000000e-01   3.893562665102272002e-01
4.020996093750000000e-01   3.705185573867875726e-01
4.023437500000000000e-01   3.473347509606324324e-01
4.025878906250000000e-01   3.258723415730984674e-01
4.028320312500000000e-01   3.094184074022015007e-01
4.030761718750000000e-01   3.022886513935376107e-01
4.033203125000000000e-01   3.045628582111242766e-01
4.035644531250000000e-01   3.162759248241780452e-01
4.038085937500000000e-01   3.330456661996109013e-01
4.040527343750000000e-01   3.513789068707358076e-01
4.042968750000000000e-01   3.651458432073141358e-01
4.045410156250000000e-01   3.711796761772513387e-01
4.047851562500000000e-01   3.657774195099997572e-01
4.050292968750000000e-01   3.498616642681861566e-01
4.052734375000000000e-01   3.244217298423986984e-01
4.055175781250000000e-01   2.943754956023631464e-01
4.057617187500000000e-01   2.634365846266839006e-01
4.060058593750000000e-01   2.375429406420991874e-01
4.062500000000000000e-01   2.192828917343221939e-01
4.064941406250000000e-01   2.115074276739245807e-01
4.067382812500000000e-01   2.126710242207299206e-01
4.069824218750000000e-01   2.213120543539611462e-01
4.072265625000000000e-01   2.320690296163047117e-01
4.074707031250000000e-01   2.412197704355737993e-01
4.077148437500000000e-01   2.433059231696355906e-01
4.079589843750000000e-01   2.362630641281160959e-01
4.082031250000000000e-01   2.177767028962663554e-01
4.084472656250000000e-01   1.900352713329063747e-01
4.086914062500000000e-01   1.549705783354092536e-01
4.089355468750000000e-01   1.181767724337806358e-01
4.091796875000000000e-01   8.352927368066753733e-02
4.094238281250000000e-01   5.644619121296140518e-02
4.096679687500000000e-01   3.873631186262097015e-02
4.099121093750000000e-01   3.207682639762294424e-02
4.101562500000000000e-01   3.359414801973872183e-02
4.104003906250000000e-01   4.060189716690174033e-02
4.106445312500000000e-01   4.722875767171666461e-02
4.108886718750000000e-01   4.959765114644944933e-02
4.111328125000000000e-01   4.278362043741341936e-02
4.113769531250000000e-01   2.588319810447061234e-02
4.116210937500000000e-01   -1.722685700121034773e-03
4.118652343750000000e-01   -3.647157951531887488e-02
4.121093750000000000e-01   -7.523468861820181708e-02
4.123535156250000000e-01   -1.119980859137242046e-01
4.125976562500000000e-01   -1.430393036140255592e-01
4.128417968750000000e-01   -1.640161125331802694e-01
4.130859375000000000e-01   -1.746562209280550504e-01
4.133300781250000000e-01   -1.748973256522522446e-01
4.135742187500000000e-01   -1.688088303901388310e-01
4.138183593750000000e-01   -1.599742549221538079e-01
4.140625000000000000e-01   -1.543387010764189771e-01
4.143066406250000000e-01   -1.550942238082249069e-01
4.145507812500000000e-01   -1.658925672486642189e-01
4.147949218750000000e-01   -1.863678749018116976e-01
4.150390625000000000e-01   -2.158852368167625269e-01
4.152832031250000000e-01   -2.498784819669146173e-01
4.155273437500000000e-01   -2.845955631652527518e-01
4.157714843750000000e-01   -3.142773542917009499e-01
4.160156250000000000e-01   -3.358999078833830865e-01
4.162597656250000000e-01   -3.462081637087933150e-01
4.165039062500000000e-01   -3.461430036154216627e-01
4.167480468750000000e-01   -3.370399366890226012e-01
4.169921875000000000e-01   -3.238734645570023329e-01
4.172363281250000000e-01   -3.105114704603732512e-01
4.174804687500000000e-01   -3.024826903437083936e-01
4.177246093750000000e-01   -3.021282104244964462e-01
4.179687500000000000e-01   -3.117239180263727816e-01
4.182128906250000000e-01   -3.294677281270538272e-01
4.184570312500000000e-01   -3.535205073394913078e-01
4.187011718750000000e-01   -3.788192686807534404e-01
4.189453125000000000e-01   -4.017030378500415222e-01
4.191894531250000000e-01   -4.170966512614741051e-01
4.194335937500000000e-01   -4.231629347271320674e-01
4.196777343750000000e-01   -4.182412969935417890e-01
4.199218750000000000e-01   -4.047019264571756758e-01
4.201660156250000000e-01   -3.849685895696368654e-01
4.204101562500000000e-01   -3.644672263358383901e-01
4.206542968750000000e-01   -3.468577397567859655e-01
4.208984375000000000e-01   -3.366885996119448610e-01
4.211425781250000000e-01   -3.349198076308276262e-01
4.213867187500000000e-01   -3.421527682430761663e-01
4.216308593750000000e-01   -3.551103705512007602e-01
4.218750000000000000e-01   -3.708937577369973981e-01
4.221191406250000000e-01   -3.841561407633961589e-01
4.223632812500000000e-01   -3.916070975606461557e-01
4.226074218750000000e-01   -3.893078888936746251e-01
4.228515625000000000e-01   -3.769960737072568513e-01
4.230957031250000000e-01   -3.547885574649192186e-01
4.233398437500000000e-01   -3.265519237346447556e-01
4.235839843750000000e-01   -2.957449630742990943e-01
4.238281250000000000e-01   -2.680590288403853494e-01
4.240722656250000000e-01   -2.468270534848789333e-01
4.243164062500000000e-01   -2.355033473034651437e-01
4.245605468750000000e-01   -2.335613680909595091e-01
4.248046875000000000e-01   -2.399690184904315904e-01
4.250488281250000000e-01   -2.501021216040844597e-01
4.252929687500000000e-01   -2.599974703452970770e-01
4.255371093750000000e-01   -2.639458649200174811e-01
4.257812500000000000e-01   -2.590961495183790597e-01
4.260253906250000000e-01   -2.427407402310805817e-01
4.262695312500000000e-01   -2.161692040840267615e-01
4.265136718750000000e-01   -1.811312761588286524e-01
4.267578125000000000e-01   -1.428230691293415899e-01
4.270019531250000000e-01   -1.055000081379058458e-01
4.272460937500000000e-01   -7.474841057477778217e-02
4.274902343750000000e-01   -5.306952824204587416e-02
4.277343750000000000e-01   -4.262338874683352374e-02
4.279785156250000000e-01   -4.152778918623292737e-02
4.282226562500000000e-01   -4.741361828170179843e-02
4.284667968750000000e-01   -5.476335793928239354e-02
4.287109375000000000e-01   -5.931797126822533489e-02
4.289550781250000000e-01   -5.576723245247780514e-02
4.291992187500000000e-01   -4.202738169373892302e-02
4.294433593750000000e-01   -1.655008924919640356e-02
4.296875000000000000e-01   1.814468629355028839e-02
4.299316406250000000e-01   5.911353106305087396e-02
4.301757812500000000e-01   1.004517451867451699e-01
4.304199218750000000e-01   1.376537515712268622e-01
4.306640625000000000e-01   1.654433689733980362e-01
4.309082031250000000e-01   1.821165773650333941e-01
4.311523437500000000e-01   1.868725691992904059e-01
4.313964843750000000e-01   1.830010046005259294e-01
4.316406250000000000e-01   1.740107791510354940e-01
4.318847656250000000e-01   1.659268307010214605e-01
4.321289062500000000e-01   1.629167940122529523e-01
4.323730468750000000e-01   1.694482811274948264e-01
4.326171875000000000e-01   1.863770205379718659e-01
4.328613281250000000e-01   2.138637343162834159e-01
4.331054687500000000e-01   2.483015781469762873e-01
4.333496093750000000e-01   2.860722979861082260e-01
4.335937500000000000e-01   3.212332003276498482e-01
4.338378906250000000e-01   3.497986251989033124e-01
4.340820312500000000e-01   3.675385867429004083e-01
4.343261718750000000e-01   3.738456596471825266e-01
4.345703125000000000e-01   3.688880549524385932e-01
4.348144531250000000e-01   3.566298265649402444e-01
4.350585937500000000e-01   3.409650347725234898e-01
4.353027343750000000e-01   3.278666683229898848e-01
4.355468750000000000e-01   3.211226053174928707e-01
4.357910156250000000e-01   3.244583659100921946e-01
4.360351562500000000e-01   3.377338385620372030e-01
4.362792968750000000e-01   3.599595468701680678e-01
4.365234375000000000e-01   3.866193953953729334e-01
4.367675781250000000e-01   4.136166016660999256e-01
4.370117187500000000e-01   4.352096085942510073e-01
4.372558593750000000e-01   4.482442905655519838e-01
4.375000000000000000e-01   4.499002676016694569e-01
4.377441406250000000e-01   4.411354321365950626e-01
4.379882812500000000e-01   4.235023745893373714e-01
4.382324218750000000e-01   4.016948052868821728e-01
4.384765625000000000e-01   3.795553699005244641e-01
4.387207031250000000e-01   3.622227601294525923e-01
4.389648437500000000e-01   3.520835117689372074e-01
4.392089843750000000e-01   3.511400582207422350e-01
4.394531250000000000e-01   3.579724772299361923e-01
4.396972656250000000e-01   3.706590144036714940e-01
4.399414062500000000e-01   3.845026816465809683e-01
4.401855468750000000e-01   3.959172039182748404e-01
4.404296875000000000e-01   4.001656324969205536e-01
4.406738281250000000e-01   3.954390389332690936e-01
4.409179687500000000e-01   3.803170404201333676e-01
4.411621093750000000e-01   3.570134897989520328e-01
4.414062500000000000e-01   3.280727482818638907e-01
4.416503906250000000e-01   2.985201354681853991e-01
4.418945312500000000e-01   2.719718931057060751e-01
4.421386718750000000e-01   2.526447446655980533e-01
4.423828125000000000e-01   2.415357734169081561e-01
4.426269531250000000e-01   2.389155575035891710e-01
4.428710937500000000e-01   2.416055339812460956e-01
4.431152343750000000e-01   2.465592671768814248e-01
4.433593750000000000e-01   2.487576526858190917e-01
4.436035156250000000e-01   2.451031260316872129e-01
4.438476562500000000e-01   2.324006092525113532e-01
4.440917968750000000e-01   2.108200559322072898e-01
4.443359375000000000e-01   1.810414277664560145e-01
4.445800781250000000e-01   1.468245558582888521e-01
4.448242187500000000e-01   1.115179901078378333e-01
4.450683593750000000e-01   8.010350599277993311e-02
4.453125000000000000e-01   5.533022265858700273e-02
4.455566406250000000e-01   3.982858214835865995e-02
4.458007812500000000e-01   3.277383041827054005e-02
4.460449218750000000e-01   3.273936233911472343e-02
4.462890625000000000e-01   3.526551335362583528e-02
4.465332031250000000e-01   3.652999020174754752e-02
4.467773437500000000e-01   3.153067460060397093e-02
4.470214843750000000e-01   1.788499175843938013e-02
4.472656250000000000e-01   -6.283664910565010114e-03
4.475097656250000000e-01   -3.916581937261813529e-02
4.477539062500000000e-01   -7.832658665334032988e-02
4.479980468750000000e-01   -1.185442918055009953e-01
4.482421875000000000e-01   -1.555566700832257676e-01
4.484863281250000000e-01   -1.842779708507938652e-01
4.487304687500000000e-01   -2.026145820081388382e-01
4.489746093750000000e-01   -2.093149050071710926e-01
4.492187500000000000e-01   -2.069044653029711855e-01
4.494628906250000000e-01   -1.984778918227209921e-01
4.497070312500000000e-01   -1.897927661409715139e-01
4.499511718750000000e-01   -1.853737026583920089e-01
4.501953125000000000e-01   -1.900970371741979303e-01
4.504394531250000000e-01   -2.054947469111759184e-01
4.506835937500000000e-01   -2.321289855872868679e-01
4.509277343750000000e-01   -2.668246041646923361e-01
4.511718750000000000e-01   -3.058610082239210937e-01
4.514160156250000000e-01   -3.430697550348091318e-01
4.516601562500000000e-01   -3.738361457162384660e-01
4.519042968750000000e-01   -3.934573643811444810e-01
4.521484375000000000e-01   -4.006403858729459255e-01
4.523925781250000000e-01   -3.952272948944782760e-01
4.526367187500000000e-01   -3.809179741476478309e-01
4.528808593750000000e-01   -3.618615991462254544e-01
4.531250000000000000e-01   -3.442945974681645427e-01
