0.000000000000000000e+00   1.284046194481492931e-01
2.441406250000000000e-04   5.142323280916392125e-01
4.882812500000000000e-04   -1.002888398760037436e+00
7.324218750000000000e-04   -1.710264051885463266e+00
9.765625000000000000e-04   -1.492874550115315335e+00
1.220703125000000000e-03   -5.304501190446887504e-01
1.464843750000000000e-03   -9.797041581693807233e-01
1.708984375000000000e-03   5.914819852741964867e-01
1.953125000000000000e-03   -1.570644209729416541e-01
2.197265625000000000e-03   -3.398772449144747965e-01
2.441406250000000000e-03   -1.580633754479593978e-01
2.685546875000000000e-03   1.088427589196938605e+00
2.929687500000000000e-03   -1.026075718745014020e+00
3.173828125000000000e-03   7.404932052570064593e-01
3.417968750000000000e-03   -8.881344122772799610e-01
3.662109375000000000e-03   3.507318787772392699e-01
3.906250000000000000e-03   4.160723549576509916e-01
4.150390625000000000e-03   -1.427842348866497746e+00
4.394531250000000000e-03   -1.030869507178848066e+00
4.638671875000000000e-03   -1.721558007263917611e+00
4.882812500000000000e-03   -1.405112181731725585e+00
5.126953125000000000e-03   -4.861283768417042350e-01
5.371093750000000000e-03   1.235356987286488462e+00
5.615234375000000000e-03   -3.374850676995592158e-01
5.859375000000000000e-03   3.373290275179330888e-01
6.103515625000000000e-03   1.192652813733906747e+00
6.347656250000000000e-03   -1.051407775977608421e-02
6.591796875000000000e-03   -5.904045810169185060e-01
6.835937500000000000e-03   -4.744674506843271633e-01
7.080078125000000000e-03   -3.182974746585564230e+00
7.324218750000000000e-03   -1.964219566265748229e+00
7.568359375000000000e-03   -2.133561905707335171e-01
7.812500000000000000e-03   -5.957281933717002431e-01
8.056640625000000000e-03   -2.241965396712722325e-01
8.300781250000000000e-03   5.611195381498894630e-01
8.544921875000000000e-03   8.850947444564574162e-01
8.789062500000000000e-03   3.550927806466755432e-01
9.033203125000000000e-03   -1.073274286332274841e+00
9.277343750000000000e-03   -6.982236570209766624e-01
9.521484375000000000e-03   -5.384137315486449138e-01
9.765625000000000000e-03   2.607382737519820637e+00
1.000976562500000000e-02   3.257353629126720218e-01
1.025390625000000000e-02   2.348987601626624677e+00
1.049804687500000000e-02   -2.925040789587093903e-01
1.074218750000000000e-02   1.396929008598301714e+00
1.098632812500000000e-02   4.599188898763079125e-02
1.123046875000000000e-02   -5.803203174841373713e-01
1.147460937500000000e-02   -2.976244324345372227e+00
1.171875000000000000e-02   5.092414000339974545e-02
1.196289062500000000e-02   -1.429154816164849739e+00
1.220703125000000000e-02   8.392174938584029409e-01
1.245117187500000000e-02   1.038656242449274680e+00
1.269531250000000000e-02   -2.470983392382925248e-01
1.293945312500000000e-02   7.990720814497828117e-01
1.318359375000000000e-02   -5.201980897305045204e-01
1.342773437500000000e-02   7.737397450528271658e-01
1.367187500000000000e-02   -1.218814148185364932e+00
1.391601562500000000e-02   5.220508581609507592e-01
1.416015625000000000e-02   6.792610135203783761e-01
1.440429687500000000e-02   4.845926966372487987e-01
1.464843750000000000e-02   -2.812440484030816479e-01
1.489257812500000000e-02   1.465553408754062259e+00
1.513671875000000000e-02   1.863899030369686072e+00
1.538085937500000000e-02   1.180969018962293005e+00
1.562500000000000000e-02   -1.187010880316656580e+00
1.586914062500000000e-02   8.174051883774517968e-01
1.611328125000000000e-02   -1.829298533626245726e+00
1.635742187500000000e-02   1.605064384925635190e+00
1.660156250000000000e-02   9.098932035469681212e-01
1.684570312500000000e-02   -7.240931689786495040e-01
1.708984375000000000e-02   -6.091719363458359959e-01
1.733398437500000000e-02   4.021801885813368616e-01
1.757812500000000000e-02   -1.225166744105821381e+00
1.782226562500000000e-02   -3.871150182543768303e-01
1.806640625000000000e-02   1.947062410489022399e+00
1.831054687500000000e-02   1.289884751592917267e+00
1.855468750000000000e-02   6.527358836323182700e-02
1.879882812500000000e-02   -2.695129875878685133e-01
1.904296875000000000e-02   2.717779588106652877e+00
1.928710937500000000e-02   1.811299653981508773e-01
1.953125000000000000e-02   5.121187886738604034e-01
1.977539062500000000e-02   -2.576430091258932048e-02
2.001953125000000000e-02   1.747371780991828216e-01
2.026367187500000000e-02   2.410305832251701474e+00
2.050781250000000000e-02   1.414850057125305094e+00
2.075195312500000000e-02   -3.468491672954661653e-01
2.099609375000000000e-02   1.280713573045484610e+00
2.124023437500000000e-02   2.905667055282945554e-01
2.148437500000000000e-02   -7.653198232209749985e-02
2.172851562500000000e-02   1.551106090982774521e-01
2.197265625000000000e-02   1.094689158944644358e+00
2.221679687500000000e-02   -1.421256056584653260e-01
2.246093750000000000e-02   -5.921979593404465975e-02
2.270507812500000000e-02   -4.719828186036986173e-01
2.294921875000000000e-02   -1.343122463948118517e+00
2.319335937500000000e-02   -8.198443096894467708e-01
2.343750000000000000e-02   9.412649368544420136e-01
2.368164062500000000e-02   1.085532435212095415e+00
2.392578125000000000e-02   1.444641479573602894e+00
2.416992187500000000e-02   -7.608021873540203872e-01
2.441406250000000000e-02   -7.007042315373359642e-01
2.465820312500000000e-02   -6.106022768369316900e-01
2.490234375000000000e-02   -8.742557322868427239e-01
2.514648437500000000e-02   -1.402673105262786379e-01
2.539062500000000000e-02   2.929979980741211354e-01
2.563476562500000000e-02   1.116055880826803071e+00
2.587890625000000000e-02   1.084904645073251572e+00
2.612304687500000000e-02   1.439468202666490226e+00
2.636718750000000000e-02   -8.071081864653467663e-02
2.661132812500000000e-02   -3.559493338460544831e-01
2.685546875000000000e-02   2.354182893151105516e-01
2.709960937500000000e-02   3.215105703409454896e-01
2.734375000000000000e-02   9.321342368819067470e-02
2.758789062500000000e-02   -2.376586847858961793e+00
2.783203125000000000e-02   1.110714648469509624e+00
2.807617187500000000e-02   2.354168559163214880e+00
2.832031250000000000e-02   7.790708917472333184e-01
2.856445312500000000e-02   -1.648189253673131960e+00
2.880859375000000000e-02   2.716230149398603244e-02
2.905273437500000000e-02   1.143145574974318901e+00
2.929687500000000000e-02   -7.588431822510963154e-02
2.954101562500000000e-02   6.335922798492111818e-01
2.978515625000000000e-02   -1.844493269727251583e+00
3.002929687500000000e-02   1.486283750389189917e+00
3.027343750000000000e-02   7.735830422500040715e-01
3.051757812500000000e-02   -1.059062299137662234e-02
3.076171875000000000e-02   -6.402569087248285440e-01
3.100585937500000000e-02   -9.741589440003144418e-01
3.125000000000000000e-02   -1.313995171361560244e-01
3.149414062500000000e-02   9.065063809644822168e-01
3.173828125000000000e-02   -1.374442434167198801e+00
3.198242187500000000e-02   -5.154494622219135680e-02
3.222656250000000000e-02   -2.177731957574926547e-01
3.247070312500000000e-02   -3.564117902085394141e-01
3.271484375000000000e-02   -2.143440393249036013e+00
3.295898437500000000e-02   -2.151650518641595178e-01
3.320312500000000000e-02   8.157737910701445827e-01
3.344726562500000000e-02   -2.839765928066157574e+00
3.369140625000000000e-02   -1.031214013697395071e+00
3.393554687500000000e-02   -6.486327030502428981e-01
3.417968750000000000e-02   -1.028132463390267315e+00
3.442382812500000000e-02   -5.363531412771721518e-01
3.466796875000000000e-02   4.131320040845381514e-01
3.491210937500000000e-02   -2.828707992643470615e+00
3.515625000000000000e-02   -1.386554715707086105e+00
3.540039062500000000e-02   5.076981463353679169e-01
3.564453125000000000e-02   -3.524203426813369289e-01
3.588867187500000000e-02   -1.509850410588730041e-01
3.613281250000000000e-02   2.227683837606098394e-01
3.637695312500000000e-02   1.359730630312738497e-01
3.662109375000000000e-02   5.482282126046864601e-01
3.686523437500000000e-02   -8.546932020584150358e-01
3.710937500000000000e-02   4.911519198435539413e-01
3.735351562500000000e-02   -1.165552777054366107e+00
3.759765625000000000e-02   -6.747756268883339237e-01
3.784179687500000000e-02   -9.159789217969841468e-01
3.808593750000000000e-02   -9.358639113474384041e-01
3.833007812500000000e-02   -8.966309286293768777e-01
3.857421875000000000e-02   -1.061397409860362018e+00
3.881835937500000000e-02   9.056922125797356449e-01
3.906250000000000000e-02   -1.327835981015070554e-01
3.930664062500000000e-02   -9.958655878831994268e-02
3.955078125000000000e-02   -7.393856303604481317e-01
3.979492187500000000e-02   -1.696952753548927939e+00
4.003906250000000000e-02   1.019656209764288501e+00
4.028320312500000000e-02   -8.481905054243055186e-02
4.052734375000000000e-02   -1.623139302026881614e+00
4.077148437500000000e-02   3.631943717236315039e-01
4.101562500000000000e-02   -2.571197890737479508e+00
4.125976562500000000e-02   -3.369578514003996883e-01
4.150390625000000000e-02   1.333592399361564595e+00
4.174804687500000000e-02   6.957882377437190069e-01
4.199218750000000000e-02   1.253699442019916566e-01
4.223632812500000000e-02   2.513594774246480923e-01
4.248046875000000000e-02   7.238383225135105459e-01
4.272460937500000000e-02   1.100998769114962750e+00
4.296875000000000000e-02   8.515578933800240780e-01
4.321289062500000000e-02   -8.348772898490007810e-01
4.345703125000000000e-02   1.988420797526420758e+00
4.370117187500000000e-02   -1.217696089036006457e+00
4.394531250000000000e-02   2.009482397357895689e+00
4.418945312500000000e-02   7.681600596423266980e-01
4.443359375000000000e-02   -1.885780114658958118e-01
4.467773437500000000e-02   -6.477847811198682582e-01
4.492187500000000000e-02   -1.178341391183900688e+00
4.516601562500000000e-02   -2.655087500430091674e-01
4.541015625000000000e-02   1.610236345941011393e+00
4.565429687500000000e-02   -5.807041887697536042e-01
4.589843750000000000e-02   -5.852737823440729015e-01
4.614257812500000000e-02   -7.382104754047192907e-01
4.638671875000000000e-02   1.399276561940437258e+00
4.663085937500000000e-02   1.228503788961978760e+00
4.687500000000000000e-02   -6.320853364154429554e-01
4.711914062500000000e-02   6.512955368496117226e-01
4.736328125000000000e-02   2.190592652186229561e+00
4.760742187500000000e-02   5.203888043024831322e-01
4.785156250000000000e-02   6.204406475497088458e-01
4.809570312500000000e-02   -3.650106056316053671e-01
4.833984375000000000e-02   -7.345509973601928033e-01
4.858398437500000000e-02   9.092283074029458567e-02
4.882812500000000000e-02   -1.202508451456591604e-01
4.907226562500000000e-02   6.026768263304920215e-01
4.931640625000000000e-02   2.641228311791745664e+00
4.956054687500000000e-02   -4.112755989532669854e-01
4.980468750000000000e-02   1.086994714066687531e-02
5.004882812500000000e-02   7.627612729011249426e-01
5.029296875000000000e-02   -4.118500258648982171e-01
5.053710937500000000e-02   -9.945564823271231258e-01
5.078125000000000000e-02   4.568592869826395009e-01
5.102539062500000000e-02   6.862735188642994366e-01
5.126953125000000000e-02   -1.099375506651692591e+00
5.151367187500000000e-02   1.587965113789043536e-01
5.175781250000000000e-02   -8.995409686121907944e-02
5.200195312500000000e-02   -5.567781147867869596e-01
5.224609375000000000e-02   1.076275965291538572e+00
5.249023437500000000e-02   7.471813223709095064e-01
5.273437500000000000e-02   -1.421729494086788614e-01
5.297851562500000000e-02   -8.386726475668537795e-01
5.322265625000000000e-02   -8.105820236293365122e-01
5.346679687500000000e-02   -1.172360481817448674e+00
5.371093750000000000e-02   7.323661578299979213e-01
5.395507812500000000e-02   -6.540765513954526211e-01
5.419921875000000000e-02   4.638316165445455219e-01
5.444335937500000000e-02   1.527486307151493028e+00
5.468750000000000000e-02   2.178268794169145650e+00
5.493164062500000000e-02   1.092534839348044962e+00
5.517578125000000000e-02   2.622752009246749338e+00
5.541992187500000000e-02   7.821750058140164441e-01
5.566406250000000000e-02   -6.951942829792976397e-01
5.590820312500000000e-02   8.983418879127379464e-01
5.615234375000000000e-02   6.477831791747954426e-01
5.639648437500000000e-02   -1.405221658966042397e-02
5.664062500000000000e-02   -6.360297199454275630e-01
5.688476562500000000e-02   3.606166291905736898e-01
5.712890625000000000e-02   4.715525382402173116e-01
5.737304687500000000e-02   -2.356312138043955839e-01
5.761718750000000000e-02   1.380800580077837125e+00
5.786132812500000000e-02   5.610365883026272593e-01
5.810546875000000000e-02   -7.591149914831485379e-01
5.834960937500000000e-02   -1.099350142081453541e+00
5.859375000000000000e-02   -2.133639359526727119e+00
5.883789062500000000e-02   2.209719146448103633e-01
5.908203125000000000e-02   6.593357159443687943e-01
5.932617187500000000e-02   2.190179278583584299e+00
5.957031250000000000e-02   1.697203377019313453e-01
5.981445312500000000e-02   1.167137694015773608e+00
6.005859375000000000e-02   -1.789373772989125255e+00
6.030273437500000000e-02   -1.600846003039532173e-01
6.054687500000000000e-02   1.829959152121450883e-01
6.079101562500000000e-02   1.406981682651978094e+00
6.103515625000000000e-02   -5.524119092213166660e-01
6.127929687500000000e-02   5.190296925036168296e-02
6.152343750000000000e-02   1.485538454942702646e+00
6.176757812500000000e-02   -1.193210981708599627e+00
6.201171875000000000e-02   3.960602128741038674e-01
6.225585937500000000e-02   -3.480959650878356904e-01
6.250000000000000000e-02   3.949205241496162588e-01
6.274414062500000000e-02   -2.026681606193228902e+00
6.298828125000000000e-02   -5.291759515780694034e-01
6.323242187500000000e-02   -1.104914641040870116e+00
6.347656250000000000e-02   -8.716615008052266411e-01
6.372070312500000000e-02   1.873417053924910647e-01
6.396484375000000000e-02   -9.517165957508938456e-01
6.420898437500000000e-02   -4.732498107902376461e-01
6.445312500000000000e-02   2.689790407036042330e-01
6.469726562500000000e-02   9.896393229952290538e-01
6.494140625000000000e-02   -6.596249387364739869e-01
6.518554687500000000e-02   -4.898970313996627302e-01
6.542968750000000000e-02   -1.337704284834319468e+00
6.567382812500000000e-02   -5.720908209380527465e-01
6.591796875000000000e-02   -2.480380403791432667e-02
6.616210937500000000e-02   5.728296348761239276e-01
6.640625000000000000e-02   -4.305675602437684657e-01
6.665039062500000000e-02   -8.331854253789643394e-01
6.689453125000000000e-02   -4.626182953103638584e-01
6.713867187500000000e-02   -1.687196598824139693e-01
6.738281250000000000e-02   -1.577077604866831129e+00
6.762695312500000000e-02   9.582909280415600195e-01
6.787109375000000000e-02   -9.563635780010643073e-01
6.811523437500000000e-02   1.452154082251021938e+00
6.835937500000000000e-02   9.522550610808172555e-01
6.860351562500000000e-02   -9.997390579083776929e-01
6.884765625000000000e-02   7.268282139438340950e-02
6.909179687500000000e-02   1.380857354404537440e-01
6.933593750000000000e-02   2.237192947856878333e-01
6.958007812500000000e-02   -8.165834614262126312e-01
6.982421875000000000e-02   -1.937005191820232453e+00
7.006835937500000000e-02   1.066963287290472406e+00
7.031250000000000000e-02   -1.858528531418238039e+00
7.055664062500000000e-02   7.019214714922704657e-01
7.080078125000000000e-02   -1.794987058389547530e+00
7.104492187500000000e-02   8.535192897942120438e-02
7.128906250000000000e-02   -1.059344190896852833e+00
7.153320312500000000e-02   1.033123215863550381e+00
7.177734375000000000e-02   -8.239003687277555166e-01
7.202148437500000000e-02   -1.765574619308796889e+00
7.226562500000000000e-02   -2.404627230754928124e+00
7.250976562500000000e-02   3.839344835118609356e-01
7.275390625000000000e-02   -5.981329745348963334e-01
7.299804687500000000e-02   5.701272938558831216e-01
7.324218750000000000e-02   -7.682546510949402885e-01
7.348632812500000000e-02   -1.913452038498276053e+00
7.373046875000000000e-02   -1.047569003640363094e+00
7.397460937500000000e-02   -1.874923644232136866e+00
7.421875000000000000e-02   2.453038913042283053e-01
7.446289062500000000e-02   8.221225304021425595e-01
7.470703125000000000e-02   1.176758027346981761e+00
7.495117187500000000e-02   -6.417924546295334931e-01
7.519531250000000000e-02   2.766719041551370939e+00
7.543945312500000000e-02   4.505099011901951278e-01
7.568359375000000000e-02   5.641892515163775546e-01
7.592773437500000000e-02   1.286691321973134849e+00
7.617187500000000000e-02   -5.116249955197438304e-01
7.641601562500000000e-02   -3.645058117532293251e-01
7.666015625000000000e-02   1.571902853664841615e+00
7.690429687500000000e-02   -2.715534087384988138e-02
7.714843750000000000e-02   -1.246732508672840689e+00
7.739257812500000000e-02   -4.449251046023092737e-01
7.763671875000000000e-02   8.488326148342794086e-01
7.788085937500000000e-02   1.418368844098028880e+00
7.812500000000000000e-02   -3.582535672868504828e-01
7.836914062500000000e-02   -7.942613607496186168e-01
7.861328125000000000e-02   1.407475480011436964e-01
7.885742187500000000e-02   1.908602649256867512e+00
7.910156250000000000e-02   -2.090070781613258433e+00
7.934570312500000000e-02   5.173333982782392371e-02
7.958984375000000000e-02   -9.181636938438949569e-01
7.983398437500000000e-02   1.673493164233061270e+00
8.007812500000000000e-02   -6.246967040354877154e-01
8.032226562500000000e-02   -3.052003803351834299e-01
8.056640625000000000e-02   4.363251590680631287e-01
8.081054687500000000e-02   9.129809533941998234e-01
8.105468750000000000e-02   -9.143171011419843897e-01
8.129882812500000000e-02   -2.432578613602271733e-01
8.154296875000000000e-02   5.223988151345816400e-01
8.178710937500000000e-02   6.834924512997894164e-01
8.203125000000000000e-02   -6.082630415840670768e-01
8.227539062500000000e-02   1.175695833074698271e+00
8.251953125000000000e-02   4.803478887654830110e-02
8.276367187500000000e-02   5.457397592405364151e-01
8.300781250000000000e-02   1.520549450390041635e+00
8.325195312500000000e-02   -4.897071507701413751e-01
8.349609375000000000e-02   8.496442042052726462e-01
8.374023437500000000e-02   1.092831718919830220e+00
8.398437500000000000e-02   5.413957356942701304e-01
8.422851562500000000e-02   1.200399641097749937e-01
8.447265625000000000e-02   1.418971016223794512e+00
8.471679687500000000e-02   -4.602558575656644502e-01
8.496093750000000000e-02   1.168737058771979420e+00
8.520507812500000000e-02   -4.653105633932494434e-01
8.544921875000000000e-02   1.779768136829526393e+00
8.569335937500000000e-02   -1.158302711517438466e+00
8.593750000000000000e-02   1.554042740985944082e+00
8.618164062500000000e-02   8.449135716491629200e-01
8.642578125000000000e-02   2.605537728584805812e+00
8.666992187500000000e-02   1.462377241169218189e-01
8.691406250000000000e-02   1.513410832526396708e-02
8.715820312500000000e-02   1.340727878367823145e+00
8.740234375000000000e-02   1.827388676634917442e+00
8.764648437500000000e-02   9.693042853004132375e-01
8.789062500000000000e-02   1.682673664087625198e+00
8.813476562500000000e-02   -9.096719146402809653e-01
8.837890625000000000e-02   -1.201741453861023823e+00
8.862304687500000000e-02   1.698026379913977646e+00
8.886718750000000000e-02   5.055989924046998540e-01
8.911132812500000000e-02   7.611411443655070608e-01
8.935546875000000000e-02   -6.158705837366672264e-02
8.959960937500000000e-02   -9.123771138949984261e-01
8.984375000000000000e-02   -3.776840448185515009e-01
9.008789062500000000e-02   1.364758538668265631e-01
9.033203125000000000e-02   -2.107522913333308434e+00
9.057617187500000000e-02   -5.617318470130503449e-01
9.082031250000000000e-02   1.440929095610057775e+00
9.106445312500000000e-02   -1.936895564425680782e-01
9.130859375000000000e-02   5.533890833958484690e-01
9.155273437500000000e-02   -2.112039809676019786e+00
9.179687500000000000e-02   7.914494371506858306e-01
9.204101562500000000e-02   9.930085714137449893e-01
9.228515625000000000e-02   -5.502662948737692128e-01
9.252929687500000000e-02   1.576301508783718885e+00
9.277343750000000000e-02   1.059308966097778582e+00
9.301757812500000000e-02   3.640790148115761737e-01
9.326171875000000000e-02   -6.109288253044179440e-01
9.350585937500000000e-02   5.051928314794449371e-01
9.375000000000000000e-02   -1.130484079982712053e+00
9.399414062500000000e-02   1.020478311301130869e+00
9.423828125000000000e-02   -4.926033326609419172e-01
9.448242187500000000e-02   -3.353488565126653415e-02
9.472656250000000000e-02   -9.836721678181225004e-01
9.497070312500000000e-02   -5.522946967485999892e-01
9.521484375000000000e-02   -5.601193706241740511e-01
9.545898437500000000e-02   3.410497857709584579e-01
9.570312500000000000e-02   -6.614718318674986941e-01
9.594726562500000000e-02   6.891091096532762084e-01
9.619140625000000000e-02   -9.928781633241752502e-02
9.643554687500000000e-02   -1.430234835442033559e+00
9.667968750000000000e-02   -1.250698967803932415e+00
9.692382812500000000e-02   -9.115034030378958985e-01
9.716796875000000000e-02   -8.697958915932361146e-01
9.741210937500000000e-02   -1.512372868393081049e+00
9.765625000000000000e-02   1.550278962980084163e+00
9.790039062500000000e-02   -4.109998894342809517e-01
9.814453125000000000e-02   -1.219656105900817966e+00
9.838867187500000000e-02   -5.939623709904270354e-01
9.863281250000000000e-02   -1.126927475804111012e+00
9.887695312500000000e-02   5.860879949282349344e-01
9.912109375000000000e-02   -1.005967687212090622e+00
9.936523437500000000e-02   1.076379146443588342e+00
9.960937500000000000e-02   -6.371474245222189525e-01
9.985351562500000000e-02   -4.685922650304316650e-02
1.000976562500000000e-01   -6.941707715334504147e-01
1.003417968750000000e-01   5.099713604880573570e-01
1.005859375000000000e-01   -1.890229018104719882e+00
1.008300781250000000e-01   -7.246125117955793948e-01
1.010742187500000000e-01   -2.481299323511857224e+00
1.013183593750000000e-01   -1.509468745063639261e+00
1.015625000000000000e-01   -1.913641492115673304e-01
1.018066406250000000e-01   -1.228354986036053198e+00
1.020507812500000000e-01   -5.441674680440528045e-01
1.022949218750000000e-01   -7.678596221180888914e-01
1.025390625000000000e-01   -5.714985366105266307e-01
1.027832031250000000e-01   -8.687451889278516859e-01
1.030273437500000000e-01   -2.495235446795099676e+00
1.032714843750000000e-01   -1.504117696530476556e+00
1.035156250000000000e-01   1.241568211735537108e+00
1.037597656250000000e-01   -7.282649379280637936e-01
1.040039062500000000e-01   -1.990193415379965414e+00
1.042480468750000000e-01   -7.613338245779505131e-01
1.044921875000000000e-01   5.507202710547197677e-01
1.047363281250000000e-01   1.128627475314037731e+00
1.049804687500000000e-01   -1.674925287943832275e-01
1.052246093750000000e-01   -5.535848930155135017e-01
1.054687500000000000e-01   1.824379399479521657e+00
1.057128906250000000e-01   -8.393427800233986824e-01
1.059570312500000000e-01   2.909022445296954307e-01
1.062011718750000000e-01   4.259928810278198336e-02
1.064453125000000000e-01   2.585923256240443141e-02
1.066894531250000000e-01   9.070074234627593102e-01
1.069335937500000000e-01   3.622950776276542828e-01
1.071777343750000000e-01   -1.298992289268821043e+00
1.074218750000000000e-01   -1.013154214351729809e+00
1.076660156250000000e-01   -9.864436235418463372e-01
1.079101562500000000e-01   -9.968267896936919836e-01
1.081542968750000000e-01   -7.488501751013101337e-01
1.083984375000000000e-01   7.437683718241000497e-01
1.086425781250000000e-01   -1.691852262932865350e-02
1.088867187500000000e-01   7.642688548109892732e-01
1.091308593750000000e-01   -1.080692758081354343e+00
1.093750000000000000e-01   6.989780888879758569e-01
1.096191406250000000e-01   -8.121047202241709062e-01
1.098632812500000000e-01   5.114095344607465510e-01
1.101074218750000000e-01   2.466031004164034979e+00
1.103515625000000000e-01   5.729717475071364197e-01
1.105957031250000000e-01   2.028043920687468415e-01
1.108398437500000000e-01   1.317170987149612449e+00
1.110839843750000000e-01   2.214919368889865847e+00
1.113281250000000000e-01   -1.800461359757312918e+00
1.115722656250000000e-01   1.027062724085259643e-01
1.118164062500000000e-01   5.616471973998881095e-01
1.120605468750000000e-01   1.722451634529628128e+00
1.123046875000000000e-01   -3.881414477281527886e-01
1.125488281250000000e-01   8.350770431202261257e-01
1.127929687500000000e-01   3.864217310516784298e-01
1.130371093750000000e-01   9.978297092979528937e-01
1.132812500000000000e-01   -7.789315659191895502e-01
1.135253906250000000e-01   1.634158992814366274e-01
1.137695312500000000e-01   5.229578684679524470e-01
1.140136718750000000e-01   1.297168483826494079e+00
1.142578125000000000e-01   2.313003082499063723e+00
1.145019531250000000e-01   -3.120039522811143273e-01
1.147460937500000000e-01   7.606094221437633696e-01
1.149902343750000000e-01   -2.267791427174253860e-01
1.152343750000000000e-01   -2.636888374345162656e-01
1.154785156250000000e-01   1.400955192746671685e+00
1.157226562500000000e-01   2.340276722060747439e+00
1.159667968750000000e-01   7.993649440941758000e-01
1.162109375000000000e-01   1.866541864541374940e+00
1.164550781250000000e-01   1.461393926547741029e-01
1.166992187500000000e-01   5.900595627429955359e-01
1.169433593750000000e-01   3.880923397437764932e-01
1.171875000000000000e-01   2.983642956861528583e-01
1.174316406250000000e-01   2.679594186755179130e+00
1.176757812500000000e-01   -1.660406081998918815e+00
1.179199218750000000e-01   1.542602592120508875e+00
1.181640625000000000e-01   1.285835243271963080e+00
1.184082031250000000e-01   7.068834027319736979e-01
1.186523437500000000e-01   7.180453830912616464e-01
1.188964843750000000e-01   1.579303065806618944e+00
1.191406250000000000e-01   3.926067563495058144e-01
1.193847656250000000e-01   1.063551907148597930e+00
1.196289062500000000e-01   7.842980477781352766e-02
1.198730468750000000e-01   8.852446301394569783e-01
1.201171875000000000e-01   1.153015880205952248e+00
1.203613281250000000e-01   1.095350388707955869e+00
1.206054687500000000e-01   -1.355773094343307950e+00
1.208496093750000000e-01   -6.627093526329507212e-01
1.210937500000000000e-01   7.968121467247928358e-01
1.213378906250000000e-01   1.272230272163194620e+00
1.215820312500000000e-01   -1.667933151344550780e+00
1.218261718750000000e-01   5.767857728086683844e-01
1.220703125000000000e-01   -3.487958061233671359e-01
1.223144531250000000e-01   2.280659742723484540e-01
1.225585937500000000e-01   -6.958104034949093297e-02
1.228027343750000000e-01   -5.662640376747113402e-01
1.230468750000000000e-01   -5.535798677948050583e-01
1.232910156250000000e-01   -8.280577791049897884e-01
1.235351562500000000e-01   -9.025813944432392599e-01
1.237792968750000000e-01   -1.401862351041504695e+00
1.240234375000000000e-01   -3.359414538076817447e+00
1.242675781250000000e-01   6.797675421504248972e-01
1.245117187500000000e-01   4.006235077892194574e-01
1.247558593750000000e-01   -4.518397254894160331e-01
1.250000000000000000e-01   -1.449211744596762719e+00
1.252441406250000000e-01   -1.165033316289892484e+00
1.254882812500000000e-01   4.202414924781928268e-02
1.257324218750000000e-01   -1.168639432754039253e+00
1.259765625000000000e-01   9.749584775535056203e-01
1.262207031250000000e-01   -1.251993991192308364e+00
1.264648437500000000e-01   2.531532868533872827e-01
1.267089843750000000e-01   -4.378109399714137928e-01
1.269531250000000000e-01   -4.163375027486367341e-01
1.271972656250000000e-01   -2.033489949363504579e+00
1.274414062500000000e-01   1.424778481438637279e+00
1.276855468750000000e-01   1.789270080796279805e+00
1.279296875000000000e-01   -1.430533244203460397e+00
1.281738281250000000e-01   1.079488458023069919e+00
1.284179687500000000e-01   -2.744575167901615931e+00
1.286621093750000000e-01   -4.999647364450748865e-01
1.289062500000000000e-01   3.221507140527176682e-01
1.291503906250000000e-01   8.629353967013975168e-01
1.293945312500000000e-01   -1.195398852708418280e+00
1.296386718750000000e-01   -8.362768838843968044e-01
1.298828125000000000e-01   1.305435515740408781e-01
1.301269531250000000e-01   6.557295550526021088e-01
1.303710937500000000e-01   -8.444970745366484621e-01
1.306152343750000000e-01   -2.451828713127559289e-01
1.308593750000000000e-01   -6.696725800725894517e-01
1.311035156250000000e-01   6.563365809075841217e-02
1.313476562500000000e-01   -8.867650700010024645e-01
1.315917968750000000e-01   -1.070832355721434315e+00
1.318359375000000000e-01   1.906961132286421945e+00
1.320800781250000000e-01   -3.145996659661320360e-01
1.323242187500000000e-01   -2.334652667140487969e-01
1.325683593750000000e-01   -8.387975037255079869e-03
1.328125000000000000e-01   -1.019426469989113793e+00
1.330566406250000000e-01   -4.605867245948805366e-01
1.333007812500000000e-01   -2.110851677125214820e+00
1.335449218750000000e-01   -1.192728843596994048e+00
1.337890625000000000e-01   -4.320636007191172578e-01
1.340332031250000000e-01   -1.284390354141029977e+00
1.342773437500000000e-01   1.744469432108732287e-01
1.345214843750000000e-01   1.465997757005750746e+00
1.347656250000000000e-01   -8.559137391422447783e-01
1.350097656250000000e-01   -1.315100067874058087e+00
1.352539062500000000e-01   -8.294490258551282524e-01
1.354980468750000000e-01   -1.174119474842072242e+00
1.357421875000000000e-01   -1.781888820674244478e-01
1.359863281250000000e-01   7.348421745527906612e-01
1.362304687500000000e-01   1.180843034637730549e+00
1.364746093750000000e-01   -4.857092441538487376e-02
1.367187500000000000e-01   -8.392170966943806043e-01
1.369628906250000000e-01   4.936247121586186393e-01
1.372070312500000000e-01   7.315150332291217028e-01
1.374511718750000000e-01   -7.863067552674348759e-01
1.376953125000000000e-01   3.196821652162224470e-01
1.379394531250000000e-01   -1.560152192587782150e+00
1.381835937500000000e-01   5.656911445410279793e-01
1.384277343750000000e-01   5.256021063799540816e-01
1.386718750000000000e-01   -1.835757026232003541e+00
1.389160156250000000e-01   -1.175613016221072060e+00
1.391601562500000000e-01   2.338708788541008055e+00
1.394042968750000000e-01   -3.939417689573963127e-02
1.396484375000000000e-01   1.141231660338992038e+00
1.398925781250000000e-01   4.405536364866502290e-03
1.401367187500000000e-01   6.818066173822210363e-01
1.403808593750000000e-01   4.843574677794131866e-01
1.406250000000000000e-01   -2.547948664388189899e-01
1.408691406250000000e-01   6.076746696504801287e-02
1.411132812500000000e-01   -2.428632811117539814e-01
1.413574218750000000e-01   1.914699178945855840e+00
1.416015625000000000e-01   9.634003155235995042e-01
1.418457031250000000e-01   9.491329113727730027e-01
1.420898437500000000e-01   5.275983903406957776e-01
1.423339843750000000e-01   -9.346433503184001790e-01
1.425781250000000000e-01   -4.812102915369391165e-01
1.428222656250000000e-01   -1.070690297582280959e+00
1.430664062500000000e-01   1.513292183888318154e-01
1.433105468750000000e-01   3.119261080146347731e-01
1.435546875000000000e-01   1.187584433574675025e+00
1.437988281250000000e-01   -4.348741695617216463e-01
1.440429687500000000e-01   7.343896044829557601e-01
1.442871093750000000e-01   5.513266918595940425e-01
1.445312500000000000e-01   -3.273043263796492908e-01
1.447753906250000000e-01   7.405871951472738079e-02
1.450195312500000000e-01   2.775117515061807372e-01
1.452636718750000000e-01   1.721744056108758913e+00
1.455078125000000000e-01   1.102781771991371507e+00
1.457519531250000000e-01   1.852320399731072209e+00
1.459960937500000000e-01   6.680500789284913310e-01
1.462402343750000000e-01   9.903584929265413228e-01
1.464843750000000000e-01   1.733233634992094707e+00
1.467285156250000000e-01   1.979820380430352023e+00
1.469726562500000000e-01   1.490535520748724529e+00
1.472167968750000000e-01   -1.509788897272139607e+00
1.474609375000000000e-01   1.107269099227770059e+00
1.477050781250000000e-01   -1.127094635002100359e-01
1.479492187500000000e-01   -7.405610673303968106e-02
1.481933593750000000e-01   -4.439530755316401511e-01
1.484375000000000000e-01   8.769502563579402443e-02
1.486816406250000000e-01   -1.613115086903621265e+00
1.489257812500000000e-01   -3.917285833378017501e-01
1.491699218750000000e-01   8.123460522288371566e-01
1.494140625000000000e-01   -1.712440546118439710e-01
1.496582031250000000e-01   6.710416138632424587e-01
1.499023437500000000e-01   2.880323669382713891e-01
1.501464843750000000e-01   1.409581803746616790e+00
1.503906250000000000e-01   -5.152243242867378115e-01
1.506347656250000000e-01   5.533866714815612875e-01
1.508789062500000000e-01   8.734316660346828076e-01
1.511230468750000000e-01   -6.565325766856462408e-01
1.513671875000000000e-01   4.202229045999686941e-01
1.516113281250000000e-01   7.631259654959060557e-01
1.518554687500000000e-01   3.345337505111602439e-01
1.520996093750000000e-01   -5.104296788309879984e-01
1.523437500000000000e-01   -8.587474063315531092e-01
1.525878906250000000e-01   6.255298314755539657e-01
1.528320312500000000e-01   3.097752093817615626e-01
1.530761718750000000e-01   1.483977150253813770e-01
1.533203125000000000e-01   3.774464179329953956e-02
1.535644531250000000e-01   5.290082821943972030e-02
1.538085937500000000e-01   -4.854515128281207681e-01
1.540527343750000000e-01   2.301454766060661850e-01
1.542968750000000000e-01   -9.104962614508455010e-01
1.545410156250000000e-01   -1.470975769346619000e+00
1.547851562500000000e-01   -4.535275060535869929e-01
1.550292968750000000e-01   -1.715662963032733579e+00
1.552734375000000000e-01   -1.281446039188622432e+00
1.555175781250000000e-01   -2.345910915220583426e-01
1.557617187500000000e-01   -1.877045988576149460e+00
1.560058593750000000e-01   6.043040697517396698e-01
1.562500000000000000e-01   8.408576805877970850e-01
1.564941406250000000e-01   1.184645667920049689e-01
1.567382812500000000e-01   -2.172589090448300286e+00
1.569824218750000000e-01   -1.406701768819319076e+00
1.572265625000000000e-01   1.165992652088811976e-01
1.574707031250000000e-01   2.939039334546352245e-01
1.577148437500000000e-01   9.394954428400149604e-01
1.579589843750000000e-01   -4.190778695989129665e-01
1.582031250000000000e-01   -3.020612833917465156e+00
1.584472656250000000e-01   -1.046682910106850661e+00
1.586914062500000000e-01   -1.208877497526380074e+00
1.589355468750000000e-01   7.052066422477826224e-01
1.591796875000000000e-01   -9.191062445249086332e-01
1.594238281250000000e-01   -1.421790552759523374e+00
1.596679687500000000e-01   -2.544367124076048370e+00
1.599121093750000000e-01   -1.714222799512327589e+00
1.601562500000000000e-01   2.023770637742573264e+00
1.604003906250000000e-01   -1.443025918638348282e+00
1.606445312500000000e-01   9.921070654683586398e-02
1.608886718750000000e-01   -1.748008932637461488e-01
1.611328125000000000e-01   -2.434444171914944277e-01
1.613769531250000000e-01   -1.022128318990818130e+00
1.616210937500000000e-01   1.221301046881624885e-01
1.618652343750000000e-01   -8.282068054451384720e-01
1.621093750000000000e-01   9.651361077738990213e-01
1.623535156250000000e-01   -6.673145453912312508e-01
1.625976562500000000e-01   -1.713981315391126525e-01
1.628417968750000000e-01   -3.781398470971913395e-01
1.630859375000000000e-01   4.577262740275018782e-01
1.633300781250000000e-01   5.865951765600513346e-01
1.635742187500000000e-01   -3.416257327788367881e-01
1.638183593750000000e-01   -1.652461862361964906e+00
1.640625000000000000e-01   1.198572567948019696e+00
1.643066406250000000e-01   1.801392526507722414e-01
1.645507812500000000e-01   8.319641460972762026e-01
1.647949218750000000e-01   7.456366175810672514e-01
1.650390625000000000e-01   1.544116432887146173e+00
1.652832031250000000e-01   7.468384258334189729e-01
1.655273437500000000e-01   -3.293261858011188314e-01
1.657714843750000000e-01   -1.223718332681417165e-01
1.660156250000000000e-01   7.040866357368639195e-01
1.662597656250000000e-01   4.882511111117653901e-01
1.665039062500000000e-01   -9.273322070190933575e-01
1.667480468750000000e-01   5.844331872241248504e-02
1.669921875000000000e-01   -7.784927776649052111e-01
1.672363281250000000e-01   1.393928735079156267e+00
1.674804687500000000e-01   4.193875757408856847e-02
1.677246093750000000e-01   -1.139192837705852002e+00
1.679687500000000000e-01   2.340609721612608496e+00
1.682128906250000000e-01   -7.664011383219521134e-01
1.684570312500000000e-01   6.339566700908536578e-01
1.687011718750000000e-01   2.311631396358651447e+00
1.689453125000000000e-01   2.394705930452152298e-01
1.691894531250000000e-01   1.158876284840367088e+00
1.694335937500000000e-01   5.360168313461315115e-02
1.696777343750000000e-01   1.347066581433664922e-01
1.699218750000000000e-01   1.129083355073511763e+00
1.701660156250000000e-01   -6.711931911677041507e-01
1.704101562500000000e-01   7.524598217228671837e-01
1.706542968750000000e-01   -2.607441578387554859e-01
1.708984375000000000e-01   -5.236898744194351529e-01
1.711425781250000000e-01   1.493327302829929426e+00
1.713867187500000000e-01   2.227225724346846736e+00
1.716308593750000000e-01   1.666350523886956481e+00
1.718750000000000000e-01   9.121524062294136259e-01
1.721191406250000000e-01   1.010141695410470719e+00
1.723632812500000000e-01   1.762515390657344527e+00
1.726074218750000000e-01   9.103714196149477189e-01
1.728515625000000000e-01   1.069108637292320196e+00
1.730957031250000000e-01   -1.087753709131106028e+00
1.733398437500000000e-01   2.296293645851761767e+00
1.735839843750000000e-01   2.160211917389995406e+00
1.738281250000000000e-01   -3.288193630115727184e-01
1.740722656250000000e-01   2.260876483971018924e+00
1.743164062500000000e-01   9.307257402854914041e-02
1.745605468750000000e-01   -1.270590800115919849e+00
1.748046875000000000e-01   1.541842271588284193e-02
1.750488281250000000e-01   1.086596725048418977e+00
1.752929687500000000e-01   -6.303674103198236844e-01
1.755371093750000000e-01   -5.182280812842384732e-01
1.757812500000000000e-01   2.781489180845850284e-01
1.760253906250000000e-01   -4.446963915428020497e-01
1.762695312500000000e-01   4.746211724732790072e-01
1.765136718750000000e-01   1.497287876624734393e+00
1.767578125000000000e-01   2.550133441591468930e-01
1.770019531250000000e-01   1.584684455863839547e+00
1.772460937500000000e-01   -2.660718584735243253e-01
1.774902343750000000e-01   1.784725013916913516e+00
1.777343750000000000e-01   -1.196681971543168910e+00
1.779785156250000000e-01   -3.656568425444051695e-01
1.782226562500000000e-01   -1.371462708407833686e+00
1.784667968750000000e-01   -1.651071069503158573e-01
1.787109375000000000e-01   -6.134690055263498643e-01
1.789550781250000000e-01   9.082024447891782204e-01
1.791992187500000000e-01   6.878971883895056427e-01
1.794433593750000000e-01   2.414546503724791515e-01
1.796875000000000000e-01   1.562851643057552586e-01
1.799316406250000000e-01   -2.162846070726086811e+00
1.801757812500000000e-01   -9.580790306590915018e-01
1.804199218750000000e-01   -9.429797569287513559e-01
1.806640625000000000e-01   5.931485814228093512e-01
1.809082031250000000e-01   -1.664103671515008598e+00
1.811523437500000000e-01   -1.272259756689583243e+00
1.813964843750000000e-01   -1.500049135986474713e+00
1.816406250000000000e-01   -1.080999761116640423e+00
1.818847656250000000e-01   -3.791433634760870142e-01
1.821289062500000000e-01   -3.443620069507696280e-01
1.823730468750000000e-01   -5.599932127105346907e-02
1.826171875000000000e-01   -7.026603023162372175e-01
1.828613281250000000e-01   2.534366504022598221e-01
1.831054687500000000e-01   -9.804845175205209040e-01
1.833496093750000000e-01   -1.319404741770794809e+00
1.835937500000000000e-01   -2.002597846086037858e+00
1.838378906250000000e-01   9.577795534693198110e-02
1.840820312500000000e-01   -5.858343365311440287e-01
1.843261718750000000e-01   -1.666656699897913096e+00
1.845703125000000000e-01   -5.607860172694009160e-01
1.848144531250000000e-01   -1.796622064684504583e+00
1.850585937500000000e-01   -1.507279932647105913e-01
1.853027343750000000e-01   -1.585151484792213461e+00
1.855468750000000000e-01   -1.171686083489407615e+00
1.857910156250000000e-01   -1.697361193132212565e+00
1.860351562500000000e-01   -6.442125924340227350e-01
1.862792968750000000e-01   2.897702634193149995e-01
1.865234375000000000e-01   -1.345203715612728557e+00
1.867675781250000000e-01   -3.828110041564267707e-01
1.870117187500000000e-01   -2.004649978719196923e+00
1.872558593750000000e-01   -2.304694943391349060e+00
1.875000000000000000e-01   -3.426365614507174140e+00
1.877441406250000000e-01   -1.304081112589380975e+00
1.879882812500000000e-01   -1.370213620990550218e+00
1.882324218750000000e-01   8.548482900523033390e-01
1.884765625000000000e-01   -6.266239855112704094e-01
1.887207031250000000e-01   -1.058981658966125505e-01
1.889648437500000000e-01   -8.099365513133596206e-01
1.892089843750000000e-01   -4.764971098781448089e-01
1.894531250000000000e-01   -3.887669955056785587e-01
1.896972656250000000e-01   2.188813103650622871e+00
1.899414062500000000e-01   -3.041131297861079941e-01
1.901855468750000000e-01   1.279054775834544688e-01
1.904296875000000000e-01   2.866146241460971189e-01
1.906738281250000000e-01   5.744683272733045465e-01
1.909179687500000000e-01   -2.896576875960669983e-02
1.911621093750000000e-01   -1.417567850228397042e+00
1.914062500000000000e-01   2.173226101516966546e-01
1.916503906250000000e-01   7.113545290421213751e-01
1.918945312500000000e-01   2.976793111560602778e+00
1.921386718750000000e-01   1.806641321550648938e+00
1.923828125000000000e-01   -1.220196274111022605e+00
1.926269531250000000e-01   3.500309227713259141e-01
1.928710937500000000e-01   -4.252746755745123730e-01
1.931152343750000000e-01   -1.219165492374779891e+00
1.933593750000000000e-01   1.143785661309838358e-01
1.936035156250000000e-01   6.181066539518836889e-01
1.938476562500000000e-01   4.705820458899607206e-01
1.940917968750000000e-01   1.567381089352627432e+00
1.943359375000000000e-01   -4.183009096835692275e-02
1.945800781250000000e-01   2.468750533674292313e+00
1.948242187500000000e-01   2.661152743664818576e+00
1.950683593750000000e-01   1.012718201263945739e+00
1.953125000000000000e-01   1.804417483774468423e+00
1.955566406250000000e-01   2.055288230619493894e-01
1.958007812500000000e-01   9.359347809802605056e-01
1.960449218750000000e-01   -5.991115988197766029e-01
1.962890625000000000e-01   2.415965778294676625e+00
1.965332031250000000e-01   1.190921045860634964e+00
1.967773437500000000e-01   5.794077045184157226e-01
1.970214843750000000e-01   9.493443946499992014e-01
1.972656250000000000e-01   -6.024816926159504149e-01
1.975097656250000000e-01   1.527544267968629077e+00
1.977539062500000000e-01   6.209737168785407491e-01
1.979980468750000000e-01   2.126184588170291878e+00
1.982421875000000000e-01   1.751279239217658823e+00
1.984863281250000000e-01   1.674824816177559850e+00
1.987304687500000000e-01   6.745222498558374191e-01
1.989746093750000000e-01   1.350001638481785227e+00
1.992187500000000000e-01   1.152662361455023765e+00
1.994628906250000000e-01   2.367512194481299070e-01
1.997070312500000000e-01   7.642652444226006869e-01
1.999511718750000000e-01   7.078063680709452132e-01
2.001953125000000000e-01   7.717584931679457583e-01
2.004394531250000000e-01   2.334393379896288478e-01
2.006835937500000000e-01   -3.656916160142060779e-01
2.009277343750000000e-01   8.695089309421429880e-01
2.011718750000000000e-01   1.181048493896676987e+00
2.014160156250000000e-01   1.458651004262330853e+00
2.016601562500000000e-01   -1.185126523820931310e-01
2.019042968750000000e-01   1.064984331615890012e+00
2.021484375000000000e-01   8.767475995117468557e-01
2.023925781250000000e-01   -7.550813285632095306e-01
2.026367187500000000e-01   4.873164728480235963e-01
2.028808593750000000e-01   -1.048102538913068704e+00
2.031250000000000000e-01   1.210393155103044904e+00
2.033691406250000000e-01   -7.689430751358623528e-01
2.036132812500000000e-01   -1.573303891694358470e+00
2.038574218750000000e-01   -7.249552011890131320e-01
2.041015625000000000e-01   9.488282562435064460e-02
2.043457031250000000e-01   -1.090868196961483294e+00
2.045898437500000000e-01   -8.565198280465617930e-01
2.048339843750000000e-01   -1.668210089814411212e+00
2.050781250000000000e-01   -9.179155698835414490e-02
2.053222656250000000e-01   -1.058142320183832030e+00
2.055664062500000000e-01   -1.218166913356584447e+00
2.058105468750000000e-01   -1.104140697647668506e-01
2.060546875000000000e-01   -6.761126975991090804e-01
2.062988281250000000e-01   -1.703632438526824222e+00
2.065429687500000000e-01   -1.479773096869424709e+00
2.067871093750000000e-01   -3.393486879529977962e+00
2.070312500000000000e-01   -2.258006884218442534e-01
2.072753906250000000e-01   -2.625460825086072258e+00
2.075195312500000000e-01   -6.814507872263191324e-01
2.077636718750000000e-01   -1.222126911298276886e+00
2.080078125000000000e-01   -7.669276063825042344e-01
2.082519531250000000e-01   -3.424797921036933923e-01
2.084960937500000000e-01   -2.567884713386281437e+00
2.087402343750000000e-01   -8.813282312320858125e-01
2.089843750000000000e-01   -1.040365711483470568e+00
2.092285156250000000e-01   1.389463223654495483e+00
2.094726562500000000e-01   -2.059403154372912326e+00
2.097167968750000000e-01   -6.732851146892107064e-01
2.099609375000000000e-01   -2.790558600384735133e+00
2.102050781250000000e-01   1.369416229747214997e+00
2.104492187500000000e-01   -1.370619963940911346e+00
2.106933593750000000e-01   -1.405883713826459269e+00
2.109375000000000000e-01   9.726486226839915483e-01
2.111816406250000000e-01   -3.999117218576706545e-01
2.114257812500000000e-01   -9.984786160820836587e-01
2.116699218750000000e-01   8.388303117033819589e-01
2.119140625000000000e-01   7.364075393721970508e-01
2.121582031250000000e-01   6.334582558538008890e-01
2.124023437500000000e-01   -7.571505065566183079e-01
2.126464843750000000e-01   1.835379065965916379e+00
2.128906250000000000e-01   2.705122848082621267e+00
2.131347656250000000e-01   8.911429035863810411e-01
2.133789062500000000e-01   8.635660781457839275e-03
2.136230468750000000e-01   9.730240941094578933e-01
2.138671875000000000e-01   1.070079923725239412e+00
2.141113281250000000e-01   6.319043348958442996e-01
2.143554687500000000e-01   1.820376348586150606e+00
2.145996093750000000e-01   2.168655988235086429e+00
2.148437500000000000e-01   2.143179664490403979e+00
2.150878906250000000e-01   1.215473691859555228e+00
2.153320312500000000e-01   3.087850632062261624e+00
2.155761718750000000e-01   3.083511538067360114e+00
2.158203125000000000e-01   3.844063263934321295e+00
2.160644531250000000e-01   1.133491350727103136e-01
2.163085937500000000e-01   3.536333169528437459e+00
2.165527343750000000e-01   7.686672946581377674e-01
2.167968750000000000e-01   1.580068235133226917e+00
2.170410156250000000e-01   1.343990661281935672e+00
2.172851562500000000e-01   2.544022209923192168e+00
2.175292968750000000e-01   3.388828002418902141e+00
2.177734375000000000e-01   8.542279793913692965e-02
2.180175781250000000e-01   1.293668559876881341e+00
2.182617187500000000e-01   -1.355231126280771248e+00
2.185058593750000000e-01   7.996312592729720725e-01
2.187500000000000000e-01   8.967204076509381182e-04
2.189941406250000000e-01   -1.959841159055405013e+00
2.192382812500000000e-01   -2.806644267068438836e+00
2.194824218750000000e-01   -3.828380649182451467e+00
2.197265625000000000e-01   -3.638617092315548085e+00
2.199707031250000000e-01   -3.738586941744690417e+00
2.202148437500000000e-01   -5.923531826639279352e+00
2.204589843750000000e-01   -4.493361006635463006e+00
2.207031250000000000e-01   -4.568841579311393453e+00
2.209472656250000000e-01   -5.687187494759459838e+00
2.211914062500000000e-01   -6.629529264544248512e+00
2.214355468750000000e-01   -5.417204032809504355e+00
2.216796875000000000e-01   -2.620300833019995945e+00
2.219238281250000000e-01   -2.310525473983006339e+00
2.221679687500000000e-01   5.359668762424761590e-02
2.224121093750000000e-01   1.627046660147779322e+00
2.226562500000000000e-01   4.263880123660401367e+00
2.229003906250000000e-01   5.757332243113369330e+00
2.231445312500000000e-01   9.556398005155610775e+00
2.233886718750000000e-01   8.199721722813006153e+00
2.236328125000000000e-01   8.706498728170760870e+00
2.238769531250000000e-01   6.241546348798079791e+00
2.241210937500000000e-01   1.492751716096172299e+00
2.243652343750000000e-01   -4.792528544692586934e-01
2.246093750000000000e-01   -4.242876841629164453e+00
2.248535156250000000e-01   -5.860138176270652366e+00
2.250976562500000000e-01   -7.883087332563442295e+00
2.253417968750000000e-01   -7.249487265885838916e+00
2.255859375000000000e-01   -6.042965442701270895e+00
2.258300781250000000e-01   -4.830511996782041351e+00
2.260742187500000000e-01   -7.002861229668595477e-01
2.263183593750000000e-01   -1.098805480920987260e-01
2.265625000000000000e-01   2.826786543918799577e+00
2.268066406250000000e-01   5.559387850540105092e+00
2.270507812500000000e-01   4.347833117589509300e+00
2.272949218750000000e-01   4.684496665768497436e+00
2.275390625000000000e-01   4.417129784225970468e+00
2.277832031250000000e-01   -4.405517058796628027e-01
2.280273437500000000e-01   7.161880679230693270e-01
2.282714843750000000e-01   -3.091574911384654123e-01
2.285156250000000000e-01   -4.214783946809448900e-01
2.287597656250000000e-01   -2.438062736752656612e+00
2.290039062500000000e-01   -5.399616828634521859e+00
2.292480468750000000e-01   -2.617903290280259032e+00
2.294921875000000000e-01   -8.800776918599947374e-01
2.297363281250000000e-01   -1.320562511422308738e+00
2.299804687500000000e-01   5.264667655070800478e-01
2.302246093750000000e-01   1.048167280682345659e+00
2.304687500000000000e-01   3.500328960540895373e+00
2.307128906250000000e-01   4.741457635207902754e+00
2.309570312500000000e-01   5.352773370136494790e+00
2.312011718750000000e-01   3.235342209669773705e+00
2.314453125000000000e-01   1.528766841042108249e+00
2.316894531250000000e-01   -1.036127111484144436e-01
2.319335937500000000e-01   3.426388543651441854e-01
2.321777343750000000e-01   -2.649781702972552999e+00
2.324218750000000000e-01   -3.811888919891041727e+00
2.326660156250000000e-01   -3.875954600707168130e+00
2.329101562500000000e-01   -3.361637242783744650e+00
2.331542968750000000e-01   -4.115188433853020911e+00
2.333984375000000000e-01   -1.968633263953639689e+00
2.336425781250000000e-01   -1.080900137052144716e+00
2.338867187500000000e-01   1.035203202802405104e-01
2.341308593750000000e-01   2.458590803099395927e+00
2.343750000000000000e-01   2.833963190729412940e+00
2.346191406250000000e-01   2.374013702296939865e+00
2.348632812500000000e-01   4.393419529308536298e+00
2.351074218750000000e-01   2.894256015386937442e+00
2.353515625000000000e-01   1.578593332975344987e+00
2.355957031250000000e-01   1.243995503643569922e+00
2.358398437500000000e-01   -8.407027602585586123e-01
2.360839843750000000e-01   -3.153544029181431174e+00
2.363281250000000000e-01   -2.170865772329388488e+00
2.365722656250000000e-01   -2.997206807181096444e+00
2.368164062500000000e-01   -3.218109119017168229e+00
2.370605468750000000e-01   -3.822713479613826237e+00
2.373046875000000000e-01   -2.622550111517121696e+00
2.375488281250000000e-01   -3.647563131767799782e-01
2.377929687500000000e-01   1.685895257001363223e+00
2.380371093750000000e-01   2.399369619348624472e+00
2.382812500000000000e-01   1.358921350617512847e+00
2.385253906250000000e-01   1.725854969277591966e+00
2.387695312500000000e-01   4.990010593305085784e+00
2.390136718750000000e-01   2.023476633343354258e+00
2.392578125000000000e-01   7.708094069242151791e-01
2.395019531250000000e-01   5.371598304453952810e-01
2.397460937500000000e-01   1.995570738963655388e-01
2.399902343750000000e-01   -2.714693945265522323e+00
2.402343750000000000e-01   -1.420933340301276493e+00
2.404785156250000000e-01   -3.054492688001332112e+00
2.407226562500000000e-01   -1.416441567865521556e+00
2.409667968750000000e-01   -1.595050322001769771e+00
2.412109375000000000e-01   -1.189132859313484891e+00
2.414550781250000000e-01   4.458117392568267112e-01
2.416992187500000000e-01   1.518661297276031608e+00
2.419433593750000000e-01   8.719084337113368610e-01
2.421875000000000000e-01   2.911286903576898233e+00
2.424316406250000000e-01   1.996486523088671250e+00
2.426757812500000000e-01   8.786032016158664693e-01
2.429199218750000000e-01   2.249749984799477520e+00
2.431640625000000000e-01   1.155492912392867444e+00
2.434082031250000000e-01   -5.560476117132804319e-01
2.436523437500000000e-01   -1.287125207324623988e+00
2.438964843750000000e-01   -1.100928332167436796e+00
2.441406250000000000e-01   -1.594682009231924935e+00
2.443847656250000000e-01   -2.948188757089574619e+00
2.446289062500000000e-01   -1.325052825561393144e+00
2.448730468750000000e-01   -6.432120236951274217e-01
2.451171875000000000e-01   1.061389423338269244e+00
2.453613281250000000e-01   -7.032272658142312283e-01
2.456054687500000000e-01   3.042283525204886985e+00
2.458496093750000000e-01   3.318997574617469581e+00
2.460937500000000000e-01   2.148343423405145725e+00
2.463378906250000000e-01   2.208569180515110641e+00
2.465820312500000000e-01   3.284046700070665903e+00
2.468261718750000000e-01   7.349769322968642271e-01
2.470703125000000000e-01   9.848671015720786848e-01
2.473144531250000000e-01   4.497031841510951700e-01
2.475585937500000000e-01   -8.797933356322613641e-01
2.478027343750000000e-01   -2.297718217558814224e+00
2.480468750000000000e-01   -1.127693120904924129e+00
2.482910156250000000e-01   -1.363965640477697860e+00
2.485351562500000000e-01   -2.195037990315608312e+00
2.487792968750000000e-01   -1.783390510886972091e+00
2.490234375000000000e-01   -4.415642298697451951e-01
2.492675781250000000e-01   8.174638191137139076e-01
2.495117187500000000e-01   2.472332922934340704e+00
2.497558593750000000e-01   1.573745393075842269e+00
2.500000000000000000e-01   2.528913198276336871e+00
2.502441406250000000e-01   1.167272585048961808e+00
2.504882812500000000e-01   3.749390820312037964e-01
2.507324218750000000e-01   2.636925044558364184e-01
2.509765625000000000e-01   1.176669462439761393e-01
2.512207031250000000e-01   -4.907786747299671126e-01
2.514648437500000000e-01   -4.020451783221112407e+00
2.517089843750000000e-01   -3.162271689200727653e+00
2.519531250000000000e-01   -3.118639496916106868e+00
2.521972656250000000e-01   -1.233042203584206575e+00
2.524414062500000000e-01   -1.162726527243565622e+00
2.526855468750000000e-01   -6.045349394234963425e-01
2.529296875000000000e-01   -6.784395393391798867e-01
2.531738281250000000e-01   1.442380028324522279e+00
2.534179687500000000e-01   1.894862183794712607e+00
2.536621093750000000e-01   2.628065080885901406e+00
2.539062500000000000e-01   1.451383195530628445e+00
2.541503906250000000e-01   1.517896458184954334e+00
2.543945312500000000e-01   -6.238151931986452015e-01
2.546386718750000000e-01   1.430271494736558680e+00
2.548828125000000000e-01   -2.343760708537095394e-01
2.551269531250000000e-01   -6.762573990278741842e-01
2.553710937500000000e-01   -2.443820902939161321e+00
2.556152343750000000e-01   -2.438702973264909257e+00
2.558593750000000000e-01   -2.032202375021133545e+00
2.561035156250000000e-01   -9.009661269632069924e-01
2.563476562500000000e-01   -1.547713486259148841e+00
2.565917968750000000e-01   -9.094579580285435672e-01
2.568359375000000000e-01   -5.067808618341113069e-01
2.570800781250000000e-01   2.107017029837657596e+00
2.573242187500000000e-01   8.485126604518152815e-01
2.575683593750000000e-01   2.115847548903799780e+00
2.578125000000000000e-01   3.828843623023652221e+00
2.580566406250000000e-01   -1.655012089695188371e-01
2.583007812500000000e-01   1.510320369986674960e+00
2.585449218750000000e-01   1.341202392591620551e+00
2.587890625000000000e-01   4.936644305101504093e-01
2.590332031250000000e-01   -8.807457308752880687e-01
2.592773437500000000e-01   -1.777258255039264379e+00
2.595214843750000000e-01   -9.125724967416375399e-01
2.597656250000000000e-01   -2.467126298628968151e+00
2.600097656250000000e-01   -2.100700498876686417e+00
2.602539062500000000e-01   -8.970814376726736761e-01
2.604980468750000000e-01   -1.691176438438313889e+00
2.607421875000000000e-01   -9.459486847092674067e-01
2.609863281250000000e-01   4.431147156227117079e-01
2.612304687500000000e-01   3.316599438802044997e+00
2.614746093750000000e-01   1.934659708197068451e+00
2.617187500000000000e-01   2.318332824416387439e+00
2.619628906250000000e-01   1.331914950415935994e+00
2.622070312500000000e-01   1.915817344997963412e+00
2.624511718750000000e-01   9.281675790447253549e-01
2.626953125000000000e-01   -9.597608653201329387e-01
2.629394531250000000e-01   -1.185679936996650419e+00
2.631835937500000000e-01   -1.547859089446888214e+00
2.634277343750000000e-01   -1.218813497841394700e+00
2.636718750000000000e-01   -8.869836759989692121e-01
2.639160156250000000e-01   -2.237777857092721145e+00
2.641601562500000000e-01   -2.669243058346851161e+00
2.644042968750000000e-01   -4.956549347826322838e-01
2.646484375000000000e-01   -1.958616848258210474e+00
2.648925781250000000e-01   2.455451879312591790e-01
2.651367187500000000e-01   6.873516855652443969e-01
2.653808593750000000e-01   2.082510849959254617e+00
2.656250000000000000e-01   -5.024666347230931640e-01
2.658691406250000000e-01   1.359409313825019616e+00
2.661132812500000000e-01   1.522487403520853988e+00
2.663574218750000000e-01   2.775211898220349971e-01
2.666015625000000000e-01   2.314016675865637307e+00
2.668457031250000000e-01   -1.046013282012489221e+00
2.670898437500000000e-01   -1.690581286900256552e+00
2.673339843750000000e-01   -3.491908449059140995e+00
2.675781250000000000e-01   4.025754234404516629e-01
2.678222656250000000e-01   -1.074194865559800594e+00
2.680664062500000000e-01   -5.172555064834014615e-01
2.683105468750000000e-01   -1.133671924110732920e+00
2.685546875000000000e-01   -8.847074448917009448e-01
2.687988281250000000e-01   1.880053558004891379e+00
2.690429687500000000e-01   2.859116377220547456e+00
2.692871093750000000e-01   -6.072787781513640931e-02
2.695312500000000000e-01   7.402262284681421223e-01
2.697753906250000000e-01   1.097002348077822154e+00
2.700195312500000000e-01   1.299218469916818275e-01
2.702636718750000000e-01   2.599969178811205150e+00
2.705078125000000000e-01   9.823640296282014628e-01
2.707519531250000000e-01   -7.662243139984411533e-01
2.709960937500000000e-01   -3.002948489559961853e+00
2.712402343750000000e-01   2.160050600238522800e-01
2.714843750000000000e-01   -2.755366687205848208e+00
2.717285156250000000e-01   -9.599613850791813841e-01
2.719726562500000000e-01   7.645166568761651016e-01
2.722167968750000000e-01   -6.301797157808364247e-01
2.724609375000000000e-01   -1.332910574794368974e-01
2.727050781250000000e-01   1.375406459410493998e+00
2.729492187500000000e-01   8.207057660389777132e-01
2.731933593750000000e-01   2.308530452575156655e+00
2.734375000000000000e-01   2.164076267125059072e+00
2.736816406250000000e-01   -1.109085413771189119e-02
2.739257812500000000e-01   5.888520474812946048e-01
2.741699218750000000e-01   -8.858156622928730073e-01
2.744140625000000000e-01   2.857334122162512369e+00
2.746582031250000000e-01   -1.106108508301636206e+00
2.749023437500000000e-01   -9.491751999153278385e-01
2.751464843750000000e-01   -1.548430793867294764e+00
2.753906250000000000e-01   -2.834247163075542808e+00
2.756347656250000000e-01   1.269374166672618154e+00
2.758789062500000000e-01   6.075535633853397233e-01
2.761230468750000000e-01   -1.796299999557898985e+00
2.763671875000000000e-01   2.738049336964863301e+00
2.766113281250000000e-01   5.692616037038497057e-01
2.768554687500000000e-01   1.504428901948675179e+00
2.770996093750000000e-01   1.077615275250215499e+00
2.773437500000000000e-01   9.449158084024955606e-01
2.775878906250000000e-01   2.220903707369819902e+00
2.778320312500000000e-01   -5.115749283346355814e-01
2.780761718750000000e-01   -1.223027940662267721e+00
2.783203125000000000e-01   -3.359302076483194344e-01
2.785644531250000000e-01   -2.445430869533645080e+00
2.788085937500000000e-01   -7.064363478446166189e-01
2.790527343750000000e-01   -1.677866010002819763e+00
2.792968750000000000e-01   -1.613345807985140601e+00
2.795410156250000000e-01   -1.442115837319638327e+00
2.797851562500000000e-01   7.065938692655536757e-01
2.800292968750000000e-01   4.131458549617097326e-02
2.802734375000000000e-01   1.313922932019456313e+00
2.805175781250000000e-01   1.514371549145337781e+00
2.807617187500000000e-01   1.712458333794855569e+00
2.810058593750000000e-01   7.728341914727923090e-01
2.812500000000000000e-01   2.298639788480831836e+00
2.814941406250000000e-01   3.047664561146159468e-01
2.817382812500000000e-01   7.725699449275630348e-01
2.819824218750000000e-01   -2.419769641331415144e+00
2.822265625000000000e-01   -2.169331339797310854e+00
2.824707031250000000e-01   -5.952067003966525771e-01
2.827148437500000000e-01   -1.049197249340839022e+00
2.829589843750000000e-01   -1.254605347220511646e+00
2.832031250000000000e-01   7.847335465853987335e-01
2.834472656250000000e-01   -4.266562458676302350e-01
2.836914062500000000e-01   -1.443652644525789119e+00
2.839355468750000000e-01   9.400929376156097472e-01
2.841796875000000000e-01   1.023186826034611974e+00
2.844238281250000000e-01   -1.145489754121067127e+00
2.846679687500000000e-01   8.751765425525500630e-01
2.849121093750000000e-01   2.022543749956342563e+00
2.851562500000000000e-01   8.273826081664087395e-01
2.854003906250000000e-01   -5.265768674546354999e-01
2.856445312500000000e-01   9.667470500112987919e-01
2.858886718750000000e-01   -5.335110695742008025e-01
2.861328125000000000e-01   -9.023708757800569247e-01
2.863769531250000000e-01   4.511195085805111415e-01
2.866210937500000000e-01   -1.243395546979572108e-01
2.868652343750000000e-01   4.063091783576558980e-01
2.871093750000000000e-01   -8.352422217237095436e-01
2.873535156250000000e-01   -1.392904157671620125e+00
2.875976562500000000e-01   -1.580464466165817816e+00
2.878417968750000000e-01   -1.371711195309176734e+00
2.880859375000000000e-01   1.293510353759187992e-01
2.883300781250000000e-01   2.360875449344008170e-01
2.885742187500000000e-01   -4.657801912714455428e-01
2.888183593750000000e-01   2.987939299740224985e+00
2.890625000000000000e-01   -9.082185129516548994e-01
2.893066406250000000e-01   -4.053515723095029166e-01
2.895507812500000000e-01   -3.889334254671195645e-01
2.897949218750000000e-01   -2.776910709285504431e-02
2.900390625000000000e-01   -3.693994976518177875e-01
2.902832031250000000e-01   -3.312860549368447316e+00
2.905273437500000000e-01   -9.436915056383725631e-01
2.907714843750000000e-01   3.548800971744116572e-01
2.910156250000000000e-01   -1.556410917564539920e-01
2.912597656250000000e-01   7.506834717073085361e-01
2.915039062500000000e-01   2.818056463442825677e-01
2.917480468750000000e-01   5.334051483307253871e-01
2.919921875000000000e-01   7.798725264758734621e-01
2.922363281250000000e-01   2.492333087283890691e+00
2.924804687500000000e-01   1.399240464580625343e+00
2.927246093750000000e-01   2.070940969691397626e+00
2.929687500000000000e-01   2.400154427784139399e-01
2.932128906250000000e-01   -9.108812620958083306e-01
2.934570312500000000e-01   -6.222364162109521590e-01
2.937011718750000000e-01   -2.699128880090172267e+00
2.939453125000000000e-01   -3.682213064506879796e+00
2.941894531250000000e-01   -7.822284337436442581e-01
2.944335937500000000e-01   -2.245834094332589959e-01
2.946777343750000000e-01   5.643871319824738109e-01
2.949218750000000000e-01   4.601875199904219976e-02
2.951660156250000000e-01   1.977005166116513057e-01
2.954101562500000000e-01   6.726485763145968466e-01
2.956542968750000000e-01   2.082094516701199716e+00
2.958984375000000000e-01   4.679838250502437180e-01
2.961425781250000000e-01   1.728385132492784138e+00
2.963867187500000000e-01   7.318813173928458982e-01
2.966308593750000000e-01   1.688918478437289705e+00
2.968750000000000000e-01   -1.141989365597773753e+00
2.971191406250000000e-01   9.301610854095493375e-01
2.973632812500000000e-01   1.034288365759067574e+00
2.976074218750000000e-01   -1.418345154325849400e+00
2.978515625000000000e-01   3.855528091474706986e-01
2.980957031250000000e-01   9.551880726029642332e-01
2.983398437500000000e-01   -1.037036681656120285e+00
2.985839843750000000e-01   7.479295763628246441e-02
2.988281250000000000e-01   -1.940477957491045513e-01
2.990722656250000000e-01   -8.424098917354604366e-01
2.993164062500000000e-01   4.684568224649856005e-01
2.995605468750000000e-01   2.224676948626302497e+00
2.998046875000000000e-01   1.162641394273283613e+00
3.000488281250000000e-01   1.641081193416716211e+00
3.002929687500000000e-01   -1.349096831578260991e+00
3.005371093750000000e-01   2.165444879696933000e+00
3.007812500000000000e-01   3.797517151901063509e-02
3.010253906250000000e-01   1.348381678376207704e+00
3.012695312500000000e-01   -1.857800725386347107e+00
3.015136718750000000e-01   -1.019466519152179895e+00
3.017578125000000000e-01   -1.926834325082407373e+00
3.020019531250000000e-01   4.145018006336054217e-01
3.022460937500000000e-01   -7.862504669506419352e-01
3.024902343750000000e-01   -1.611676328185488449e-01
3.027343750000000000e-01   9.340275539814357764e-01
3.029785156250000000e-01   5.751763983526519963e-01
3.032226562500000000e-01   -6.245293550762331947e-01
3.034667968750000000e-01   2.226834226458854982e+00
3.037109375000000000e-01   -8.791099153638232133e-01
3.039550781250000000e-01   -1.462110042559843448e+00
3.041992187500000000e-01   -1.212428537834363551e-01
3.044433593750000000e-01   -1.264834574708629367e+00
3.046875000000000000e-01   7.366765941034280063e-01
3.049316406250000000e-01   3.063878902284151162e-01
3.051757812500000000e-01   -1.303962553641051958e+00
3.054199218750000000e-01   8.303205747397360836e-01
3.056640625000000000e-01   -1.376372543225234280e+00
3.059082031250000000e-01   -1.226978920185683108e+00
3.061523437500000000e-01   -1.575229013973409586e-01
3.063964843750000000e-01   4.630028132170275756e-01
3.066406250000000000e-01   -5.551166890055957426e-01
3.068847656250000000e-01   1.332363377186195907e-01
3.071289062500000000e-01   -1.264779511722406991e+00
3.073730468750000000e-01   1.163845714328759717e+00
3.076171875000000000e-01   2.802206731296177811e+00
3.078613281250000000e-01   2.874172038723953992e+00
3.081054687500000000e-01   1.379662053525356979e+00
3.083496093750000000e-01   2.845063694528229270e-01
3.085937500000000000e-01   -4.283171358543084173e-01
3.088378906250000000e-01   8.846823675466961578e-01
3.090820312500000000e-01   -5.639981198319991007e-01
3.093261718750000000e-01   7.062499437499508703e-01
3.095703125000000000e-01   -2.606976940533173304e-01
3.098144531250000000e-01   -1.777762559472265025e+00
3.100585937500000000e-01   -2.389551719527559293e+00
3.103027343750000000e-01   -1.643437538400450704e+00
3.105468750000000000e-01   -4.694472635897135177e-02
3.107910156250000000e-01   -1.551384580492002785e+00
3.110351562500000000e-01   -7.829644631284085055e-01
3.112792968750000000e-01   -5.842635880029658502e-01
3.115234375000000000e-01   -4.280355935435105619e-01
3.117675781250000000e-01   2.014406790676266379e-01
3.120117187500000000e-01   3.345991500837652288e-01
3.122558593750000000e-01   1.105521356540293043e+00
3.125000000000000000e-01   -4.462535778037264311e-01
3.127441406250000000e-01   2.647672693697221025e+00
3.129882812500000000e-01   -9.160280081982915545e-01
3.132324218750000000e-01   -2.259808886906214731e+00
3.134765625000000000e-01   -6.851368593632266579e-01
3.137207031250000000e-01   -1.567460338854194668e-01
3.139648437500000000e-01   5.808455542955859308e-02
3.142089843750000000e-01   8.112290709336698047e-01
3.144531250000000000e-01   -9.571896133991896205e-01
3.146972656250000000e-01   -1.054005603216954912e+00
3.149414062500000000e-01   1.685377593926347950e-01
3.151855468750000000e-01   -5.916213350920671576e-01
3.154296875000000000e-01   2.214749175759111122e+00
3.156738281250000000e-01   -5.387260641508323511e-01
3.159179687500000000e-01   4.513659080604182083e-02
3.161621093750000000e-01   -4.283384987201261512e-02
3.164062500000000000e-01   1.631783642836998949e+00
3.166503906250000000e-01   -5.851271990770854359e-01
3.168945312500000000e-01   4.260515730792612810e-01
3.171386718750000000e-01   -2.093370641549552047e-01
3.173828125000000000e-01   -2.305771874444531022e+00
3.176269531250000000e-01   -1.414481121675822850e+00
3.178710937500000000e-01   3.867354064891763699e-01
3.181152343750000000e-01   -4.208545588649630909e-01
3.183593750000000000e-01   2.392821174581165611e-01
3.186035156250000000e-01   7.314545750449284733e-02
3.188476562500000000e-01   -3.468159201960878124e-01
3.190917968750000000e-01   5.310123468717998785e-01
3.193359375000000000e-01   3.019493134664595346e-01
3.195800781250000000e-01   2.043617746414761183e-01
3.198242187500000000e-01   1.042472937490070750e+00
3.200683593750000000e-01   6.572689878319679102e-02
3.203125000000000000e-01   -1.453165585728014575e+00
3.205566406250000000e-01   1.438346880131492922e+00
3.208007812500000000e-01   6.611828681828212095e-02
3.210449218750000000e-01   -2.392753882248406516e-01
3.212890625000000000e-01   5.856492639110137954e-01
3.215332031250000000e-01   -1.506800139593644117e+00
3.217773437500000000e-01   -2.713803141067434588e-01
3.220214843750000000e-01   2.048507803204287492e-01
3.222656250000000000e-01   -8.581856078460891046e-01
3.225097656250000000e-01   3.191246613827881662e-01
3.227539062500000000e-01   1.627998336302052707e+00
3.229980468750000000e-01   1.569927733713625040e+00
3.232421875000000000e-01   2.891006780524957520e+00
3.234863281250000000e-01   1.384410739228987275e-01
3.237304687500000000e-01   -1.462991935523055398e+00
3.239746093750000000e-01   9.201692568140212858e-01
3.242187500000000000e-01   -4.450874212014921394e-01
3.244628906250000000e-01   -1.736049812482110655e+00
3.247070312500000000e-01   2.855169681662304490e-02
3.249511718750000000e-01   -8.681262154628091032e-01
3.251953125000000000e-01   -7.738001216821585038e-01
3.254394531250000000e-01   3.104397456453084070e-01
3.256835937500000000e-01   -2.021917952486722014e-01
3.259277343750000000e-01   -5.288368396671938587e-01
3.261718750000000000e-01   -2.891726050433692241e-01
3.264160156250000000e-01   4.453742740710223136e-01
3.266601562500000000e-01   1.366116665989139500e+00
3.269042968750000000e-01   1.998667652198549805e+00
3.271484375000000000e-01   -1.309941355010111552e+00
3.273925781250000000e-01   4.049163040024929550e-01
3.276367187500000000e-01   -1.304888720155816806e+00
3.278808593750000000e-01   1.468725902814614903e+00
3.281250000000000000e-01   8.478985252038555576e-01
3.283691406250000000e-01   2.125133573934434583e-02
3.286132812500000000e-01   -3.907981534849186422e-01
3.288574218750000000e-01   -6.739180911800377594e-01
3.291015625000000000e-01   8.453376070350694660e-02
3.293457031250000000e-01   -1.376904570015343499e+00
3.295898437500000000e-01   -1.118268826239835922e+00
3.298339843750000000e-01   2.013893635129003212e-01
3.300781250000000000e-01   5.778737217967414574e-01
3.303222656250000000e-01   -1.422762828029215276e+00
3.305664062500000000e-01   8.944913461310657343e-01
3.308105468750000000e-01   3.028977626974127535e-01
3.310546875000000000e-01   -1.753451114450724768e+00
3.312988281250000000e-01   5.092475584225713003e-01
3.315429687500000000e-01   -2.399905379844325282e+00
3.317871093750000000e-01   -4.947180160322658948e-01
3.320312500000000000e-01   -1.578338969181032891e-01
3.322753906250000000e-01   -1.533374543058215966e+00
3.325195312500000000e-01   1.103654629643390894e+00
3.327636718750000000e-01   6.478396360024482603e-02
3.330078125000000000e-01   1.361579192820105311e+00
3.332519531250000000e-01   5.767609289085203761e-01
3.334960937500000000e-01   1.904826695770629741e-01
3.337402343750000000e-01   6.269939972634603897e-01
3.339843750000000000e-01   2.173439479434409738e-01
3.342285156250000000e-01   4.682973807355717000e-01
3.344726562500000000e-01   1.660029447877084063e+00
3.347167968750000000e-01   1.395240505949891352e+00
3.349609375000000000e-01   -1.099552224091082664e+00
3.352050781250000000e-01   7.178516318450941514e-01
3.354492187500000000e-01   -8.843799503120144401e-01
3.356933593750000000e-01   -1.114308311342125268e+00
3.359375000000000000e-01   1.079077093652164754e+00
3.361816406250000000e-01   -2.700239548903056730e-01
3.364257812500000000e-01   1.839413401054865060e+00
3.366699218750000000e-01   -6.965685343320717759e-01
3.369140625000000000e-01   6.830062025093717182e-01
3.371582031250000000e-01   -3.116700162951810404e-01
3.374023437500000000e-01   4.251205618233201006e-02
3.376464843750000000e-01   1.024331460967847773e+00
3.378906250000000000e-01   6.220425275926509956e-01
3.381347656250000000e-01   9.682089854468057810e-01
3.383789062500000000e-01   1.171948580493823666e+00
3.386230468750000000e-01   4.617473744880029041e-01
3.388671875000000000e-01   -5.418326271615255818e-01
3.391113281250000000e-01   3.682116327183827531e-01
3.393554687500000000e-01   2.077896930463742020e+00
3.395996093750000000e-01   -7.124044872439326825e-01
3.398437500000000000e-01   1.804891234928716948e+00
3.400878906250000000e-01   -3.622869764269394111e-01
3.403320312500000000e-01   -5.759612436597660867e-01
3.405761718750000000e-01   1.599325159252625028e-01
3.408203125000000000e-01   5.588589226188479531e-01
3.410644531250000000e-01   5.627872756411677058e-01
3.413085937500000000e-01   1.503857057262631969e+00
3.415527343750000000e-01   7.146899645493776099e-01
3.417968750000000000e-01   -8.372557959538445838e-01
3.420410156250000000e-01   3.988943347365284109e-01
3.422851562500000000e-01   -3.058511661901984827e-02
3.425292968750000000e-01   -2.642710695882303229e-01
3.427734375000000000e-01   -1.352104709384418069e+00
3.430175781250000000e-01   -5.099977718636954371e-01
3.432617187500000000e-01   -1.369008407495012625e-01
3.435058593750000000e-01   1.308353968559268443e+00
3.437500000000000000e-01   2.688483601681705082e+00
3.439941406250000000e-01   -3.432387036758079990e-01
3.442382812500000000e-01   1.318436282934319692e+00
3.444824218750000000e-01   -2.613912651781036267e+00
3.447265625000000000e-01   2.405603925183262159e+00
3.449707031250000000e-01   -2.081927269333114783e+00
3.452148437500000000e-01   1.928097577176245636e+00
3.454589843750000000e-01   8.160582446143158641e-01
3.457031250000000000e-01   -3.022453595118611780e+00
3.459472656250000000e-01   -1.077029502537094396e+00
3.461914062500000000e-01   -9.104444639626169122e-01
3.464355468750000000e-01   -3.957456722867398469e-01
3.466796875000000000e-01   -2.971097399817605123e+00
3.469238281250000000e-01   7.342111789227020457e-01
3.471679687500000000e-01   -6.627813365678391078e-01
3.474121093750000000e-01   -1.654415171509141302e+00
3.476562500000000000e-01   -3.583020202694245371e-01
3.479003906250000000e-01   1.445016842059321516e-01
3.481445312500000000e-01   -2.957574970039698603e-01
3.483886718750000000e-01   -1.342754663451129149e+00
3.486328125000000000e-01   -1.011483739820961437e-02
3.488769531250000000e-01   -7.562411106691254714e-01
3.491210937500000000e-01   5.857876114174268706e-03
3.493652343750000000e-01   2.094031514114290005e+00
3.496093750000000000e-01   -1.247940150329035713e+00
3.498535156250000000e-01   -1.495823013054571771e+00
3.500976562500000000e-01   -8.342095732931499308e-01
3.503417968750000000e-01   -9.703611889355699960e-01
3.505859375000000000e-01   -2.305389532813177045e+00
3.508300781250000000e-01   2.779799527971990036e-01
3.510742187500000000e-01   -1.054553412980585581e+00
3.513183593750000000e-01   2.416680992116785331e-01
3.515625000000000000e-01   9.293950746379054939e-01
3.518066406250000000e-01   -1.229831301651315600e+00
3.520507812500000000e-01   -1.416053063044600435e+00
3.522949218750000000e-01   1.485416567545844391e+00
3.525390625000000000e-01   6.022850408128413435e-02
3.527832031250000000e-01   -1.164798419879177871e+00
3.530273437500000000e-01   -1.077741176983892712e+00
3.532714843750000000e-01   2.046925041756461283e+00
3.535156250000000000e-01   7.800083198204037505e-01
3.537597656250000000e-01   -8.523765614359001264e-01
3.540039062500000000e-01   -1.010753486406052115e+00
3.542480468750000000e-01   1.956942809579709230e-01
3.544921875000000000e-01   2.592981389937377146e-01
3.547363281250000000e-01   -7.766826760309776256e-01
3.549804687500000000e-01   3.077678550636159943e-02
3.552246093750000000e-01   -9.037509150731118379e-02
3.554687500000000000e-01   8.237768682272311044e-03
3.557128906250000000e-01   8.036299326134289656e-01
3.559570312500000000e-01   1.195412144783327690e-01
3.562011718750000000e-01   1.782862673191926706e-01
3.564453125000000000e-01   3.322979684816481649e-01
3.566894531250000000e-01   -1.226149887921978765e+00
3.569335937500000000e-01   1.838007344415699684e+00
3.571777343750000000e-01   -5.320287670257819457e-01
3.574218750000000000e-01   -6.037253392965630239e-01
3.576660156250000000e-01   -6.041064607484740723e-01
3.579101562500000000e-01   7.428308779982221166e-01
3.581542968750000000e-01   1.026826391662111648e+00
3.583984375000000000e-01   -3.862604953312104294e-01
3.586425781250000000e-01   -1.292087758874665704e-01
3.588867187500000000e-01   -1.920426256291737355e-01
3.591308593750000000e-01   9.303133615947222212e-01
3.593750000000000000e-01   -1.639769096131122594e-01
3.596191406250000000e-01   -3.533008598709052595e-01
3.598632812500000000e-01   -1.651125588700703695e-01
3.601074218750000000e-01   -4.383515457143100091e-01
3.603515625000000000e-01   -1.165419009646133652e-01
3.605957031250000000e-01   1.198528238846554156e-01
3.608398437500000000e-01   7.924837356309761827e-01
3.610839843750000000e-01   1.532662173078151446e-01
3.613281250000000000e-01   -1.067516695829551915e-01
3.615722656250000000e-01   -1.253337246024893270e+00
3.618164062500000000e-01   4.055103758290782290e-01
3.620605468750000000e-01   2.747550702090084673e-01
3.623046875000000000e-01   8.849421239508723502e-01
3.625488281250000000e-01   -1.723244080418380175e-01
3.627929687500000000e-01   2.556458720150254660e+00
3.630371093750000000e-01   -1.382332798643362282e-01
3.632812500000000000e-01   1.436382858260069284e+00
3.635253906250000000e-01   -3.626560192916146730e-01
3.637695312500000000e-01   1.137034736722783768e+00
3.640136718750000000e-01   1.245196314990675845e-01
3.642578125000000000e-01   1.505417708671118904e+00
3.645019531250000000e-01   -8.392515050237050467e-01
3.647460937500000000e-01   -1.821809843661328365e-01
3.649902343750000000e-01   1.364762818569162262e+00
3.652343750000000000e-01   4.792053779185941331e-01
3.654785156250000000e-01   1.629620308793235939e+00
3.657226562500000000e-01   1.470790858688527381e-01
3.659667968750000000e-01   2.201927696984464500e-01
3.662109375000000000e-01   -1.247799067635515735e+00
3.664550781250000000e-01   -7.200928094332927909e-01
3.666992187500000000e-01   -1.176276013784002039e+00
3.669433593750000000e-01   -1.873572077198142560e+00
3.671875000000000000e-01   -6.735028008855971082e-01
3.674316406250000000e-01   1.427949144470356480e+00
3.676757812500000000e-01   -6.849707984129979055e-01
3.679199218750000000e-01   1.046925961829590968e+00
3.681640625000000000e-01   -1.925983532701996070e+00
3.684082031250000000e-01   -2.528640446825639598e-01
3.686523437500000000e-01   1.030679443887453806e+00
3.688964843750000000e-01   -2.939617880326649280e-01
3.691406250000000000e-01   3.370174207045079640e-01
3.693847656250000000e-01   8.635412319620366928e-01
3.696289062500000000e-01   -9.514700556960962174e-01
3.698730468750000000e-01   1.527504932040539165e+00
3.701171875000000000e-01   1.691043060475400650e-01
3.703613281250000000e-01   6.631867153719327168e-02
3.706054687500000000e-01   5.188024953207831524e-01
3.708496093750000000e-01   -2.720361694925786944e-01
3.710937500000000000e-01   7.130368791540460105e-01
3.713378906250000000e-01   -1.278677971586638096e-01
3.715820312500000000e-01   1.026790044018426107e+00
3.718261718750000000e-01   1.397532116841451844e+00
3.720703125000000000e-01   2.473986593107624365e-01
3.723144531250000000e-01   -6.454480936549071846e-01
3.725585937500000000e-01   1.302137735037067090e+00
3.728027343750000000e-01   -2.175522884390125034e-01
3.730468750000000000e-01   1.568655024325873726e-01
3.732910156250000000e-01   -1.528460215583080206e+00
3.735351562500000000e-01   2.685376842645241791e-01
3.737792968750000000e-01   6.396395273301075379e-01
3.740234375000000000e-01   -5.161901938065348583e-01
3.742675781250000000e-01   1.350450092108488542e+00
3.745117187500000000e-01   -6.335119259185667540e-01
3.747558593750000000e-01   9.141278710582579903e-01
3.750000000000000000e-01   1.446322750918589417e+00
3.752441406250000000e-01   1.387907424652467636e+00
3.754882812500000000e-01   1.605747421380575135e+00
3.757324218750000000e-01   -1.019499569766726399e+00
3.759765625000000000e-01   1.389753483760139074e+00
3.762207031250000000e-01   -1.015281897189754590e+00
3.764648437500000000e-01   1.461724146244074873e+00
3.767089843750000000e-01   -1.629361124627783930e+00
3.769531250000000000e-01   -1.314783404107551457e+00
3.771972656250000000e-01   -1.508338700861447723e+00
3.774414062500000000e-01   -1.667657281176077311e-01
3.776855468750000000e-01   4.732901317752152837e-01
3.779296875000000000e-01   -1.356841241564806788e+00
3.781738281250000000e-01   5.455846874385569256e-01
3.784179687500000000e-01   1.475231121293814507e+00
3.786621093750000000e-01   4.607583245384450077e-01
3.789062500000000000e-01   -5.533886997576175082e-01
3.791503906250000000e-01   -3.688156216509830276e-01
3.793945312500000000e-01   -9.769052212711780703e-01
3.796386718750000000e-01   -5.887107892789329444e-01
3.798828125000000000e-01   -6.756653609553943396e-02
3.801269531250000000e-01   -2.293948900075072628e-01
3.803710937500000000e-01   -4.618684795833665757e-01
3.806152343750000000e-01   -1.700377095168288943e-01
3.808593750000000000e-01   -9.692333799117412996e-01
3.811035156250000000e-01   9.308499774834441132e-01
3.813476562500000000e-01   -6.228150897875800451e-01
3.815917968750000000e-01   2.640000144074533539e-02
3.818359375000000000e-01   -1.729234002589302932e+00
3.820800781250000000e-01   3.098211733468434925e+00
3.823242187500000000e-01   -3.572509788172613110e-01
3.825683593750000000e-01   7.270704481363551297e-01
3.828125000000000000e-01   -5.074591860658366205e-01
3.830566406250000000e-01   -2.453206176068452316e-01
3.833007812500000000e-01   4.622478152400013029e-01
3.835449218750000000e-01   -2.053445493960428081e+00
3.837890625000000000e-01   1.682837960759331786e+00
3.840332031250000000e-01   1.202270195047146606e+00
3.842773437500000000e-01   -9.161986700116991900e-01
3.845214843750000000e-01   5.940439872253543419e-01
3.847656250000000000e-01   -1.215629829464313527e+00
3.850097656250000000e-01   1.159901336647073622e+00
3.852539062500000000e-01   9.618228492444189648e-01
3.854980468750000000e-01   -1.630871426054864681e+00
3.857421875000000000e-01   -5.294516770924003746e-01
3.859863281250000000e-01   -1.660190506107468877e+00
3.862304687500000000e-01   -8.440749410463886937e-01
3.864746093750000000e-01   -2.260893682298132479e+00
3.867187500000000000e-01   9.275520874474029176e-01
3.869628906250000000e-01   -3.247899777453309711e-01
3.872070312500000000e-01   -1.052144579519067369e+00
3.874511718750000000e-01   -1.969987142183548812e-01
3.876953125000000000e-01   -7.976724226227293046e-01
3.879394531250000000e-01   -1.547577524790188397e+00
3.881835937500000000e-01   -5.447052952633031631e-02
3.884277343750000000e-01   -1.158604104709273219e+00
3.886718750000000000e-01   -2.136414102222526368e-01
3.889160156250000000e-01   -3.108190047948199419e-01
3.891601562500000000e-01   -6.141078217393401983e-01
3.894042968750000000e-01   -4.631684293108695449e-01
3.896484375000000000e-01   -1.828757251010862506e+00
3.898925781250000000e-01   -4.328874759301364894e-01
3.901367187500000000e-01   9.001418956146023387e-01
3.903808593750000000e-01   5.425970890314282258e-01
3.906250000000000000e-01   -2.873838676786548696e+00
3.908691406250000000e-01   -1.218985581439883115e+00
3.911132812500000000e-01   -4.373218347562226466e-02
3.913574218750000000e-01   -1.824333523031217430e+00
3.916015625000000000e-01   -7.293596104983381956e-01
3.918457031250000000e-01   -4.181842782446224538e-01
3.920898437500000000e-01   4.953880621966662567e-01
3.923339843750000000e-01   -2.728266213809857899e-01
3.925781250000000000e-01   -1.385478067449513073e+00
3.928222656250000000e-01   1.241995757116206356e+00
3.930664062500000000e-01   -7.782200953763631635e-01
3.933105468750000000e-01   -2.825026404386453138e-01
3.935546875000000000e-01   5.412989631895379627e-01
3.937988281250000000e-01   1.520263193964658477e+00
3.940429687500000000e-01   6.977611081104229118e-01
3.942871093750000000e-01   5.892828669692632415e-01
3.945312500000000000e-01   1.667350121479885150e+00
3.947753906250000000e-01   4.251943955510082973e-01
3.950195312500000000e-01   2.797679500590813939e-01
3.952636718750000000e-01   -6.556248906075340388e-01
3.955078125000000000e-01   -5.086276454097344857e-01
3.957519531250000000e-01   -3.346765616391395581e-01
3.959960937500000000e-01   2.338956713278512289e+00
3.962402343750000000e-01   -1.400592888894611754e+00
3.964843750000000000e-01   -2.462647300788812499e-01
3.967285156250000000e-01   5.964834242252073926e-01
3.969726562500000000e-01   9.661449891135126533e-01
3.972167968750000000e-01   3.986070030080451354e-01
3.974609375000000000e-01   1.168300386062524510e+00
3.977050781250000000e-01   8.740662630558759805e-01
3.979492187500000000e-01   -9.735340505544799738e-02
3.981933593750000000e-01   9.126594692036278378e-01
3.984375000000000000e-01   -2.067669843729633139e-02
3.986816406250000000e-01   -2.742965223899915816e-01
3.989257812500000000e-01   3.489901295290646632e-01
3.991699218750000000e-01   1.528004693007521120e-01
3.994140625000000000e-01   2.238042433807283960e+00
3.996582031250000000e-01   2.470402810141849148e+00
3.999023437500000000e-01   2.063587460021845121e+00
4.001464843750000000e-01   6.573999874425681123e-01
4.003906250000000000e-01   -3.498114363515786862e-01
4.006347656250000000e-01   1.303462474408789928e+00
4.008789062500000000e-01   6.370998366355666853e-01
4.011230468750000000e-01   1.789923621171725099e-01
4.013671875000000000e-01   -7.699400799301749088e-02
4.016113281250000000e-01   -1.773037649747103206e+00
4.018554687500000000e-01   1.291373561798177638e+00
4.020996093750000000e-01   -8.769968435732986567e-01
4.023437500000000000e-01   1.217356732017691234e+00
4.025878906250000000e-01   5.715493360538024259e-01
4.028320312500000000e-01   6.786418735897364884e-01
4.030761718750000000e-01   2.349011117105492374e+00
4.033203125000000000e-01   7.811717914320998046e-01
4.035644531250000000e-01   6.625838281808920094e-01
4.038085937500000000e-01   1.835758214970066027e-01
4.040527343750000000e-01   6.548405395264904338e-02
4.042968750000000000e-01   -2.317929632705457710e+00
4.045410156250000000e-01   4.241435492513189187e-01
4.047851562500000000e-01   -2.451047312335645767e-01
4.050292968750000000e-01   -1.307513466129036628e+00
4.052734375000000000e-01   1.046418679528484219e+00
4.055175781250000000e-01   2.760188688797663992e-01
4.057617187500000000e-01   1.371169821050753912e+00
4.060058593750000000e-01   1.035535429870680701e+00
4.062500000000000000e-01   -9.425273040894120991e-01
4.064941406250000000e-01   -1.771996493572624898e+00
4.067382812500000000e-01   5.731278017716332496e-01
4.069824218750000000e-01   8.342358578361743771e-01
4.072265625000000000e-01   8.061939581567755253e-01
4.074707031250000000e-01   2.186532777489381907e+00
4.077148437500000000e-01   -1.383248213852867448e+00
4.079589843750000000e-01   -3.251843058935556252e-01
4.082031250000000000e-01   -1.810570519647766372e-02
4.084472656250000000e-01   1.240597462387409644e+00
4.086914062500000000e-01   -8.886529892530881103e-01
4.089355468750000000e-01   1.336697084440916505e+00
4.091796875000000000e-01   -1.133648794773271185e+00
4.094238281250000000e-01   1.220262854136727970e+00
4.096679687500000000e-01   -1.233169502351856961e+00
4.099121093750000000e-01   -7.720919847254107717e-03
4.101562500000000000e-01   -1.025948837314720530e+00
4.104003906250000000e-01   -3.624903509170138705e-01
4.106445312500000000e-01   -8.184498180578214654e-01
4.108886718750000000e-01   5.230670796740417572e-01
4.111328125000000000e-01   1.005850151576356544e-01
4.113769531250000000e-01   -1.703812519390238256e+00
4.116210937500000000e-01   -1.354333499956913656e+00
4.118652343750000000e-01   1.360471571422159576e+00
4.121093750000000000e-01   1.592561016832525489e+00
4.123535156250000000e-01   -1.777009306683786649e+00
4.125976562500000000e-01   1.670932553282211241e+00
4.128417968750000000e-01   4.947675020848238958e-01
4.130859375000000000e-01   1.235958862056432336e-02
4.133300781250000000e-01   -5.036961535993597083e-01
4.135742187500000000e-01   -1.497021140640752757e+00
4.138183593750000000e-01   7.723567993817999078e-01
4.140625000000000000e-01   5.809009794216356271e-03
4.143066406250000000e-01   -3.415752344624021219e+00
4.145507812500000000e-01   8.608063050467077426e-01
4.147949218750000000e-01   -1.966109051427703314e+00
4.150390625000000000e-01   -1.195185056441447458e+00
4.152832031250000000e-01   -3.611365843666917708e-01
4.155273437500000000e-01   -2.496092388947709073e-01
4.157714843750000000e-01   2.068184036735750020e+00
4.160156250000000000e-01   9.569517678106416111e-03
4.162597656250000000e-01   1.062140527236529408e+00
4.165039062500000000e-01   1.490523957347531514e-01
4.167480468750000000e-01   -1.181914240437341723e+00
4.169921875000000000e-01   -1.428450793923970785e+00
4.172363281250000000e-01   -6.870588621806036356e-01
4.174804687500000000e-01   -6.047530547384020183e-01
4.177246093750000000e-01   -3.436068629917050643e-01
4.179687500000000000e-01   8.231109700475257585e-01
4.182128906250000000e-01   3.321408069267690610e-01
4.184570312500000000e-01   -2.824183394544230730e+00
4.187011718750000000e-01   2.647597831739755825e-01
4.189453125000000000e-01   5.458598391737178313e-01
4.191894531250000000e-01   1.951280940433621547e+00
4.194335937500000000e-01   1.934294763742390177e-01
4.196777343750000000e-01   -1.568955340423374700e+00
4.199218750000000000e-01   4.450296758555367660e-01
4.201660156250000000e-01   1.921604338676424772e+00
4.204101562500000000e-01   -3.029906256976982792e+00
4.206542968750000000e-01   7.297235853405662498e-01
4.208984375000000000e-01   -9.824088521684382069e-02
4.211425781250000000e-01   -2.570517604592954086e+00
4.213867187500000000e-01   -5.101913164426660763e-02
4.216308593750000000e-01   -1.314684653398229930e+00
4.218750000000000000e-01   -3.654909373445990872e-01
4.221191406250000000e-01   -5.522944976799407657e-01
4.223632812500000000e-01   -1.798254108177543165e+00
4.226074218750000000e-01   1.777050335789482627e-01
4.228515625000000000e-01   1.791580587310656614e-01
4.230957031250000000e-01   1.306473350750206652e+00
4.233398437500000000e-01   1.135554213642405857e-01
4.235839843750000000e-01   -7.036001950918352454e-02
4.238281250000000000e-01   -2.564801469960281133e-01
4.240722656250000000e-01   2.289315341345256414e-03
4.243164062500000000e-01   8.620921703114263757e-01
4.245605468750000000e-01   -1.090420854980285403e+00
4.248046875000000000e-01   -1.537224087572707454e+00
4.250488281250000000e-01   2.900763093400816062e-01
4.252929687500000000e-01   -6.196010896967623083e-01
4.255371093750000000e-01   -8.582793998921801615e-01
4.257812500000000000e-01   -3.195421821016878119e-03
4.260253906250000000e-01   -1.364883539353805242e+00
4.262695312500000000e-01   -7.270823115846236639e-01
4.265136718750000000e-01   -1.248829917570117454e-03
4.267578125000000000e-01   9.779266436620122072e-01
4.270019531250000000e-01   1.229452713787304030e-01
4.272460937500000000e-01   -1.644402948294892752e+00
4.274902343750000000e-01   3.218261676484367451e-01
4.277343750000000000e-01   -1.318294274334737670e+00
4.279785156250000000e-01   -1.390872712321829241e-01
4.282226562500000000e-01   -2.054034209212787510e-01
4.284667968750000000e-01   4.278623950794548381e-01
4.287109375000000000e-01   4.329653409176452694e-01
4.289550781250000000e-01   1.412517784465360915e+00
4.291992187500000000e-01   5.934166177174418078e-01
4.294433593750000000e-01   3.665702018758382752e-01
4.296875000000000000e-01   5.443710892211597319e-01
4.299316406250000000e-01   -1.011289408420293912e-01
4.301757812500000000e-01   1.346969503503699706e+00
4.304199218750000000e-01   -1.208865051655269252e+00
4.306640625000000000e-01   1.796715087211293860e-01
4.309082031250000000e-01   1.800289118298247004e+00
4.311523437500000000e-01   -6.387271067404447500e-01
4.313964843750000000e-01   4.458475624685483973e-01
4.316406250000000000e-01   4.998090159355783602e-01
4.318847656250000000e-01   5.536823647453456010e-01
4.321289062500000000e-01   1.709592758934106005e+00
4.323730468750000000e-01   5.238664145295038876e-01
4.326171875000000000e-01   -1.001432615921419078e+00
4.328613281250000000e-01   -1.689889551143024526e+00
4.331054687500000000e-01   -4.791114028490298105e-01
4.333496093750000000e-01   2.055943812411002991e+00
4.335937500000000000e-01   -1.083822923578252467e-01
4.338378906250000000e-01   8.632743431684202218e-01
4.340820312500000000e-01   7.867989650202722451e-02
4.343261718750000000e-01   -8.683910788241231415e-01
4.345703125000000000e-01   8.866921502045926884e-01
4.348144531250000000e-01   3.405051643367599912e+00
4.350585937500000000e-01   -5.416566325702853318e-02
4.353027343750000000e-01   6.442566462886493150e-01
4.355468750000000000e-01   -1.065111976601353483e+00
4.357910156250000000e-01   1.391260405513237153e+00
4.360351562500000000e-01   9.913839462100679789e-01
4.362792968750000000e-01   1.169503925251818233e+00
4.365234375000000000e-01   -3.211656108476182436e-01
4.367675781250000000e-01   -6.409081052964836767e-01
4.370117187500000000e-01   -6.180105339827812738e-01
4.372558593750000000e-01   6.055755365292395664e-01
4.375000000000000000e-01   2.999688603808377541e-01
4.377441406250000000e-01   9.702589878601961537e-01
4.379882812500000000e-01   1.024278954320589241e+00
4.382324218750000000e-01   3.498177505838470647e-01
4.384765625000000000e-01   1.548616046092342380e+00
4.387207031250000000e-01   4.277114410109546239e-02
4.389648437500000000e-01   1.180575019777901913e+00
4.392089843750000000e-01   -9.522530718473635192e-01
4.394531250000000000e-01   -1.017619001990406336e+00
4.396972656250000000e-01   3.446688218478475840e-01
4.399414062500000000e-01   5.821313719944455345e-01
4.401855468750000000e-01   -1.817920328629249793e+00
4.404296875000000000e-01   -4.283354538359925856e-01
4.406738281250000000e-01   1.325339959334828899e-01
4.409179687500000000e-01   1.263651353925968390e+00
4.411621093750000000e-01   5.664094876688748892e-01
4.414062500000000000e-01   3.508958115691583890e-01
4.416503906250000000e-01   1.529863467505747199e+00
4.418945312500000000e-01   1.031674728508645833e+00
4.421386718750000000e-01   -2.570121933232713540e-01
4.423828125000000000e-01   -4.528640648698473159e-01
4.426269531250000000e-01   -1.017499420273281441e+00
4.428710937500000000e-01   -3.055694311295191826e-02
4.431152343750000000e-01   -1.068515232654613900e+00
4.433593750000000000e-01   1.007869284956587119e+00
4.436035156250000000e-01   -1.827730036722481355e-01
4.438476562500000000e-01   1.077628964543662526e+00
4.440917968750000000e-01   5.635337521133529370e-02
4.443359375000000000e-01   7.250078042095778885e-01
4.445800781250000000e-01   1.278562459634263460e-01
4.448242187500000000e-01   -6.688109293233704955e-01
4.450683593750000000e-01   4.051938519078542855e-01
4.453125000000000000e-01   7.512335380328085677e-01
4.455566406250000000e-01   -1.493291306763558701e+00
4.458007812500000000e-01   1.541972013686471188e+00
4.460449218750000000e-01   9.838791206291050973e-01
4.462890625000000000e-01   -1.212369993259862611e+00
4.465332031250000000e-01   -4.427798889905273927e-01
4.467773437500000000e-01   -1.627816708786496980e-01
4.470214843750000000e-01   2.773782596452362692e-01
4.472656250000000000e-01   3.542851315473986573e-01
4.475097656250000000e-01   2.619094017233715155e-01
4.477539062500000000e-01   -1.425918662805814474e+00
4.479980468750000000e-01   -5.740624784337123865e-01
4.482421875000000000e-01   -5.576770371273480631e-01
4.484863281250000000e-01   -3.582019268615737606e-01
4.487304687500000000e-01   -9.025198222587980101e-01
4.489746093750000000e-01   -1.489040202991929185e-01
4.492187500000000000e-01   -9.141029152760741239e-01
4.494628906250000000e-01   -1.538548127916228525e+00
4.497070312500000000e-01   1.263166871528311974e+00
4.499511718750000000e-01   -8.217400341702413291e-01
4.501953125000000000e-01   5.667399240937331939e-02
4.504394531250000000e-01   3.610328963103983657e-01
4.506835937500000000e-01   2.550193430540993456e-01
4.509277343750000000e-01   1.854676906542076287e+00
4.511718750000000000e-01   1.158710261268932173e+00
4.514160156250000000e-01   1.393458156459708164e-01
4.516601562500000000e-01   2.023929788324625001e+00
4.519042968750000000e-01   -1.964092130802784553e+00
4.521484375000000000e-01   -1.194962598876758264e+00
4.523925781250000000e-01   -1.763987711758052246e+00
4.526367187500000000e-01   -1.298073435348366278e+00
4.528808593750000000e-01   8.969952492641473096e-01
4.531250000000000000e-01   8.709340796118848760e-02
