2.206896551724138078e+01   2.183605765448751057e-23
2.427586206896551602e+01   1.231526881873003157e-23
2.648275862068965480e+01   3.203829817500355251e-23
2.868965517241379359e+01   4.256900034438044971e-23
3.089655172413792883e+01   5.398267156784089538e-23
3.310344827586207117e+01   2.619751082066230737e-23
3.531034482758620641e+01   3.561454709188460187e-23
3.751724137931034164e+01   1.825460442180485677e-23
3.972413793103448398e+01   2.400209158557418064e-23
4.193103448275861922e+01   1.959451853309626456e-23
4.413793103448276156e+01   1.899248707518533045e-23
4.634482758620689680e+01   2.084945928733956787e-23
4.855172413793103203e+01   1.991055081440399391e-23
5.075862068965517437e+01   1.426450032534802285e-23
5.296551724137930961e+01   5.068886556991056812e-24
5.517241379310344485e+01   2.012626382134459921e-23
5.737931034482758719e+01   1.306927717537955804e-23
5.958620689655172242e+01   1.012944396475109568e-23
6.179310344827585766e+01   2.109059662666274146e-23
6.400000000000000000e+01   1.487432811368312022e-23
6.620689655172414234e+01   1.566950213378239024e-24
6.841379310344827047e+01   8.477963574195823161e-24
7.062068965517241281e+01   6.533128909823055745e-24
7.282758620689655515e+01   3.689183978997973039e-24
7.503448275862068328e+01   7.880698521267714216e-24
7.724137931034482563e+01   2.093586843747090465e-23
7.944827586206896797e+01   8.941224447101976763e-24
8.165517241379309610e+01   7.308448162817202754e-24
8.386206896551723844e+01   1.184474456746000508e-23
8.606896551724138078e+01   5.431927672031192989e-24
8.827586206896552312e+01   2.798704581724822402e-24
9.048275862068965125e+01   1.276189297977215601e-23
9.268965517241379359e+01   9.689831461757480558e-24
9.489655172413793593e+01   6.255459340636856235e-24
9.710344827586206407e+01   7.013569931417366435e-24
9.931034482758620641e+01   6.852327709052304663e-24
1.015172413793103487e+02   8.494966549312570193e-24
1.037241379310344769e+02   1.006192874169571956e-23
1.059310344827586192e+02   6.037275997510131246e-24
1.081379310344827616e+02   9.593316392640635518e-24
1.103448275862068897e+02   3.675248373266448989e-24
1.125517241379310320e+02   1.333447182804537101e-23
1.147586206896551744e+02   1.501676814373121415e-24
1.169655172413793025e+02   7.163863346270966323e-24
1.191724137931034448e+02   1.280675745816183570e-23
1.213793103448275872e+02   3.952325093414227352e-24
1.235862068965517153e+02   5.140292786074388909e-24
1.257931034482758577e+02   7.188330970566382570e-24
1.280000000000000000e+02   5.572606948125354576e-24
1.302068965517241281e+02   6.423923397075349351e-24
1.324137931034482847e+02   6.703814075292190622e-24
1.346206896551724128e+02   6.187567589615865553e-24
1.368275862068965409e+02   3.933154488027983793e-24
1.390344827586206975e+02   4.967191879546925869e-24
1.412413793103448256e+02   6.810712463511481017e-24
1.434482758620689538e+02   1.448458729214796701e-23
1.456551724137931103e+02   3.803897499125870019e-24
1.478620689655172384e+02   1.200363778330734971e-23
1.500689655172413666e+02   7.214031548928133026e-24
1.522758620689655231e+02   5.118996420925145888e-24
1.544827586206896513e+02   7.662790967392355444e-24
1.566896551724137794e+02   1.159793528058092291e-24
1.588965517241379359e+02   8.433936303155749364e-24
1.611034482758620641e+02   8.359398677101261330e-24
1.633103448275861922e+02   8.819014136069261292e-24
1.655172413793103487e+02   8.377485890540754663e-24
1.677241379310344769e+02   4.657985519752852026e-24
1.699310344827586050e+02   4.448216125816974236e-24
1.721379310344827616e+02   1.640245490549882478e-24
1.743448275862068897e+02   8.939461997199727370e-24
1.765517241379310462e+02   1.942408620365832635e-24
1.787586206896551744e+02   9.032603972094272663e-24
1.809655172413793025e+02   8.207582879886656348e-24
1.831724137931034591e+02   4.319739800587051183e-24
1.853793103448275872e+02   2.389864393568721785e-24
1.875862068965517153e+02   6.355222776093006247e-24
1.897931034482758719e+02   3.990417430169308577e-24
1.920000000000000000e+02   1.266125525796036118e-23
1.942068965517241281e+02   4.899044967079156713e-24
1.964137931034482847e+02   8.356814210280130595e-24
1.986206896551724128e+02   1.034333207175796219e-23
2.008275862068965409e+02   7.149970679976627082e-24
2.030344827586206975e+02   4.277108463641887054e-24
2.052413793103448256e+02   7.509234346994195282e-24
2.074482758620689538e+02   5.969070552929299712e-24
2.096551724137931103e+02   1.700769850912775118e-24
2.118620689655172384e+02   6.442625983556740275e-24
2.140689655172413666e+02   1.312032678801556354e-23
2.162758620689655231e+02   5.451003493372311478e-24
2.184827586206896513e+02   5.673320129109244755e-24
2.206896551724137794e+02   3.958768078549973872e-24
2.228965517241379359e+02   7.983177555387422658e-24
2.251034482758620641e+02   1.390575579043067906e-23
2.273103448275861922e+02   2.571420468651533385e-24
2.295172413793103487e+02   9.071002314409163555e-24
2.317241379310344769e+02   8.898573039717615922e-24
2.339310344827586050e+02   7.965147364307561342e-24
2.361379310344827616e+02   1.239633316501725653e-23
2.383448275862068897e+02   7.754254635712125472e-24
2.405517241379310178e+02   1.268133500037865415e-23
2.427586206896551744e+02   8.504697378697405271e-24
2.449655172413793025e+02   8.479912675170506046e-24
2.471724137931034306e+02   1.333160609313886741e-23
2.493793103448275872e+02   1.222648220649466086e-23
2.515862068965517153e+02   5.281461754438712164e-24
2.537931034482758719e+02   1.316799509031159826e-23
2.560000000000000000e+02   2.685222644775478561e-23
2.582068965517241281e+02   2.827811277136242868e-23
2.604137931034482563e+02   2.636954093549757289e-23
2.626206896551723844e+02   2.232176801318213552e-23
2.648275862068965694e+02   1.695394894706911820e-23
2.670344827586206975e+02   1.635319712323932404e-23
2.692413793103448256e+02   1.072304664364330269e-23
2.714482758620689538e+02   1.226093856402474461e-23
2.736551724137930819e+02   8.624949847659083339e-24
2.758620689655172100e+02   9.573676936998670898e-24
2.780689655172413950e+02   9.263029207276093804e-24
2.802758620689655231e+02   1.431410986565989039e-23
2.824827586206896513e+02   9.194659561001423893e-24
2.846896551724137794e+02   3.322203569065436673e-24
2.868965517241379075e+02   7.586715070403627029e-24
2.891034482758620925e+02   4.345399801888789863e-24
2.913103448275862206e+02   3.156113186967067509e-24
2.935172413793103487e+02   8.575768138497035040e-24
2.957241379310344769e+02   5.921097603555012665e-24
2.979310344827586050e+02   3.449144712395029657e-24
3.001379310344827331e+02   6.709849168053768079e-24
3.023448275862069181e+02   8.102670372282493467e-24
3.045517241379310462e+02   9.589607177542774581e-24
3.067586206896551744e+02   5.906250595846908657e-23
3.089655172413793025e+02   3.650313748525997422e-24
3.111724137931034306e+02   2.102898466503629496e-24
3.133793103448275588e+02   5.272305592469594762e-24
3.155862068965517437e+02   5.424976280439141034e-24
3.177931034482758719e+02   9.676087458949731128e-24
3.200000000000000000e+02   2.107382990148650392e-24
3.222068965517241281e+02   5.514137146716628225e-25
3.244137931034482563e+02   6.190766005992932401e-24
3.266206896551723844e+02   7.413246319993883990e-25
3.288275862068965694e+02   8.124155275282788012e-24
3.310344827586206975e+02   2.976304653496313384e-24
3.332413793103448256e+02   4.058260452072651937e-24
3.354482758620689538e+02   8.831670253174039489e-24
3.376551724137930819e+02   5.464573836791487653e-24
3.398620689655172100e+02   1.759820475504316202e-24
3.420689655172413950e+02   4.915267045879030415e-24
3.442758620689655231e+02   3.679605398315278431e-24
3.464827586206896513e+02   9.187343577501218275e-24
3.486896551724137794e+02   3.671193513206002972e-24
3.508965517241379075e+02   5.062508687389305616e-24
3.531034482758620925e+02   2.579018756106694064e-24
3.553103448275862206e+02   4.085094992456758381e-24
3.575172413793103487e+02   5.643110850041725831e-24
3.597241379310344769e+02   7.173314222338477046e-24
3.619310344827586050e+02   1.319447894701318605e-24
3.641379310344827331e+02   4.800955299937524835e-24
3.663448275862069181e+02   2.983112457390504691e-24
3.685517241379310462e+02   2.503088447280128296e-24
3.707586206896551744e+02   2.959269854365877403e-24
3.729655172413793025e+02   9.958655204430978368e-25
3.751724137931034306e+02   2.036892112210957423e-24
3.773793103448275588e+02   7.107477297440409470e-24
3.795862068965517437e+02   1.871710973625235173e-24
3.817931034482758719e+02   2.749811277453161949e-24
3.840000000000000000e+02   5.109014013165150277e-24
3.862068965517241281e+02   1.691501185162638938e-24
3.884137931034482563e+02   1.975384509540514730e-24
3.906206896551723844e+02   5.135721302481037806e-24
3.928275862068965694e+02   4.807380922517753241e-24
3.950344827586206975e+02   1.776303831260917746e-24
3.972413793103448256e+02   5.775685025916141675e-24
3.994482758620689538e+02   3.071437384600194943e-24
4.016551724137930819e+02   3.885255584913191451e-24
4.038620689655172100e+02   1.796538595588338924e-24
4.060689655172413950e+02   4.402415777187498246e-24
4.082758620689655231e+02   3.870359990997618627e-24
4.104827586206896513e+02   9.151358046289913778e-24
4.126896551724137794e+02   8.777857107583978545e-24
4.148965517241379075e+02   5.825976486388251945e-24
4.171034482758620356e+02   3.207915873223542635e-24
4.193103448275862206e+02   4.097830280486346089e-24
4.215172413793103487e+02   3.805188901859507259e-24
4.237241379310344769e+02   7.029796894776981036e-24
4.259310344827586050e+02   2.469652404209067168e-24
4.281379310344827331e+02   5.149614364471607117e-24
4.303448275862069181e+02   9.137935895160856962e-24
4.325517241379310462e+02   5.893267178605599797e-24
4.347586206896551744e+02   3.773018472764087238e-24
4.369655172413793025e+02   2.739856600354642084e-24
4.391724137931034306e+02   1.993470087600157102e-24
4.413793103448275588e+02   3.233077731511823659e-24
4.435862068965517437e+02   1.206731835400921643e-24
4.457931034482758719e+02   4.987434125507437637e-24
4.480000000000000000e+02   3.918924216928507995e-24
4.502068965517241281e+02   4.353553115262857122e-24
4.524137931034482563e+02   3.081387770743819872e-24
4.546206896551723844e+02   7.867173128366433385e-24
4.568275862068965694e+02   1.526102333968464183e-24
4.590344827586206975e+02   3.587795261141312256e-24
4.612413793103448256e+02   2.959779102675481665e-24
4.634482758620689538e+02   4.504019995440099432e-24
4.656551724137930819e+02   4.894552986156880059e-24
4.678620689655172100e+02   2.471294829817728967e-24
4.700689655172413950e+02   7.601960633303200775e-24
4.722758620689655231e+02   3.137520237521150841e-24
4.744827586206896513e+02   1.680502104115327120e-24
4.766896551724137794e+02   6.430819085500452006e-24
4.788965517241379075e+02   3.584016136655107147e-24
4.811034482758620356e+02   3.863982522912703247e-24
4.833103448275862206e+02   1.970702899086039549e-24
4.855172413793103487e+02   2.689522467707653520e-24
4.877241379310344769e+02   1.218127598205647810e-23
4.899310344827586050e+02   6.377291647930945322e-24
4.921379310344827331e+02   5.690889665537601839e-24
4.943448275862068613e+02   5.057750283522182208e-24
4.965517241379310462e+02   4.521288710037443058e-24
4.987586206896551744e+02   4.080352256419183392e-24
5.009655172413793025e+02   5.010239276302812263e-24
5.031724137931034306e+02   7.159515336886960362e-24
5.053793103448275588e+02   5.122259041797280141e-24
5.075862068965517437e+02   7.119745065219425503e-24
5.097931034482758719e+02   1.854805230633566377e-24
5.120000000000000000e+02   1.923905928678571769e-24
5.142068965517241850e+02   7.346831112439702926e-24
5.164137931034482563e+02   2.831679437673268939e-24
5.186206896551724412e+02   5.317874324990461716e-24
5.208275862068965125e+02   3.701225401953267585e-24
5.230344827586206975e+02   4.218657657570920525e-24
5.252413793103447688e+02   4.094382306747761650e-24
5.274482758620689538e+02   4.865705600719708792e-24
5.296551724137931387e+02   6.801897346839452764e-24
5.318620689655172100e+02   6.528710783914731633e-24
5.340689655172413950e+02   5.549840647565938758e-24
5.362758620689654663e+02   2.725603853377400551e-24
5.384827586206896513e+02   2.989162434835214074e-24
5.406896551724138362e+02   7.007079792121989368e-24
5.428965517241379075e+02   4.865783640887950656e-24
5.451034482758620925e+02   6.959086289715192780e-24
5.473103448275861638e+02   4.601482725274527065e-24
5.495172413793103487e+02   1.015320803467624647e-23
5.517241379310344200e+02   6.673981359218697691e-24
5.539310344827586050e+02   1.081947988973339259e-24
5.561379310344827900e+02   8.728054079067111539e-24
5.583448275862068613e+02   3.679274057165742915e-24
5.605517241379310462e+02   4.642599121253395037e-24
5.627586206896551175e+02   5.322765800936992991e-24
5.649655172413793025e+02   6.521251301031734471e-24
5.671724137931034875e+02   4.343796229666239081e-24
5.693793103448275588e+02   1.785358352581099360e-24
5.715862068965517437e+02   2.717771678771071041e-24
5.737931034482758150e+02   3.324215492513655827e-24
5.760000000000000000e+02   1.824130335772844122e-24
5.782068965517241850e+02   1.229449182816826331e-24
5.804137931034482563e+02   4.187605326952774889e-25
5.826206896551724412e+02   2.481071716119444758e-24
5.848275862068965125e+02   3.925442300402898925e-24
5.870344827586206975e+02   5.767872222274139584e-24
5.892413793103447688e+02   6.918342649181265981e-24
5.914482758620689538e+02   4.612413523753021121e-24
5.936551724137931387e+02   3.706239645993136345e-24
5.958620689655172100e+02   4.106285743550880232e-24
5.980689655172413950e+02   1.219698841849889961e-23
6.002758620689654663e+02   4.978749967278436359e-24
6.024827586206896513e+02   3.077330040532639666e-24
6.046896551724138362e+02   2.215992182080765140e-24
6.068965517241379075e+02   4.468845976771290737e-24
6.091034482758620925e+02   1.920231163665874513e-24
6.113103448275861638e+02   9.119442511440615250e-24
6.135172413793103487e+02   1.097263410864270426e-24
6.157241379310344200e+02   8.271208194323683333e-24
6.179310344827586050e+02   5.782729626869416921e-24
6.201379310344827900e+02   2.305852235780227325e-24
6.223448275862068613e+02   2.119817715641941552e-24
6.245517241379310462e+02   3.495869251670451806e-24
6.267586206896551175e+02   9.001247070143912421e-25
6.289655172413793025e+02   2.203533860092907114e-24
6.311724137931034875e+02   3.767851593074928964e-24
6.333793103448275588e+02   4.349492528292584324e-24
6.355862068965517437e+02   6.086057536197625134e-24
6.377931034482758150e+02   2.391846216929443223e-24
6.400000000000000000e+02   6.511012331907643379e-25
6.422068965517241850e+02   2.350844618830689037e-24
6.444137931034482563e+02   5.094482493359565892e-24
6.466206896551724412e+02   7.023081452724369673e-24
6.488275862068965125e+02   1.738191937178192811e-24
6.510344827586206975e+02   2.675323227551992622e-24
6.532413793103447688e+02   6.187793082782455574e-24
6.554482758620689538e+02   6.351417711916384264e-24
6.576551724137931387e+02   1.482178626660940147e-23
6.598620689655172100e+02   5.934361918706941173e-24
6.620689655172413950e+02   1.476672111852715295e-24
6.642758620689654663e+02   2.647984417840967548e-24
6.664827586206896513e+02   5.994106004599698317e-24
6.686896551724138362e+02   2.150819813211211718e-24
6.708965517241379075e+02   5.800442726944619098e-24
6.731034482758620925e+02   4.289819069231272237e-24
6.753103448275861638e+02   2.254597887906245736e-24
6.775172413793103487e+02   6.093574096301621121e-24
6.797241379310344200e+02   5.889484184741716779e-24
6.819310344827586050e+02   6.982889346058048789e-24
6.841379310344827900e+02   4.824178199218380131e-24
6.863448275862068613e+02   3.702087611090270613e-24
6.885517241379310462e+02   8.606576884990920843e-25
6.907586206896551175e+02   2.601874106297344639e-24
6.929655172413793025e+02   6.026624260548693592e-24
6.951724137931034875e+02   5.747205258033833497e-24
6.973793103448275588e+02   9.395732230010908931e-24
6.995862068965517437e+02   6.623302533649934836e-24
7.017931034482758150e+02   1.510029856019977537e-25
7.040000000000000000e+02   1.680763107911656686e-24
7.062068965517241850e+02   6.303394898977891605e-24
7.084137931034482563e+02   5.802054723022752488e-24
7.106206896551724412e+02   5.384380824949703965e-24
7.128275862068965125e+02   2.926997978197758650e-24
7.150344827586206975e+02   7.846586122456161254e-25
7.172413793103447688e+02   4.254908542538156575e-24
7.194482758620689538e+02   2.610770282824994676e-24
7.216551724137931387e+02   5.671099590995593955e-24
7.238620689655172100e+02   8.055293843692826166e-24
7.260689655172413950e+02   6.274557136533628786e-24
7.282758620689654663e+02   6.287415381861000076e-24
7.304827586206896513e+02   7.247829438181076929e-24
7.326896551724138362e+02   5.513304124506730745e-24
7.348965517241379075e+02   8.640382531718352069e-24
7.371034482758620925e+02   5.725317950829946867e-24
7.393103448275861638e+02   3.985760195843957220e-24
7.415172413793103487e+02   2.655191321695349941e-24
7.437241379310344200e+02   1.756838439412549612e-24
7.459310344827586050e+02   1.076833237300970962e-23
7.481379310344827900e+02   7.582036466806306638e-24
7.503448275862068613e+02   5.781157565357767862e-24
7.525517241379310462e+02   5.210125154118282597e-24
7.547586206896551175e+02   3.499546356147937757e-24
7.569655172413793025e+02   3.534556826840597778e-24
7.591724137931034875e+02   3.909507430538907162e-24
7.613793103448275588e+02   4.400303040959489299e-24
7.635862068965517437e+02   3.840036062294373606e-24
7.657931034482758150e+02   1.802315655505994732e-24
7.680000000000000000e+02   3.411710396833593691e-24
7.702068965517240713e+02   3.462552127504254993e-24
7.724137931034482563e+02   2.144025393032312021e-24
7.746206896551724412e+02   2.030387675530500510e-24
7.768275862068965125e+02   4.971377100270872873e-24
7.790344827586206975e+02   6.081545402630834304e-24
7.812413793103447688e+02   3.945150925430470348e-24
7.834482758620689538e+02   4.996304114707598793e-24
7.856551724137931387e+02   5.752024545490105130e-24
7.878620689655172100e+02   4.579091895044073180e-24
7.900689655172413950e+02   3.686066941837232683e-24
7.922758620689654663e+02   2.571689061050902731e-24
7.944827586206896513e+02   4.564144209568602196e-24
7.966896551724138362e+02   5.396549574795286120e-24
7.988965517241379075e+02   2.379195910546995841e-24
8.011034482758620925e+02   2.767556055397439560e-24
8.033103448275861638e+02   7.489911861038924889e-24
8.055172413793103487e+02   5.262862388839943878e-24
8.077241379310344200e+02   8.302000959941682644e-24
8.099310344827586050e+02   6.577675879399933502e-24
8.121379310344827900e+02   3.999576019075039600e-24
8.143448275862068613e+02   3.149403669683588302e-24
8.165517241379310462e+02   6.318147446107994174e-24
8.187586206896551175e+02   3.590376759543229442e-24
8.209655172413793025e+02   6.484932159135555357e-24
8.231724137931034875e+02   5.038628323082152821e-24
8.253793103448275588e+02   4.886383752570374173e-24
8.275862068965517437e+02   3.926887916681260309e-24
8.297931034482758150e+02   6.083220782622422901e-24
8.320000000000000000e+02   9.800605752579490696e-24
8.342068965517240713e+02   3.798977330329255600e-24
8.364137931034482563e+02   6.147839237341802570e-24
8.386206896551724412e+02   3.673355734515670330e-24
8.408275862068965125e+02   2.672680984630347127e-24
8.430344827586206975e+02   4.976078129455374690e-25
8.452413793103447688e+02   4.344774918487866669e-24
8.474482758620689538e+02   3.251039379773183468e-24
8.496551724137931387e+02   9.124972149552941187e-24
8.518620689655172100e+02   1.571483909606495258e-24
8.540689655172413950e+02   6.806719443268071830e-24
8.562758620689654663e+02   6.041249866256450770e-24
8.584827586206896513e+02   5.095318343656220651e-24
8.606896551724138362e+02   6.235000864462775700e-24
8.628965517241379075e+02   3.883272566531087683e-24
8.651034482758620925e+02   1.178786182149904778e-23
8.673103448275861638e+02   5.389797506672073380e-24
8.695172413793103487e+02   1.454295086949811351e-24
8.717241379310344200e+02   8.820087555024717677e-24
8.739310344827586050e+02   4.496569273015714111e-24
8.761379310344827900e+02   4.000276122928871824e-24
8.783448275862068613e+02   4.912917588840862752e-24
8.805517241379310462e+02   3.936602368472645049e-24
8.827586206896551175e+02   1.834680611650833184e-24
8.849655172413793025e+02   5.124128589334431277e-24
8.871724137931034875e+02   1.029270421949648955e-23
8.893793103448275588e+02   2.953199157974759130e-24
8.915862068965517437e+02   5.924160625673153060e-24
8.937931034482758150e+02   3.457659310150855856e-24
8.960000000000000000e+02   8.637515822721584844e-24
8.982068965517240713e+02   5.609498725157076941e-24
9.004137931034482563e+02   2.636864415776471683e-24
9.026206896551724412e+02   3.717708080227649478e-24
9.048275862068965125e+02   1.018357428795912611e-23
9.070344827586206975e+02   6.989319971074275137e-24
9.092413793103447688e+02   6.681637215358794965e-24
9.114482758620689538e+02   6.954219195496970182e-24
9.136551724137931387e+02   5.445793332445985332e-24
9.158620689655172100e+02   8.009250418739975864e-24
9.180689655172413950e+02   3.996906570819067227e-24
9.202758620689654663e+02   4.147976680459141040e-24
9.224827586206896513e+02   6.234952313875235005e-24
9.246896551724138362e+02   7.381586316163590858e-24
9.268965517241379075e+02   1.002905200664282220e-23
9.291034482758620925e+02   1.555638313145895297e-24
9.313103448275861638e+02   6.256322222820718324e-24
9.335172413793103487e+02   3.017097466343897748e-24
9.357241379310344200e+02   2.571723648661352906e-24
9.379310344827586050e+02   2.679752848905726587e-24
9.401379310344827900e+02   1.385631718708382406e-24
9.423448275862068613e+02   2.777399227351080171e-24
9.445517241379310462e+02   3.782657599080888379e-24
9.467586206896551175e+02   5.624032323233707661e-24
9.489655172413793025e+02   8.689398379895036370e-24
9.511724137931034875e+02   4.386355449996279124e-24
9.533793103448275588e+02   1.084517560918425064e-23
9.555862068965517437e+02   1.076484039742788471e-23
9.577931034482758150e+02   3.908519729598840264e-24
9.600000000000000000e+02   2.641898559397918522e-24
9.622068965517240713e+02   2.358787066107137811e-24
9.644137931034482563e+02   1.933415452021589900e-24
9.666206896551724412e+02   7.110998392314543466e-24
9.688275862068965125e+02   2.212550118177538382e-24
9.710344827586206975e+02   8.749921927266436266e-24
9.732413793103447688e+02   9.804736497879316820e-25
9.754482758620689538e+02   8.117777480025938167e-24
9.776551724137931387e+02   4.981141724119461113e-24
9.798620689655172100e+02   1.614069204927419451e-24
9.820689655172413950e+02   1.614995707200987525e-24
9.842758620689654663e+02   6.273995275963045146e-24
9.864827586206896513e+02   5.825887565397248817e-24
9.886896551724137225e+02   7.280718962698949747e-24
9.908965517241379075e+02   4.015401434313629325e-24
9.931034482758620925e+02   5.402924466188138570e-24
9.953103448275861638e+02   2.732865860734744813e-24
9.975172413793103487e+02   4.373937102034458159e-24
9.997241379310344200e+02   4.144265686886336702e-24
1.001931034482758605e+03   5.131417599154400234e-24
1.004137931034482790e+03   3.324047333009213168e-24
1.006344827586206861e+03   7.747043965640350678e-24
1.008551724137931046e+03   1.007553290149236447e-23
1.010758620689655118e+03   8.581542891862211793e-24
1.012965517241379303e+03   5.186413334125660285e-24
1.015172413793103487e+03   2.334035963862861118e-24
1.017379310344827559e+03   1.116429620447649264e-23
1.019586206896551744e+03   9.774357252900123688e-24
1.021793103448275815e+03   2.716069535183449223e-24
1.024000000000000000e+03   5.525353919324002089e-24
1.026206896551724185e+03   4.474284677113479616e-24
1.028413793103448370e+03   2.273689985498996041e-24
1.030620689655172328e+03   4.424778348696948570e-24
1.032827586206896513e+03   1.023992041394721708e-23
1.035034482758620697e+03   1.438162417975862471e-23
1.037241379310344882e+03   1.109151900211014324e-23
1.039448275862068840e+03   6.667574179762803165e-24
1.041655172413793025e+03   8.893883453018580791e-25
1.043862068965517210e+03   4.253510108659781201e-24
1.046068965517241395e+03   8.288055401455995500e-24
1.048275862068965580e+03   7.427060011742535506e-24
1.050482758620689538e+03   5.187617919600347066e-24
1.052689655172413723e+03   1.001682573133305533e-24
1.054896551724137908e+03   4.326670375512956591e-24
1.057103448275862092e+03   2.386901202147730451e-24
1.059310344827586277e+03   3.190569554688457693e-24
1.061517241379310235e+03   7.873539324885241900e-24
1.063724137931034420e+03   6.700384870470435582e-24
1.065931034482758605e+03   5.728728130280187052e-25
1.068137931034482790e+03   1.182636505944408543e-23
1.070344827586206975e+03   9.477930975401575204e-24
1.072551724137930933e+03   5.702830716467793228e-24
1.074758620689655118e+03   1.116033444516965689e-24
1.076965517241379303e+03   5.753682997047424201e-24
1.079172413793103487e+03   5.160346562991210409e-24
1.081379310344827672e+03   1.046574672211234947e-23
1.083586206896551630e+03   4.989763703492951298e-24
1.085793103448275815e+03   7.639506001507847989e-24
1.088000000000000000e+03   5.342463248139722454e-24
1.090206896551724185e+03   1.151946513308654078e-23
1.092413793103448370e+03   9.838180518465998470e-24
1.094620689655172328e+03   3.100964434228133654e-24
1.096827586206896513e+03   1.231589086501434779e-23
1.099034482758620697e+03   7.950207138940075000e-24
1.101241379310344882e+03   7.109487625013389294e-24
1.103448275862068840e+03   3.842499986605516509e-24
1.105655172413793025e+03   5.922466672855817020e-24
1.107862068965517210e+03   8.363383532666423626e-24
1.110068965517241395e+03   4.804592152595234058e-24
1.112275862068965580e+03   4.970100657384920550e-24
1.114482758620689538e+03   3.958964252924401595e-24
1.116689655172413723e+03   8.135671558441109863e-24
1.118896551724137908e+03   5.331180354810980583e-24
1.121103448275862092e+03   2.075615815564371429e-24
1.123310344827586277e+03   8.000033639792720884e-24
1.125517241379310235e+03   1.260865271167731439e-24
1.127724137931034420e+03   4.041164505714982949e-24
1.129931034482758605e+03   1.316118975245610180e-23
1.132137931034482790e+03   7.156167223542243011e-24
1.134344827586206975e+03   8.119259160874545418e-24
1.136551724137930933e+03   3.731352653870432476e-24
1.138758620689655118e+03   7.024498466999609892e-24
1.140965517241379303e+03   5.986240998785293836e-24
1.143172413793103487e+03   1.339200964163468059e-23
1.145379310344827672e+03   5.024304748032685318e-24
1.147586206896551630e+03   7.952352967881617400e-24
1.149793103448275815e+03   3.575573914931127236e-24
1.152000000000000000e+03   9.605128423608581257e-24
1.154206896551724185e+03   4.592868010576333954e-24
1.156413793103448370e+03   3.588730341944327915e-24
1.158620689655172328e+03   4.688370300989696183e-24
1.160827586206896513e+03   9.352778072160975374e-24
1.163034482758620697e+03   5.043682268261932949e-24
1.165241379310344882e+03   1.355069635337334383e-23
1.167448275862068840e+03   2.930802298771067333e-24
1.169655172413793025e+03   3.140451219724144636e-24
1.171862068965517210e+03   8.058253541272830357e-24
1.174068965517241395e+03   8.469906085380278577e-24
1.176275862068965580e+03   7.430399456978519543e-24
1.178482758620689538e+03   1.152754727213009718e-23
1.180689655172413723e+03   1.308719010688898364e-23
1.182896551724137908e+03   9.086860006060523008e-24
1.185103448275862092e+03   2.913101919513990902e-24
1.187310344827586277e+03   1.350975647055808244e-23
1.189517241379310235e+03   2.639628157408400721e-24
1.191724137931034420e+03   7.369954941003446005e-24
1.193931034482758605e+03   1.270590273607763870e-23
1.196137931034482790e+03   5.902005527413572610e-24
1.198344827586206975e+03   1.381755506456986687e-23
1.200551724137930933e+03   4.177075533673106135e-24
1.202758620689655118e+03   6.639403128091932289e-24
1.204965517241379303e+03   1.083217269876161029e-23
1.207172413793103487e+03   4.687558382843967106e-24
1.209379310344827672e+03   6.145898603845750953e-24
1.211586206896551630e+03   1.104051183550243240e-23
1.213793103448275815e+03   2.508039634033924882e-24
1.216000000000000000e+03   7.972119776342119540e-24
1.218206896551724185e+03   1.526436982988774006e-23
1.220413793103448370e+03   8.769968011196600282e-24
1.222620689655172328e+03   7.300501164431489157e-24
1.224827586206896513e+03   1.241374897935075069e-23
1.227034482758620697e+03   1.162245259227292208e-24
1.229241379310344882e+03   4.001996670565880382e-24
1.231448275862068840e+03   9.221412917376237642e-24
1.233655172413793025e+03   5.594274022064223357e-24
1.235862068965517210e+03   1.579371582076999141e-24
1.238068965517241395e+03   9.096579033594357581e-24
1.240275862068965580e+03   8.192221409641931615e-24
1.242482758620689538e+03   9.140191050570376891e-24
1.244689655172413723e+03   1.123125504230514472e-23
1.246896551724137908e+03   1.156268050589131698e-23
1.249103448275862092e+03   4.651908950001218604e-24
1.251310344827586277e+03   9.201718188391182429e-24
1.253517241379310235e+03   2.084636820074963185e-24
1.255724137931034420e+03   6.399298836711430742e-24
1.257931034482758605e+03   8.237384630806129270e-24
1.260137931034482790e+03   2.616670711911454281e-24
1.262344827586206975e+03   1.027623376650362060e-23
1.264551724137930933e+03   9.979802054183642095e-24
1.266758620689655118e+03   7.730031103077114885e-24
1.268965517241379303e+03   7.243338598292532094e-24
1.271172413793103487e+03   5.027686650317366817e-24
1.273379310344827672e+03   6.059354411979627702e-24
1.275586206896551630e+03   5.870811001706008435e-24
1.277793103448275815e+03   1.359084709998973956e-23
1.280000000000000000e+03   9.473258820385469454e-24
1.282206896551724185e+03   4.854249314208390673e-24
1.284413793103448370e+03   1.093058312731675925e-23
1.286620689655172328e+03   1.726368166737813717e-23
1.288827586206896513e+03   4.189255596138202878e-24
1.291034482758620697e+03   5.656939177926268520e-24
1.293241379310344882e+03   6.763777545544499652e-24
1.295448275862068840e+03   9.186153642655760714e-24
1.297655172413793025e+03   4.558557745160339383e-24
1.299862068965517210e+03   1.192999446906406465e-23
1.302068965517241395e+03   5.281261736453410375e-24
1.304275862068965580e+03   5.946110645166817133e-24
1.306482758620689538e+03   4.635373333802362402e-24
1.308689655172413723e+03   1.361632382325636780e-23
1.310896551724137908e+03   6.751650412615791978e-24
1.313103448275862092e+03   4.752531234892242953e-24
1.315310344827586277e+03   8.243023732946738677e-24
1.317517241379310235e+03   6.861628188780211958e-24
1.319724137931034420e+03   9.256690054072179970e-25
1.321931034482758605e+03   1.731686088872614910e-23
1.324137931034482790e+03   6.593913226849785348e-24
1.326344827586206975e+03   1.606683818850703749e-23
1.328551724137930933e+03   6.769769285456717073e-24
1.330758620689655118e+03   4.309569668203023431e-24
1.332965517241379303e+03   5.295921793258313953e-24
1.335172413793103487e+03   7.116622505610460004e-24
1.337379310344827672e+03   5.275420004270447729e-24
1.339586206896551630e+03   3.819365733637814161e-24
1.341793103448275815e+03   1.261631177279111408e-23
1.344000000000000000e+03   5.401120892728058744e-24
1.346206896551724185e+03   4.554852572354423211e-24
1.348413793103448370e+03   7.553732993642966922e-24
1.350620689655172328e+03   3.934705802715366343e-24
1.352827586206896513e+03   7.135354809174466025e-24
1.355034482758620697e+03   6.685259009655575173e-25
1.357241379310344882e+03   9.780617445399927653e-24
1.359448275862068840e+03   1.419515681285765215e-23
1.361655172413793025e+03   6.271929059942393661e-24
1.363862068965517210e+03   6.476243077882863025e-24
1.366068965517241395e+03   7.221622199154812648e-24
1.368275862068965580e+03   8.746831104906308316e-24
1.370482758620689538e+03   8.021942726913140692e-24
1.372689655172413723e+03   6.692440950860930453e-25
1.374896551724137908e+03   4.625692870067729327e-24
1.377103448275862092e+03   5.414565724534390540e-24
1.379310344827586277e+03   5.433239619778002698e-24
1.381517241379310235e+03   6.625694318758625461e-24
1.383724137931034420e+03   8.678892423101886941e-24
1.385931034482758605e+03   2.279334875065754487e-24
1.388137931034482790e+03   7.130921066799407730e-24
1.390344827586206975e+03   2.807729078314813548e-24
1.392551724137930933e+03   7.219653607271373563e-24
1.394758620689655118e+03   2.953431772734479815e-24
1.396965517241379303e+03   3.693492192683637257e-24
1.399172413793103487e+03   5.915819857121045910e-24
1.401379310344827672e+03   6.466863770620314529e-24
1.403586206896551630e+03   1.117735497266270591e-23
1.405793103448275815e+03   2.202767230871417624e-23
1.408000000000000000e+03   8.414065723372842192e-24
1.410206896551724185e+03   7.684359725627711668e-24
1.412413793103448370e+03   9.709542359622721321e-24
1.414620689655172328e+03   1.242071531801257083e-23
1.416827586206896513e+03   3.981987882203319414e-25
1.419034482758620697e+03   6.865300044034600742e-24
1.421241379310344882e+03   1.235094069410976076e-23
1.423448275862068840e+03   1.055215250929768686e-23
1.425655172413793025e+03   6.883945697540195564e-24
1.427862068965517210e+03   6.067434757360034511e-24
1.430068965517241395e+03   8.175925668384873278e-24
1.432275862068965580e+03   3.690752744836981468e-24
1.434482758620689538e+03   1.347857594364826704e-23
1.436689655172413723e+03   8.223413635616345991e-24
1.438896551724137908e+03   8.874335973686290474e-24
1.441103448275862092e+03   7.865995298058724197e-24
1.443310344827586277e+03   1.190759261825367098e-23
1.445517241379310235e+03   3.952282043708092701e-24
1.447724137931034420e+03   1.318235133214513860e-23
1.449931034482758605e+03   9.246956946474244210e-24
1.452137931034482790e+03   9.763478989191650212e-24
1.454344827586206975e+03   1.009105238362167795e-23
1.456551724137930933e+03   1.050604725948104369e-23
1.458758620689655118e+03   7.823025690038696397e-24
1.460965517241379303e+03   4.467943940376824648e-24
1.463172413793103487e+03   9.775916834394604426e-24
1.465379310344827672e+03   4.076241370132281659e-24
1.467586206896551630e+03   1.345353599205937176e-23
1.469793103448275815e+03   1.478345332284750604e-23
1.472000000000000000e+03   5.752474023518844822e-24
1.474206896551724185e+03   7.546802429891412199e-24
1.476413793103448143e+03   4.875703012713061244e-24
1.478620689655172328e+03   1.090954285064958485e-23
1.480827586206896513e+03   8.008390770744149900e-24
1.483034482758620697e+03   5.339129945500789253e-24
1.485241379310344882e+03   6.533683283559255187e-24
1.487448275862068840e+03   5.145254356625398445e-24
1.489655172413793025e+03   8.889289441773030167e-24
1.491862068965517210e+03   9.045100935043648847e-24
1.494068965517241395e+03   8.119288089843483991e-24
1.496275862068965580e+03   5.844633517046974862e-24
1.498482758620689538e+03   7.694296608580499596e-24
1.500689655172413723e+03   3.580327505542981732e-24
1.502896551724137908e+03   3.472760625596026817e-24
1.505103448275862092e+03   1.481433690833190378e-23
1.507310344827586277e+03   6.249403835747357340e-24
1.509517241379310235e+03   8.827076505889865083e-24
1.511724137931034420e+03   1.262211830217389450e-23
1.513931034482758605e+03   9.165856126975499936e-24
1.516137931034482790e+03   4.038061093395732917e-24
1.518344827586206975e+03   1.144109763128329320e-23
1.520551724137930933e+03   8.509995956899776286e-24
1.522758620689655118e+03   2.324210220789227690e-24
1.524965517241379303e+03   1.031158582717980306e-23
1.527172413793103487e+03   1.005745680415955549e-23
1.529379310344827672e+03   3.944658813159858168e-24
1.531586206896551630e+03   9.301945850924886836e-24
1.533793103448275815e+03   1.214080630737440122e-23
1.536000000000000000e+03   1.405174959562866775e-23
1.538206896551724185e+03   1.124051692341066718e-23
1.540413793103448143e+03   4.828808992010439109e-24
1.542620689655172328e+03   4.452565556828050172e-24
1.544827586206896513e+03   9.839188967408503415e-24
1.547034482758620697e+03   1.869288589443012568e-23
1.549241379310344882e+03   2.033617694836696650e-24
1.551448275862068840e+03   1.290690113506388927e-23
1.553655172413793025e+03   1.075770088374854099e-23
1.555862068965517210e+03   4.526837109741304778e-24
1.558068965517241395e+03   1.175117405783892669e-23
1.560275862068965580e+03   6.752246656148411286e-24
1.562482758620689538e+03   2.050618790921500929e-24
1.564689655172413723e+03   6.329120303361123693e-24
1.566896551724137908e+03   1.363830926639641803e-23
1.569103448275862092e+03   4.889783642679531814e-24
1.571310344827586277e+03   7.434011547519207410e-24
1.573517241379310235e+03   3.519140898069308236e-24
1.575724137931034420e+03   1.083953285002948778e-23
1.577931034482758605e+03   3.038580903190904247e-24
1.580137931034482790e+03   6.801982372979827891e-24
1.582344827586206975e+03   4.815411183577003587e-24
1.584551724137930933e+03   1.663648438805022556e-24
1.586758620689655118e+03   3.898084049040038899e-24
1.588965517241379303e+03   2.355405934869234680e-24
1.591172413793103487e+03   2.647400713041342202e-24
1.593379310344827672e+03   2.711761528682577999e-24
1.595586206896551630e+03   1.015837700810703893e-23
1.597793103448275815e+03   8.187215990679720928e-24
1.600000000000000000e+03   3.685457619966077885e-24
1.602206896551724185e+03   7.742191800802141123e-24
1.604413793103448143e+03   7.763362374233119925e-24
1.606620689655172328e+03   5.738322446312429964e-24
1.608827586206896513e+03   1.033858214979772281e-23
1.611034482758620697e+03   4.763965837644621354e-24
1.613241379310344882e+03   4.506461948869520929e-24
1.615448275862068840e+03   7.313703472797619673e-24
1.617655172413793025e+03   7.815347481780085538e-24
1.619862068965517210e+03   5.101955589793440423e-24
1.622068965517241395e+03   5.603768308966975603e-24
1.624275862068965580e+03   3.652500613948983465e-24
1.626482758620689538e+03   5.511019219471911830e-24
1.628689655172413723e+03   5.370827511088594331e-24
1.630896551724137908e+03   5.715648056980597727e-24
1.633103448275862092e+03   5.092096118269360526e-24
1.635310344827586277e+03   1.029047614442246975e-23
1.637517241379310235e+03   5.327289233046295115e-24
1.639724137931034420e+03   6.099425516774602527e-24
1.641931034482758605e+03   6.241686701652868311e-24
1.644137931034482790e+03   4.787183426784614518e-24
1.646344827586206975e+03   1.005441409372812852e-23
1.648551724137930933e+03   4.509080011992385412e-24
1.650758620689655118e+03   1.064937510593595777e-23
1.652965517241379303e+03   5.085248330623001534e-24
1.655172413793103487e+03   5.175384223908732035e-24
1.657379310344827672e+03   4.293856677087450013e-24
1.659586206896551630e+03   1.569568103441058308e-23
1.661793103448275815e+03   1.583993680555312389e-23
1.664000000000000000e+03   1.084629078598892671e-23
1.666206896551724185e+03   9.791402674425136582e-24
1.668413793103448143e+03   9.611697305604468943e-24
1.670620689655172328e+03   8.791480730738510394e-24
1.672827586206896513e+03   7.988701405313110180e-24
1.675034482758620697e+03   6.773327970625156480e-24
1.677241379310344882e+03   5.843622101062845382e-24
1.679448275862068840e+03   7.137048514106133574e-24
1.681655172413793025e+03   6.627409292276061903e-24
1.683862068965517210e+03   3.755030475237553167e-24
1.686068965517241395e+03   8.917480025143967195e-24
1.688275862068965580e+03   8.384143054353353350e-24
1.690482758620689538e+03   2.164097930367606023e-24
1.692689655172413723e+03   9.383157683645984701e-24
1.694896551724137908e+03   1.284538527109022342e-23
1.697103448275862092e+03   6.903402879485993581e-24
1.699310344827586277e+03   8.309679025493327992e-24
1.701517241379310235e+03   9.149082366837103874e-24
1.703724137931034420e+03   2.964713095031669383e-24
1.705931034482758605e+03   5.701968043850198547e-24
1.708137931034482790e+03   9.155438110774220648e-24
1.710344827586206975e+03   1.566660823842695945e-23
1.712551724137930933e+03   1.514268353472448024e-23
1.714758620689655118e+03   3.585386491625314412e-24
1.716965517241379303e+03   6.746489232042451982e-24
1.719172413793103487e+03   6.471482323818377096e-24
1.721379310344827672e+03   2.535745098183643626e-24
1.723586206896551630e+03   7.426220896878541270e-24
1.725793103448275815e+03   6.395875031525841471e-24
1.728000000000000000e+03   1.056777101795717559e-23
1.730206896551724185e+03   1.722689481064163038e-23
1.732413793103448143e+03   5.433656941031372974e-24
1.734620689655172328e+03   9.291913824403302050e-24
1.736827586206896513e+03   8.956616808573690764e-24
1.739034482758620697e+03   1.528131815638485168e-23
1.741241379310344882e+03   2.164306280315741368e-23
1.743448275862068840e+03   3.536355907086695244e-24
1.745655172413793025e+03   5.337678554295795521e-24
1.747862068965517210e+03   1.069177754421909220e-23
1.750068965517241395e+03   4.175650813967737474e-24
1.752275862068965580e+03   1.583911986811545294e-23
1.754482758620689538e+03   6.015295755013625273e-24
1.756689655172413723e+03   1.050755022117109602e-23
1.758896551724137908e+03   7.162121472714116064e-24
1.761103448275862092e+03   7.595331911848253693e-24
1.763310344827586277e+03   1.284919695505963803e-23
1.765517241379310235e+03   1.101224807849660707e-23
1.767724137931034420e+03   1.787741781129192075e-23
1.769931034482758605e+03   6.716123036658978591e-24
1.772137931034482790e+03   6.068918631198174257e-24
1.774344827586206975e+03   1.509803601071674668e-23
1.776551724137930933e+03   5.650109013626828040e-24
1.778758620689655118e+03   1.272304861571939393e-23
1.780965517241379303e+03   5.716476143584845633e-24
1.783172413793103487e+03   1.484521980499579306e-23
1.785379310344827672e+03   3.044542289248457639e-24
1.787586206896551630e+03   7.696777198486738020e-24
1.789793103448275815e+03   1.490346570452049870e-23
1.792000000000000000e+03   1.058133830467574115e-23
1.794206896551724185e+03   5.369619293881653298e-24
1.796413793103448143e+03   1.201427368602849009e-23
1.798620689655172328e+03   5.933894775931149964e-24
1.800827586206896513e+03   2.816422768207672326e-24
1.803034482758620697e+03   3.354631717352407914e-24
1.805241379310344882e+03   7.098580999410562232e-24
1.807448275862068840e+03   1.599951610250868605e-23
1.809655172413793025e+03   1.597938829947601720e-23
1.811862068965517210e+03   1.161784886506664473e-23
1.814068965517241395e+03   2.945813282025215178e-24
1.816275862068965580e+03   6.422168161642640251e-24
1.818482758620689538e+03   4.584214390915958874e-24
1.820689655172413723e+03   8.782266832741167676e-25
1.822896551724137908e+03   7.790192683409686061e-24
1.825103448275862092e+03   3.432363020444956363e-24
1.827310344827586277e+03   1.741372810374789741e-23
1.829517241379310235e+03   7.176062842581158649e-24
1.831724137931034420e+03   9.597494630559896665e-24
1.833931034482758605e+03   5.131882500336751995e-24
1.836137931034482790e+03   2.274514799528331231e-23
1.838344827586206975e+03   3.598561351167715780e-24
1.840551724137930933e+03   7.197301117943949136e-24
1.842758620689655118e+03   1.155363964599527134e-23
1.844965517241379303e+03   1.025486531417669347e-23
1.847172413793103487e+03   7.743194570731415126e-24
1.849379310344827672e+03   8.209215477720797356e-24
1.851586206896551630e+03   1.116934815177066118e-23
1.853793103448275815e+03   1.354475865689013922e-23
1.856000000000000000e+03   1.183563142156631262e-23
1.858206896551724185e+03   9.288839938405591725e-24
1.860413793103448143e+03   4.188853379363676180e-24
1.862620689655172328e+03   1.342343337577552547e-23
1.864827586206896513e+03   5.702186947423115849e-24
1.867034482758620697e+03   1.482567968445858382e-23
1.869241379310344882e+03   3.217880741961738855e-24
1.871448275862068840e+03   6.714185671621038876e-24
1.873655172413793025e+03   1.509323556085270911e-23
1.875862068965517210e+03   7.290463727198753923e-24
1.878068965517241395e+03   8.801621218061550916e-24
1.880275862068965580e+03   1.360249823816681166e-23
1.882482758620689538e+03   1.455454102722211103e-23
1.884689655172413723e+03   1.180368446718439698e-23
1.886896551724137908e+03   1.560277284180516528e-23
1.889103448275862092e+03   1.307289916862926663e-23
1.891310344827586277e+03   1.006117378559842144e-23
1.893517241379310235e+03   1.529523376506477541e-23
1.895724137931034420e+03   1.293426218533653594e-23
1.897931034482758605e+03   7.716305140171612068e-24
1.900137931034482790e+03   2.018878102327264301e-23
1.902344827586206975e+03   1.881560397306420101e-23
1.904551724137930933e+03   4.136121648597367324e-24
1.906758620689655118e+03   1.093546436680029211e-23
1.908965517241379303e+03   1.858717936223810845e-23
1.911172413793103487e+03   6.759339307023812820e-24
1.913379310344827672e+03   6.148389615178472149e-24
1.915586206896551630e+03   1.027235916813291856e-23
1.917793103448275815e+03   1.264844000682806054e-23
1.920000000000000000e+03   9.202893672447884772e-24
1.922206896551724185e+03   2.729071286713319307e-25
1.924413793103448143e+03   1.154412683763588287e-23
1.926620689655172328e+03   1.644046443431879437e-23
1.928827586206896513e+03   8.706826585901296755e-24
1.931034482758620697e+03   7.954217881463247220e-24
1.933241379310344882e+03   2.050207966340622836e-24
1.935448275862068840e+03   9.913504457372079744e-24
1.937655172413793025e+03   1.934058152179016991e-24
1.939862068965517210e+03   7.587406391362914810e-24
1.942068965517241395e+03   1.486981515151197780e-23
1.944275862068965580e+03   1.047280673335273700e-23
1.946482758620689538e+03   9.218028177983333387e-24
1.948689655172413723e+03   2.029925935803654685e-23
1.950896551724137908e+03   1.295468815381175349e-23
1.953103448275862092e+03   9.643289413267369738e-24
1.955310344827586277e+03   4.601081344507090815e-24
1.957517241379310235e+03   3.532179171133106385e-24
1.959724137931034420e+03   1.573368615283589291e-23
1.961931034482758605e+03   3.824566490265250369e-24
1.964137931034482790e+03   6.998978602410252138e-25
1.966344827586206975e+03   5.731609607888291968e-24
1.968551724137930933e+03   4.911909026535758830e-24
1.970758620689655118e+03   1.070398564028878126e-23
1.972965517241379303e+03   1.081797427350811324e-23
1.975172413793103487e+03   1.692711888520220335e-23
1.977379310344827445e+03   6.653965894906252276e-24
1.979586206896551630e+03   1.270280536301741521e-23
1.981793103448275815e+03   2.651832585077407446e-24
1.984000000000000000e+03   1.694677198541400129e-23
1.986206896551724185e+03   6.696376030127838737e-24
1.988413793103448143e+03   7.428467867536718656e-24
1.990620689655172328e+03   4.583620455770861545e-24
1.992827586206896513e+03   9.803524744683334502e-24
1.995034482758620697e+03   4.935307945121864864e-24
1.997241379310344882e+03   2.433147459372999121e-23
1.999448275862068840e+03   8.702515352290498601e-24
2.001655172413793025e+03   9.626062311177284062e-24
2.003862068965517210e+03   5.518348915734538397e-25
2.006068965517241395e+03   1.776038462046734645e-23
2.008275862068965580e+03   1.279265737014991552e-24
2.010482758620689538e+03   2.069931549285290968e-23
2.012689655172413723e+03   4.285199924989224436e-24
2.014896551724137908e+03   6.659656047881818807e-24
2.017103448275862092e+03   1.257666631897553206e-23
2.019310344827586277e+03   1.265843680096924906e-23
2.021517241379310235e+03   1.604818850967133846e-23
2.023724137931034420e+03   9.363767967633382788e-24
2.025931034482758605e+03   1.005221077437571642e-23
2.028137931034482790e+03   1.101397093036808741e-23
2.030344827586206975e+03   1.661539549688050600e-23
2.032551724137930933e+03   1.723323312678491181e-24
2.034758620689655118e+03   7.320428932971489703e-24
2.036965517241379303e+03   8.919653317276354777e-24
2.039172413793103487e+03   1.437440760984507538e-23
2.041379310344827445e+03   1.716340924266816478e-23
2.043586206896551630e+03   5.636077202549749437e-24
2.045793103448275815e+03   7.063863485953328581e-24
2.048000000000000000e+03   1.709164046607730737e-23
