2.206896551724138078e+01   6.644664064830148401e-24
2.427586206896551602e+01   1.201899766513110984e-23
2.648275862068965480e+01   2.217881361091660998e-23
2.868965517241379359e+01   3.904808504750403245e-23
3.089655172413792883e+01   4.114987215061811334e-23
3.310344827586207117e+01   2.536711985097099514e-23
3.531034482758620641e+01   2.831326685419489980e-23
3.751724137931034164e+01   1.970662608226054551e-23
3.972413793103448398e+01   1.706332306680554664e-23
4.193103448275861922e+01   1.711218357420972838e-23
4.413793103448276156e+01   1.209126905333432046e-23
4.634482758620689680e+01   1.310245331341101812e-23
4.855172413793103203e+01   1.346338548823863960e-23
5.075862068965517437e+01   9.962424680902544688e-24
5.296551724137930961e+01   1.010241697089922561e-23
5.517241379310344485e+01   1.119110392734950875e-23
5.737931034482758719e+01   8.977035111013359353e-24
5.958620689655172242e+01   7.950722429185310480e-24
6.179310344827585766e+01   9.381477306504004102e-24
6.400000000000000000e+01   8.565050129490766484e-24
6.620689655172414234e+01   6.804253672234069214e-24
6.841379310344827047e+01   7.730221845084447813e-24
7.062068965517241281e+01   8.207706454447127975e-24
7.282758620689655515e+01   6.751141102025323542e-24
7.503448275862068328e+01   6.629749916222803326e-24
7.724137931034482563e+01   7.821978682980563179e-24
7.944827586206896797e+01   7.232513515266252781e-24
8.165517241379309610e+01   5.888597206540758085e-24
8.386206896551723844e+01   6.453184254147162914e-24
8.606896551724138078e+01   6.885339164992337067e-24
8.827586206896552312e+01   5.742126757719371819e-24
9.048275862068965125e+01   5.344279986434857606e-24
9.268965517241379359e+01   6.285558990639064474e-24
9.489655172413793593e+01   6.058832772334159409e-24
9.710344827586206407e+01   5.035176281718973918e-24
9.931034482758620641e+01   5.491311303054129482e-24
1.015172413793103487e+02   6.109141120017156469e-24
1.037241379310344769e+02   5.385222347619514482e-24
1.059310344827586192e+02   4.885426874640444873e-24
1.081379310344827616e+02   5.674080152811822733e-24
1.103448275862068897e+02   5.745099636450893163e-24
1.125517241379310320e+02   4.893045241439136707e-24
1.147586206896551744e+02   5.036215965943769348e-24
1.169655172413793025e+02   5.728099301268573614e-24
1.191724137931034448e+02   5.339439696868139678e-24
1.213793103448275872e+02   4.739816673457591145e-24
1.235862068965517153e+02   5.313053761991421948e-24
1.257931034482758577e+02   5.661787936593790368e-24
1.280000000000000000e+02   5.015290306215943472e-24
1.302068965517241281e+02   4.857449224358053203e-24
1.324137931034482847e+02   5.541051347509151227e-24
1.346206896551724128e+02   5.489933689532344598e-24
1.368275862068965409e+02   4.849482161091135854e-24
1.390344827586206975e+02   5.128113214509195419e-24
1.412413793103448256e+02   5.661300268369078754e-24
1.434482758620689538e+02   5.282871563925721115e-24
1.456551724137931103e+02   4.879885531896209739e-24
1.478620689655172384e+02   5.420159105916907111e-24
1.500689655172413666e+02   5.663926573607767157e-24
1.522758620689655231e+02   5.125332847819329381e-24
1.544827586206896513e+02   5.059320895495680162e-24
1.566896551724137794e+02   5.649662578968927310e-24
1.588965517241379359e+02   5.595411914200118143e-24
1.611034482758620641e+02   5.089882112765153654e-24
1.633103448275861922e+02   5.362195048666162974e-24
1.655172413793103487e+02   5.825373773711699559e-24
1.677241379310344769e+02   5.518067658678701556e-24
1.699310344827586050e+02   5.188394627289481184e-24
1.721379310344827616e+02   5.642088294990347442e-24
1.743448275862068897e+02   5.889876045979163681e-24
1.765517241379310462e+02   5.448142036129834875e-24
1.787586206896551744e+02   5.345490752309787514e-24
1.809655172413793025e+02   5.803995793571200754e-24
1.831724137931034591e+02   5.710532414422846709e-24
1.853793103448275872e+02   5.132600767536116713e-24
1.875862068965517153e+02   5.182062193479390748e-24
1.897931034482758719e+02   5.565256891348651666e-24
1.920000000000000000e+02   5.281617817680697866e-24
1.942068965517241281e+02   4.925703917914557913e-24
1.964137931034482847e+02   5.262195873677404775e-24
1.986206896551724128e+02   5.538507193384149520e-24
2.008275862068965409e+02   5.155901972938420086e-24
2.030344827586206975e+02   5.044994243951507769e-24
2.052413793103448256e+02   5.530781611736193320e-24
2.074482758620689538e+02   5.582895141530042955e-24
2.096551724137931103e+02   5.185779705930464689e-24
2.118620689655172384e+02   5.342371196605149322e-24
2.140689655172413666e+02   5.812969674245013302e-24
2.162758620689655231e+02   5.671947881903560888e-24
2.184827586206896513e+02   5.395718324579877603e-24
2.206896551724137794e+02   5.788386072084449786e-24
2.228965517241379359e+02   6.187019557969492944e-24
2.251034482758620641e+02   5.945987757308436080e-24
2.273103448275861922e+02   5.866508469586941376e-24
2.295172413793103487e+02   6.469767643679003858e-24
2.317241379310344769e+02   6.740103907548585882e-24
2.339310344827586050e+02   6.489650540974857488e-24
2.361379310344827616e+02   6.788164045782261118e-24
2.383448275862068897e+02   7.588357348589554427e-24
2.405517241379310178e+02   7.832047677699481630e-24
2.427586206896551744e+02   7.791836045643373082e-24
2.449655172413793025e+02   8.690551969302645036e-24
2.471724137931034306e+02   1.005785544271098245e-23
2.493793103448275872e+02   1.077218256732285163e-23
2.515862068965517153e+02   1.199718227957268842e-23
2.537931034482758719e+02   1.605973327702051687e-23
2.560000000000000000e+02   2.197861218773562208e-23
2.582068965517241281e+02   2.681690174996593184e-23
2.604137931034482563e+02   2.835637336234439220e-23
2.626206896551723844e+02   2.588857158486501373e-23
2.648275862068965694e+02   2.041045021447448247e-23
2.670344827586206975e+02   1.452901165151965393e-23
2.692413793103448256e+02   1.140700288453079814e-23
2.714482758620689538e+02   1.102745389075343110e-23
2.736551724137930819e+02   1.045127523061599715e-23
2.758620689655172100e+02   9.024760128061248917e-24
2.780689655172413950e+02   7.984498127573548912e-24
2.802758620689655231e+02   7.648703934928402522e-24
2.824827586206896513e+02   7.057700985914746750e-24
2.846896551724137794e+02   6.177666366245038331e-24
2.868965517241379075e+02   5.758907858612799805e-24
2.891034482758620925e+02   5.608373763750541024e-24
2.913103448275862206e+02   5.082228349593803761e-24
2.935172413793103487e+02   4.516634327937135808e-24
2.957241379310344769e+02   4.455762156418650551e-24
2.979310344827586050e+02   4.389200746842848325e-24
3.001379310344827331e+02   3.927349074919437428e-24
3.023448275862069181e+02   3.616434413137142841e-24
3.045517241379310462e+02   3.711542953814348802e-24
3.067586206896551744e+02   3.586698743441788195e-24
3.089655172413793025e+02   3.155519454022830961e-24
3.111724137931034306e+02   3.045220727566264710e-24
3.133793103448275588e+02   3.179980296502567538e-24
3.155862068965517437e+02   2.972740159446172992e-24
3.177931034482758719e+02   2.626115724288880047e-24
3.200000000000000000e+02   2.682644662827599980e-24
3.222068965517241281e+02   2.778255995376946208e-24
3.244137931034482563e+02   2.496999150951699077e-24
3.266206896551723844e+02   2.259145034894028472e-24
3.288275862068965694e+02   2.403641469598859902e-24
3.310344827586206975e+02   2.402778160747430702e-24
3.332413793103448256e+02   2.079004339253232309e-24
3.354482758620689538e+02   1.974131473227500112e-24
3.376551724137930819e+02   2.151693221113438703e-24
3.398620689655172100e+02   2.051664729679566429e-24
3.420689655172413950e+02   1.739460766837108668e-24
3.442758620689655231e+02   1.764547940043472033e-24
3.464827586206896513e+02   1.910948830256290288e-24
3.486896551724137794e+02   1.724101284540410367e-24
3.508965517241379075e+02   1.489149711423450982e-24
3.531034482758620925e+02   1.624760272040866523e-24
3.553103448275862206e+02   1.697885528697418705e-24
3.575172413793103487e+02   1.448950636609015840e-24
3.597241379310344769e+02   1.318654686545427112e-24
3.619310344827586050e+02   1.500770821053456715e-24
3.641379310344827331e+02   1.478215202474032111e-24
3.663448275862069181e+02   1.195467024061499004e-24
3.685517241379310462e+02   1.160300928812771980e-24
3.707586206896551744e+02   1.322298323797359370e-24
3.729655172413793025e+02   1.207174163275979363e-24
3.751724137931034306e+02   9.556506160005253258e-25
3.773793103448275588e+02   1.046066347891744197e-24
3.795862068965517437e+02   1.165167379158266408e-24
3.817931034482758719e+02   9.789817332934609938e-25
3.840000000000000000e+02   8.096089967550826327e-25
3.862068965517241281e+02   9.763260853087500798e-25
3.884137931034482563e+02   1.017964399142615262e-24
3.906206896551723844e+02   7.907802211384161271e-25
3.928275862068965694e+02   7.300864959377605406e-25
3.950344827586206975e+02   9.122333227489523228e-25
3.972413793103448256e+02   8.684764722654162957e-25
3.994482758620689538e+02   6.333935564684513510e-25
4.016551724137930819e+02   6.756318063635185951e-25
4.038620689655172100e+02   8.248449164483001818e-25
4.060689655172413950e+02   7.060461570930156008e-25
4.082758620689655231e+02   4.973099742959719595e-25
4.104827586206896513e+02   6.174483211857202455e-25
4.126896551724137794e+02   7.109594745491937978e-25
4.148965517241379075e+02   5.419164053345971639e-25
4.171034482758620356e+02   4.048739484506042050e-25
4.193103448275862206e+02   5.732407872309347723e-25
4.215172413793103487e+02   6.111706195057261651e-25
4.237241379310344769e+02   4.191840254951342972e-25
4.259310344827586050e+02   3.338005975570444156e-25
4.281379310344827331e+02   4.864752166977903989e-25
4.303448275862069181e+02   4.861345448332664974e-25
4.325517241379310462e+02   3.010808106586130487e-25
4.347586206896551744e+02   1.738268938116122261e-25
4.369655172413793025e+02   2.752505214949091302e-25
4.391724137931034306e+02   3.660572210514976324e-25
4.413793103448275588e+02   4.533144963264041701e-25
4.435862068965517437e+02   4.846397498210286548e-25
4.457931034482758719e+02   3.874534435530300218e-25
4.480000000000000000e+02   2.795576495682496618e-25
4.502068965517241281e+02   3.628030062447370014e-25
4.524137931034482563e+02   4.016834754373863325e-25
4.546206896551723844e+02   2.607956366296000764e-25
4.568275862068965694e+02   1.537671561736598993e-25
4.590344827586206975e+02   3.186251710598495267e-25
4.612413793103448256e+02   3.451796660686493668e-25
4.634482758620689538e+02   1.800518062318187454e-25
4.656551724137930819e+02   1.406882632271886698e-25
4.678620689655172100e+02   2.985995071238443762e-25
4.700689655172413950e+02   2.785876513735129005e-25
4.722758620689655231e+02   1.009674306411436220e-25
4.744827586206896513e+02   1.583363850007062822e-25
4.766896551724137794e+02   2.632911350365307841e-25
4.788965517241379075e+02   1.911987758185870510e-25
4.811034482758620356e+02   9.457789922050251919e-27
4.833103448275862206e+02   1.783489955595005447e-25
4.855172413793103487e+02   2.177165550579551548e-25
4.877241379310344769e+02   1.025705626737702865e-25
4.899310344827586050e+02   8.413846722328880510e-26
4.921379310344827331e+02   1.999540838661087526e-25
4.943448275862068613e+02   1.725006554301379966e-25
4.965517241379310462e+02   3.263895632177156767e-26
4.987586206896551744e+02   1.356248777043681324e-25
5.009655172413793025e+02   1.889980115275260908e-25
5.031724137931034306e+02   1.043162336145323755e-25
5.053793103448275588e+02   7.249800341860792026e-26
5.075862068965517437e+02   1.872296820751527899e-25
5.097931034482758719e+02   1.737394135266580735e-25
5.120000000000000000e+02   3.499318808053952945e-26
5.142068965517241850e+02   1.371781870873528867e-25
5.164137931034482563e+02   2.170634792654354896e-25
5.186206896551724412e+02   1.470543674519562460e-25
5.208275862068965125e+02   4.776634693549857862e-26
5.230344827586206975e+02   2.048142014079680171e-25
5.252413793103447688e+02   2.460560836430959286e-25
5.274482758620689538e+02   1.333842899483299411e-25
5.296551724137931387e+02   6.864603992692695303e-26
5.318620689655172100e+02   2.146605814600616167e-25
5.340689655172413950e+02   2.201686241478017074e-25
5.362758620689654663e+02   8.422866802600114904e-26
5.384827586206896513e+02   1.089935605887745121e-25
5.406896551724138362e+02   2.155885261159852452e-25
5.428965517241379075e+02   1.740400320640672759e-25
5.451034482758620925e+02   1.570127526219458184e-26
5.473103448275861638e+02   1.534079408935619948e-25
5.495172413793103487e+02   2.138544748515904705e-25
5.517241379310344200e+02   1.266276376455956943e-25
5.539310344827586050e+02   5.334910793446721128e-26
5.561379310344827900e+02   1.950281854992660768e-25
5.583448275862068613e+02   2.089471732017762404e-25
5.605517241379310462e+02   8.405937305849174805e-26
5.627586206896551175e+02   1.018065423063642290e-25
5.649655172413793025e+02   2.164380666892436767e-25
5.671724137931034875e+02   1.889342548518229099e-25
5.693793103448275588e+02   4.479852458963749693e-26
5.715862068965517437e+02   1.435052418146842147e-25
5.737931034482758150e+02   2.233284471585184913e-25
5.760000000000000000e+02   1.576383842480410910e-25
5.782068965517241850e+02   3.172741589323078992e-26
5.804137931034482563e+02   1.740951157699488883e-25
5.826206896551724412e+02   2.164394002365244701e-25
5.848275862068965125e+02   1.172828820366576873e-25
5.870344827586206975e+02   6.922279622042113027e-26
5.892413793103447688e+02   2.017637509653716882e-25
5.914482758620689538e+02   2.079151256393189922e-25
5.936551724137931387e+02   8.498705755148381533e-26
5.958620689655172100e+02   1.068473336257612582e-25
5.980689655172413950e+02   2.138240307390679556e-25
6.002758620689654663e+02   1.844535174624676080e-25
6.024827586206896513e+02   4.578499955745913472e-26
6.046896551724138362e+02   1.505917845534349338e-25
6.068965517241379075e+02   2.382201639679256406e-25
6.091034482758620925e+02   1.855604148749865081e-25
6.113103448275861638e+02   6.788036248593681945e-26
6.135172413793103487e+02   1.828410956881722433e-25
6.157241379310344200e+02   2.572752584850679752e-25
6.179310344827586050e+02   1.980482087034591299e-25
6.201379310344827900e+02   8.595596633580854418e-26
6.223448275862068613e+02   1.764168794364649590e-25
6.245517241379310462e+02   2.451965586615640954e-25
6.267586206896551175e+02   1.941741985800039895e-25
6.289655172413793025e+02   5.833615206856810793e-26
6.311724137931034875e+02   7.970904070915132772e-26
6.333793103448275588e+02   1.460810685315554006e-25
6.355862068965517437e+02   1.203360800629215771e-25
6.377931034482758150e+02   5.476771657828392279e-26
6.400000000000000000e+02   8.293068787925295275e-26
6.422068965517241850e+02   1.120027089103701771e-25
6.444137931034482563e+02   9.528378487330619447e-26
6.466206896551724412e+02   7.801480380953653277e-26
6.488275862068965125e+02   8.683306490583943500e-26
6.510344827586206975e+02   8.629626104067827549e-26
6.532413793103447688e+02   8.196311945193085687e-26
6.554482758620689538e+02   9.118808800090312903e-26
6.576551724137931387e+02   9.063591743361038247e-26
6.598620689655172100e+02   7.638000566396126658e-26
6.620689655172413950e+02   8.267230440911155359e-26
6.642758620689654663e+02   9.734882699187090491e-26
6.664827586206896513e+02   8.652586247524795198e-26
6.686896551724138362e+02   6.897579096289616327e-26
6.708965517241379075e+02   8.864619617279782513e-26
6.731034482758620925e+02   1.059379905583425321e-25
6.753103448275861638e+02   8.847123177688681061e-26
6.775172413793103487e+02   6.342587007164420791e-26
6.797241379310344200e+02   8.274447389601248083e-26
6.819310344827586050e+02   9.887344584652885309e-26
6.841379310344827900e+02   8.224434039887692195e-26
6.863448275862068613e+02   7.113868865298892016e-26
6.885517241379310462e+02   9.771410678236707674e-26
6.907586206896551175e+02   1.064398318128906165e-25
6.929655172413793025e+02   7.455450064444628092e-26
6.951724137931034875e+02   5.219799876074408793e-26
6.973793103448275588e+02   9.005835298722263809e-26
6.995862068965517437e+02   1.028599615266066075e-25
7.017931034482758150e+02   7.353850122867955946e-26
7.040000000000000000e+02   6.998954386889314569e-26
7.062068965517241850e+02   1.128638980328683897e-25
7.084137931034482563e+02   1.181181615943965495e-25
7.106206896551724412e+02   6.808538423242628287e-26
7.128275862068965125e+02   4.484454570190689564e-26
7.150344827586206975e+02   1.019581213321709874e-25
7.172413793103447688e+02   1.082586472730293565e-25
7.194482758620689538e+02   5.360920586938143244e-26
7.216551724137931387e+02   5.984684098284493037e-26
7.238620689655172100e+02   1.253962740929867782e-25
7.260689655172413950e+02   1.308592268230390758e-25
7.282758620689654663e+02   7.345524720535389178e-26
7.304827586206896513e+02   4.909164880956026118e-26
7.326896551724138362e+02   1.004104220372693289e-25
7.348965517241379075e+02   9.644667020233232068e-26
7.371034482758620925e+02   4.652352387976707780e-26
7.393103448275861638e+02   7.909766383260701103e-26
7.415172413793103487e+02   1.201838031508256951e-25
7.437241379310344200e+02   9.459792448174721341e-26
7.459310344827586050e+02   2.486836448790305031e-26
7.481379310344827900e+02   8.530337751419552280e-26
7.503448275862068613e+02   1.252740480004634494e-25
7.525517241379310462e+02   9.401208501016262497e-26
7.547586206896551175e+02   3.486172300716750654e-26
7.569655172413793025e+02   8.766295776279234155e-26
7.591724137931034875e+02   1.143978390132624727e-25
7.613793103448275588e+02   7.829218787739849452e-26
7.635862068965517437e+02   4.914296925511749974e-26
7.657931034482758150e+02   9.481034557039306255e-26
7.680000000000000000e+02   9.951256519116907234e-26
7.702068965517240713e+02   5.464698935414608538e-26
7.724137931034482563e+02   6.635412567528144274e-26
7.746206896551724412e+02   1.065777949885516544e-25
7.768275862068965125e+02   8.823381873691333307e-26
7.790344827586206975e+02   3.450453147659859044e-26
7.812413793103447688e+02   8.527967340118291556e-26
7.834482758620689538e+02   1.184341061114613637e-25
7.856551724137931387e+02   8.102447573347714971e-26
7.878620689655172100e+02   2.605099258651061354e-26
7.900689655172413950e+02   1.000062790295589627e-25
7.922758620689654663e+02   1.247560203235765396e-25
7.944827586206896513e+02   7.371917602440107460e-26
7.966896551724138362e+02   3.351781618354924137e-26
7.988965517241379075e+02   1.127195189724330064e-25
8.011034482758620925e+02   1.289190943605926172e-25
8.033103448275861638e+02   6.755688208433368366e-26
8.055172413793103487e+02   3.501417960142607760e-26
8.077241379310344200e+02   1.164525949383784092e-25
8.099310344827586050e+02   1.304638328584360394e-25
8.121379310344827900e+02   7.369030552031045625e-26
8.143448275862068613e+02   3.431053652860777928e-26
8.165517241379310462e+02   9.329732629929024633e-26
8.187586206896551175e+02   9.704817914515553878e-26
8.209655172413793025e+02   4.900661280712821232e-26
8.231724137931034875e+02   5.788291659812946422e-26
8.253793103448275588e+02   9.867685939548833039e-26
8.275862068965517437e+02   8.987732576254719733e-26
8.297931034482758150e+02   5.512617237003622435e-26
8.320000000000000000e+02   7.055552468270123920e-26
8.342068965517240713e+02   8.602109198459732879e-26
8.364137931034482563e+02   6.030286853349826998e-26
8.386206896551724412e+02   5.152083517289234707e-26
8.408275862068965125e+02   9.109366196930225232e-26
8.430344827586206975e+02   9.716156299916566412e-26
8.452413793103447688e+02   6.077291102767238205e-26
8.474482758620689538e+02   5.073047188342663730e-26
8.496551724137931387e+02   8.394502155700860113e-26
8.518620689655172100e+02   8.159714924224273415e-26
8.540689655172413950e+02   5.248796306611165793e-26
8.562758620689654663e+02   6.698735680746464059e-26
8.584827586206896513e+02   8.907155527334814704e-26
8.606896551724138362e+02   7.056982311728551497e-26
8.628965517241379075e+02   4.123013721792150414e-26
8.651034482758620925e+02   7.241391193167673834e-26
8.673103448275861638e+02   9.002678679484818853e-26
8.695172413793103487e+02   6.674635166588947712e-26
8.717241379310344200e+02   4.989986041592520218e-26
8.739310344827586050e+02   7.892244429904447844e-26
8.761379310344827900e+02   8.422279608353845555e-26
8.783448275862068613e+02   5.677626791579574113e-26
8.805517241379310462e+02   5.634379356306744809e-26
8.827586206896551175e+02   8.188399941029059808e-26
8.849655172413793025e+02   7.492443159636805688e-26
8.871724137931034875e+02   4.947882531663848583e-26
8.893793103448275588e+02   6.780436363172911167e-26
8.915862068965517437e+02   8.545796065154725887e-26
8.937931034482758150e+02   6.572896924047884186e-26
8.960000000000000000e+02   4.913692147049110732e-26
8.982068965517240713e+02   7.875200393450588961e-26
9.004137931034482563e+02   8.325840832477066724e-26
9.026206896551724412e+02   4.557734242316440422e-26
9.048275862068965125e+02   5.380620282515788886e-26
9.070344827586206975e+02   1.005820888796570777e-25
9.092413793103447688e+02   9.959731633232867177e-26
9.114482758620689538e+02   4.776203425859978508e-26
9.136551724137931387e+02   4.622258963030574833e-26
9.158620689655172100e+02   9.368766497226836809e-26
9.180689655172413950e+02   8.751206711775607491e-26
9.202758620689654663e+02   3.629379788413865429e-26
9.224827586206896513e+02   6.116722186386318841e-26
9.246896551724138362e+02   1.010266401492734676e-25
9.268965517241379075e+02   8.471780235119984037e-26
9.291034482758620925e+02   3.053539245329417310e-26
9.313103448275861638e+02   6.179862366467853727e-26
9.335172413793103487e+02   9.163958325841127116e-26
9.357241379310344200e+02   6.958390686762934498e-26
9.379310344827586050e+02   4.508542054699197629e-26
9.401379310344827900e+02   8.067887602988158985e-26
9.423448275862068613e+02   8.512025907405823886e-26
9.445517241379310462e+02   3.468719911624377430e-26
9.467586206896551175e+02   5.130802118308329907e-26
9.489655172413793025e+02   1.104249003588985825e-25
9.511724137931034875e+02   1.115423023996300270e-25
9.533793103448275588e+02   5.361728936602434703e-26
9.555862068965517437e+02   3.881365162843559764e-26
9.577931034482758150e+02   9.222014803448024721e-26
9.600000000000000000e+02   8.794927407843576474e-26
9.622068965517240713e+02   3.682240054553248701e-26
9.644137931034482563e+02   5.906921409840744623e-26
9.666206896551724412e+02   9.435346440441571168e-26
9.688275862068965125e+02   7.166644018161005672e-26
9.710344827586206975e+02   1.978962805618715582e-26
9.732413793103447688e+02   7.486622391136177570e-26
9.754482758620689538e+02   1.002412616656976258e-25
9.776551724137931387e+02   6.558494546344559827e-26
9.798620689655172100e+02   2.755543041592830861e-26
9.820689655172413950e+02   8.369426618501172247e-26
9.842758620689654663e+02   9.875196570286701904e-26
9.864827586206896513e+02   5.926876973100558087e-26
9.886896551724137225e+02   4.082379205359112606e-26
9.908965517241379075e+02   8.478114542863795875e-26
9.931034482758620925e+02   8.363218138786432984e-26
9.953103448275861638e+02   3.404847405944888155e-26
9.975172413793103487e+02   5.110852067843175813e-26
9.997241379310344200e+02   9.444201818694929011e-26
1.001931034482758605e+03   8.609221049586689999e-26
1.004137931034482790e+03   3.971715056676859058e-26
1.006344827586206861e+03   4.862568085499978118e-26
1.008551724137931046e+03   7.588558883776737147e-26
1.010758620689655118e+03   6.452200338580407128e-26
1.012965517241379303e+03   5.331508859360899444e-26
1.015172413793103487e+03   7.368583784062503422e-26
1.017379310344827559e+03   6.858138020494324382e-26
1.019586206896551744e+03   2.625530824310327201e-26
1.021793103448275815e+03   5.395003511797704505e-26
1.024000000000000000e+03   9.393568930288389251e-26
1.026206896551724185e+03   8.421613433624050729e-26
1.028413793103448370e+03   3.747215924259350058e-26
1.030620689655172328e+03   5.648433051451412700e-26
1.032827586206896513e+03   8.823344256758908104e-26
1.035034482758620697e+03   6.984889280311599465e-26
1.037241379310344882e+03   2.516726204911694666e-26
1.039448275862068840e+03   6.308013215712506569e-26
1.041655172413793025e+03   8.742762283278671413e-26
1.043862068965517210e+03   6.570901075769864066e-26
1.046068965517241395e+03   4.135497058394840531e-26
1.048275862068965580e+03   7.022665541854964803e-26
1.050482758620689538e+03   7.742597326517976257e-26
1.052689655172413723e+03   4.876065610739912905e-26
1.054896551724137908e+03   4.559599900995620441e-26
1.057103448275862092e+03   7.123771965130072948e-26
1.059310344827586277e+03   6.101000529973538651e-26
1.061517241379310235e+03   3.165391498697196801e-26
1.063724137931034420e+03   6.638597385714641310e-26
1.065931034482758605e+03   9.080364226497268309e-26
1.068137931034482790e+03   6.787276703438867259e-26
1.070344827586206975e+03   2.316320050146674017e-26
1.072551724137930933e+03   6.123346789846489330e-26
1.074758620689655118e+03   8.278535880365768918e-26
1.076965517241379303e+03   5.804328443581068936e-26
1.079172413793103487e+03   3.316221197816299030e-26
1.081379310344827672e+03   7.248740315914673061e-26
1.083586206896551630e+03   8.720992918149346990e-26
1.085793103448275815e+03   6.050336787037573438e-26
1.088000000000000000e+03   3.190825952945491822e-26
1.090206896551724185e+03   5.817221624172928591e-26
1.092413793103448370e+03   6.916051317618465851e-26
1.094620689655172328e+03   5.509297233611151983e-26
1.096827586206896513e+03   4.994978762284939563e-26
1.099034482758620697e+03   5.879557568949726085e-26
1.101241379310344882e+03   5.385934470293220635e-26
1.103448275862068840e+03   4.807983715332187160e-26
1.105655172413793025e+03   6.198590198122296621e-26
1.107862068965517210e+03   6.812326756938426546e-26
1.110068965517241395e+03   5.586281537458765280e-26
1.112275862068965580e+03   5.009513078649476457e-26
1.114482758620689538e+03   5.851074732011170004e-26
1.116689655172413723e+03   5.303522203881454185e-26
1.118896551724137908e+03   4.089939976029499963e-26
1.121103448275862092e+03   6.105512333314320964e-26
1.123310344827586277e+03   8.206494610908602125e-26
1.125517241379310235e+03   7.517825590881254845e-26
1.127724137931034420e+03   4.576851585720326790e-26
1.129931034482758605e+03   3.567733506546043970e-26
1.132137931034482790e+03   5.488553210937233554e-26
1.134344827586206975e+03   5.918857122698883716e-26
1.136551724137930933e+03   4.855566158440871785e-26
1.138758620689655118e+03   4.638030593074002945e-26
1.140965517241379303e+03   6.056912780799949783e-26
1.143172413793103487e+03   7.112454543463201549e-26
1.145379310344827672e+03   6.565830363501199413e-26
1.147586206896551630e+03   4.285177999074133352e-26
1.149793103448275815e+03   3.208428085940588693e-26
1.152000000000000000e+03   6.110729419421255555e-26
1.154206896551724185e+03   7.894870932288353048e-26
1.156413793103448370e+03   6.741029216848279829e-26
1.158620689655172328e+03   4.064427818563287983e-26
1.160827586206896513e+03   4.973757717602793134e-26
1.163034482758620697e+03   6.945719462829674600e-26
1.165241379310344882e+03   6.273049080260436766e-26
1.167448275862068840e+03   4.090468264085743835e-26
1.169655172413793025e+03   4.819929926473401575e-26
1.171862068965517210e+03   6.254721461089355981e-26
1.174068965517241395e+03   5.340706280611032057e-26
1.176275862068965580e+03   4.020843692852798420e-26
1.178482758620689538e+03   5.760651229084150300e-26
1.180689655172413723e+03   6.995522408825707131e-26
1.182896551724137908e+03   5.604779551168162137e-26
1.185103448275862092e+03   3.492705128321880871e-26
1.187310344827586277e+03   4.983480520947846342e-26
1.189517241379310235e+03   6.543973268359170620e-26
1.191724137931034420e+03   5.802615489322874041e-26
1.193931034482758605e+03   4.233141798722297361e-26
1.196137931034482790e+03   5.095806123733644219e-26
1.198344827586206975e+03   6.548257300139982127e-26
1.200551724137930933e+03   6.237983833142813841e-26
1.202758620689655118e+03   4.611087798235811353e-26
1.204965517241379303e+03   4.246462551786624646e-26
1.207172413793103487e+03   5.560652293038098449e-26
1.209379310344827672e+03   5.944593386760010941e-26
1.211586206896551630e+03   4.920577828227918590e-26
1.213793103448275815e+03   4.368704650644217715e-26
1.216000000000000000e+03   5.332078648545802504e-26
1.218206896551724185e+03   5.555369520057201183e-26
1.220413793103448370e+03   4.549337096699701939e-26
1.222620689655172328e+03   5.364511747137365428e-26
1.224827586206896513e+03   7.823736229513617983e-26
1.227034482758620697e+03   8.327494210144031244e-26
1.229241379310344882e+03   5.730807336547011051e-26
1.231448275862068840e+03   2.402941093238047473e-26
1.233655172413793025e+03   4.727693790033771564e-26
1.235862068965517210e+03   5.882536265696333854e-26
1.238068965517241395e+03   3.425907747337254468e-26
1.240275862068965580e+03   2.752494173994503755e-26
1.242482758620689538e+03   7.259513177173667428e-26
1.244689655172413723e+03   9.074356706992845573e-26
1.246896551724137908e+03   7.150113037653662884e-26
1.249103448275862092e+03   3.981398228042977004e-26
1.251310344827586277e+03   5.118052585879060115e-26
1.253517241379310235e+03   6.328644471781257558e-26
1.255724137931034420e+03   4.633184843817575755e-26
1.257931034482758605e+03   3.528864218081196651e-26
1.260137931034482790e+03   6.253879136670767310e-26
1.262344827586206975e+03   7.145954037642952465e-26
1.264551724137930933e+03   4.655457466289708770e-26
1.266758620689655118e+03   2.373070491889561595e-26
1.268965517241379303e+03   5.881684549044945313e-26
1.271172413793103487e+03   7.453073186508947498e-26
1.273379310344827672e+03   5.653990511812865501e-26
1.275586206896551630e+03   3.393479904846886715e-26
1.277793103448275815e+03   5.730362527492896071e-26
1.280000000000000000e+03   7.327138241549184077e-26
1.282206896551724185e+03   5.726297702701025925e-26
1.284413793103448370e+03   2.595891449981706281e-26
1.286620689655172328e+03   4.478321574611542276e-26
1.288827586206896513e+03   6.710249699234288082e-26
1.291034482758620697e+03   6.123047864475572091e-26
1.293241379310344882e+03   4.065402719182195825e-26
1.295448275862068840e+03   4.544650596627202342e-26
1.297655172413793025e+03   5.868353956129846329e-26
1.299862068965517210e+03   5.041668504573250038e-26
1.302068965517241395e+03   3.379569326585161906e-26
1.304275862068965580e+03   4.832904132001978871e-26
1.306482758620689538e+03   6.355468642367764435e-26
1.308689655172413723e+03   5.541706786863785256e-26
1.310896551724137908e+03   3.826655262137290959e-26
1.313103448275862092e+03   5.107713237322660107e-26
1.315310344827586277e+03   6.902456310844883765e-26
1.317517241379310235e+03   6.498024048685517889e-26
1.319724137931034420e+03   4.221830260702495004e-26
1.321931034482758605e+03   3.004558542437143526e-26
1.324137931034482790e+03   4.794855715084214084e-26
1.326344827586206975e+03   6.181098968729630962e-26
1.328551724137930933e+03   6.171274267264787815e-26
1.330758620689655118e+03   5.015164083364050509e-26
1.332965517241379303e+03   4.028421249335254185e-26
1.335172413793103487e+03   4.739979243938247867e-26
1.337379310344827672e+03   5.425760230296546688e-26
1.339586206896551630e+03   4.293878156014552715e-26
1.341793103448275815e+03   2.718602527257543969e-26
1.344000000000000000e+03   5.143372127313400952e-26
1.346206896551724185e+03   7.437511428841019572e-26
1.348413793103448370e+03   7.026165890406982631e-26
1.350620689655172328e+03   4.465246088372956849e-26
1.352827586206896513e+03   3.586764754234445669e-26
1.355034482758620697e+03   5.000212063889597478e-26
1.357241379310344882e+03   4.865174834530976844e-26
1.359448275862068840e+03   4.198109102945456852e-26
1.361655172413793025e+03   5.426358580446313522e-26
1.363862068965517210e+03   6.189983479364175403e-26
1.366068965517241395e+03   4.934937750710029409e-26
1.368275862068965580e+03   3.762160702330607171e-26
1.370482758620689538e+03   4.903192228578799187e-26
1.372689655172413723e+03   5.379064969830826926e-26
1.374896551724137908e+03   4.639953946723953644e-26
1.377103448275862092e+03   4.867874497080503146e-26
1.379310344827586277e+03   5.242826252997582573e-26
1.381517241379310235e+03   3.788082099979362133e-26
1.383724137931034420e+03   3.483077288973110924e-26
1.385931034482758605e+03   6.334906864489477201e-26
1.388137931034482790e+03   7.188184152447088963e-26
1.390344827586206975e+03   4.684039543256147625e-26
1.392551724137930933e+03   3.016813791859183090e-26
1.394758620689655118e+03   6.180398542382534562e-26
1.396965517241379303e+03   6.675547496979799321e-26
1.399172413793103487e+03   3.272017502884691459e-26
1.401379310344827672e+03   3.254315258194301899e-26
1.403586206896551630e+03   7.337626270548210696e-26
1.405793103448275815e+03   7.607057280110468144e-26
1.408000000000000000e+03   3.988435811795991395e-26
1.410206896551724185e+03   3.044672093712823387e-26
1.412413793103448370e+03   6.206343539143925718e-26
1.414620689655172328e+03   5.735817234358697157e-26
1.416827586206896513e+03   2.724585373306641659e-26
1.419034482758620697e+03   4.680369655681834258e-26
1.421241379310344882e+03   6.588752887026875542e-26
1.423448275862068840e+03   4.756455157648101174e-26
1.425655172413793025e+03   3.258784657632583666e-26
1.427862068965517210e+03   6.708122038841560115e-26
1.430068965517241395e+03   7.496613136042392819e-26
1.432275862068965580e+03   3.977279423400841150e-26
1.434482758620689538e+03   2.700233327515362830e-26
1.436689655172413723e+03   7.080282185296170623e-26
1.438896551724137908e+03   7.301646618974279522e-26
1.441103448275862092e+03   3.187465744793088385e-26
1.443310344827586277e+03   3.982428028767771706e-26
1.445517241379310235e+03   8.025346736187545140e-26
1.447724137931034420e+03   7.586777794010955532e-26
1.449931034482758605e+03   2.982140175549164328e-26
1.452137931034482790e+03   3.251154326193900127e-26
1.454344827586206975e+03   6.646677081035859909e-26
1.456551724137930933e+03   5.946692421760978975e-26
1.458758620689655118e+03   3.445254138510463870e-26
1.460965517241379303e+03   4.830658371635989851e-26
1.463172413793103487e+03   5.351205078057419073e-26
1.465379310344827672e+03   2.560516489340353365e-26
1.467586206896551630e+03   4.470290455296866714e-26
1.469793103448275815e+03   8.277144855980215276e-26
1.472000000000000000e+03   8.016128780565319464e-26
1.474206896551724185e+03   3.502746937248486821e-26
1.476413793103448143e+03   2.849900699058866631e-26
1.478620689655172328e+03   6.722883108706493883e-26
1.480827586206896513e+03   6.167413008336504251e-26
1.483034482758620697e+03   2.668624564797390142e-26
1.485241379310344882e+03   5.089202092133428751e-26
1.487448275862068840e+03   7.450065422189122977e-26
1.489655172413793025e+03   5.559412948824195343e-26
1.491862068965517210e+03   2.207077083104069508e-26
1.494068965517241395e+03   5.708439968659853967e-26
1.496275862068965580e+03   7.227931954473045212e-26
1.498482758620689538e+03   4.555758609756924458e-26
1.500689655172413723e+03   1.975992857649250420e-26
1.502896551724137908e+03   5.425947554230707742e-26
1.505103448275862092e+03   5.793222509232395476e-26
1.507310344827586277e+03   3.221326391600446789e-26
1.509517241379310235e+03   4.742672305866552950e-26
1.511724137931034420e+03   7.168027420461972760e-26
1.513931034482758605e+03   5.666451539149162673e-26
1.516137931034482790e+03   1.555305672780840874e-26
1.518344827586206975e+03   5.573704491889334873e-26
1.520551724137930933e+03   8.280879327972912603e-26
1.522758620689655118e+03   6.584345166114507546e-26
1.524965517241379303e+03   1.934798900045607226e-26
1.527172413793103487e+03   3.842163557529600285e-26
1.529379310344827672e+03   6.051896324811723028e-26
1.531586206896551630e+03   5.112676152175511266e-26
1.533793103448275815e+03   4.317021000900933174e-26
1.536000000000000000e+03   5.467208212850878922e-26
1.538206896551724185e+03   4.645890914060479943e-26
1.540413793103448143e+03   1.950612688706187825e-26
1.542620689655172328e+03   4.868977867558146147e-26
1.544827586206896513e+03   7.281764027583400592e-26
1.547034482758620697e+03   6.000211661500255703e-26
1.549241379310344882e+03   2.610022986531149864e-26
1.551448275862068840e+03   4.569613100736409568e-26
1.553655172413793025e+03   6.485737080277201068e-26
1.555862068965517210e+03   4.849892004369718115e-26
1.558068965517241395e+03   2.254109784849844783e-26
1.560275862068965580e+03   4.908763616633696979e-26
1.562482758620689538e+03   6.279581949459759596e-26
1.564689655172413723e+03   4.803764011609375299e-26
1.566896551724137908e+03   3.603708469710704494e-26
1.569103448275862092e+03   4.965799681335282551e-26
1.571310344827586277e+03   5.063265329107783685e-26
1.573517241379310235e+03   3.794650038056350429e-26
1.575724137931034420e+03   4.377220613970865775e-26
1.577931034482758605e+03   5.314914866549426560e-26
1.580137931034482790e+03   4.265347061963882241e-26
1.582344827586206975e+03   3.334973247397270138e-26
1.584551724137930933e+03   5.086908942067193157e-26
1.586758620689655118e+03   5.690931504409935496e-26
1.588965517241379303e+03   4.039503222662554207e-26
1.591172413793103487e+03   3.487326317010785800e-26
1.593379310344827672e+03   5.285646106165612352e-26
1.595586206896551630e+03   5.316957660306797360e-26
1.597793103448275815e+03   3.565439171143747618e-26
1.600000000000000000e+03   4.147765175312378699e-26
1.602206896551724185e+03   5.849691938872064901e-26
1.604413793103448143e+03   5.227292472661413673e-26
1.606620689655172328e+03   2.985746388422138837e-26
1.608827586206896513e+03   3.792869134870785095e-26
1.611034482758620697e+03   5.481426885103773062e-26
1.613241379310344882e+03   4.988216856187815895e-26
1.615448275862068840e+03   3.584271593906989876e-26
1.617655172413793025e+03   4.144256249254542858e-26
1.619862068965517210e+03   4.819150044051610130e-26
1.622068965517241395e+03   4.056163615023380338e-26
1.624275862068965580e+03   3.744018981684920217e-26
1.626482758620689538e+03   5.000740053411326134e-26
1.628689655172413723e+03   5.517658893948218533e-26
1.630896551724137908e+03   4.713396157950017421e-26
1.633103448275862092e+03   3.930602226641423191e-26
1.635310344827586277e+03   4.048206226357822184e-26
1.637517241379310235e+03   4.189974882085459249e-26
1.639724137931034420e+03   4.481760491477640485e-26
1.641931034482758605e+03   5.167366602120279824e-26
1.644137931034482790e+03   5.359900645199146743e-26
1.646344827586206975e+03   4.564191404195502867e-26
1.648551724137930933e+03   3.668541951354184965e-26
1.650758620689655118e+03   3.855200856628982341e-26
1.652965517241379303e+03   4.388988695338619699e-26
1.655172413793103487e+03   4.376019705897557382e-26
1.657379310344827672e+03   3.916017757962872033e-26
1.659586206896551630e+03   3.929798580249216923e-26
1.661793103448275815e+03   4.968665292532086623e-26
1.664000000000000000e+03   5.761592005196250014e-26
1.666206896551724185e+03   4.919631968815206757e-26
1.668413793103448143e+03   2.690588045292752558e-26
1.670620689655172328e+03   3.578941672000058028e-26
1.672827586206896513e+03   6.100779616237569478e-26
1.675034482758620697e+03   6.332386778203730205e-26
1.677241379310344882e+03   4.008868922012424016e-26
1.679448275862068840e+03   2.857313362602478474e-26
1.681655172413793025e+03   5.169390692595460023e-26
1.683862068965517210e+03   5.546814021198557695e-26
1.686068965517241395e+03   3.426344635597462829e-26
1.688275862068965580e+03   3.268347648804417639e-26
1.690482758620689538e+03   5.631156138376604030e-26
1.692689655172413723e+03   5.595511124908147848e-26
1.694896551724137908e+03   3.008601235169501306e-26
1.697103448275862092e+03   3.442624600877006071e-26
1.699310344827586277e+03   6.129436033985400213e-26
1.701517241379310235e+03   5.987748947628176252e-26
1.703724137931034420e+03   3.061778033996254304e-26
1.705931034482758605e+03   3.284782943808922979e-26
1.708137931034482790e+03   6.244210559028154633e-26
1.710344827586206975e+03   6.390355557095422649e-26
1.712551724137930933e+03   3.740980600300996503e-26
1.714758620689655118e+03   2.873140910730459732e-26
1.716965517241379303e+03   5.528685603611678173e-26
1.719172413793103487e+03   6.178774560925929002e-26
1.721379310344827672e+03   4.516571158825081825e-26
1.723586206896551630e+03   3.054899798658338604e-26
1.725793103448275815e+03   3.890926093052472953e-26
1.728000000000000000e+03   4.260902826203023279e-26
1.730206896551724185e+03   3.948848568670313650e-26
1.732413793103448143e+03   4.521318432669867654e-26
1.734620689655172328e+03   5.128875900937881213e-26
1.736827586206896513e+03   4.321761432296924043e-26
1.739034482758620697e+03   2.971709121660155922e-26
1.741241379310344882e+03   4.101136075251410166e-26
1.743448275862068840e+03   5.789596638555719300e-26
1.745655172413793025e+03   5.879214980096080594e-26
1.747862068965517210e+03   4.565906039686853149e-26
1.750068965517241395e+03   3.704656227280649910e-26
1.752275862068965580e+03   4.256003218004027123e-26
1.754482758620689538e+03   4.307033393342077448e-26
1.756689655172413723e+03   3.164269082892352197e-26
1.758896551724137908e+03   2.729701185591678028e-26
1.761103448275862092e+03   4.418801554626705333e-26
1.763310344827586277e+03   5.670192196323105525e-26
1.765517241379310235e+03   5.480755131522111340e-26
1.767724137931034420e+03   4.442546808443888138e-26
1.769931034482758605e+03   4.149994751512056155e-26
1.772137931034482790e+03   4.581531867824569598e-26
1.774344827586206975e+03   4.242490171422691547e-26
1.776551724137930933e+03   3.308701178361227397e-26
1.778758620689655118e+03   3.955321503631340404e-26
1.780965517241379303e+03   5.484567539868113852e-26
1.783172413793103487e+03   5.718022769418891882e-26
1.785379310344827672e+03   4.241208105590858275e-26
1.787586206896551630e+03   2.808341639394137709e-26
1.789793103448275815e+03   3.855774856456947131e-26
1.792000000000000000e+03   4.796694368636353323e-26
1.794206896551724185e+03   4.572722470564047114e-26
1.796413793103448143e+03   4.604294170264491722e-26
1.798620689655172328e+03   5.367151715070773246e-26
1.800827586206896513e+03   5.070208962910696765e-26
1.803034482758620697e+03   3.159661766400898831e-26
1.805241379310344882e+03   2.746603322023765204e-26
1.807448275862068840e+03   4.850920426267749000e-26
1.809655172413793025e+03   5.361031655794173257e-26
1.811862068965517210e+03   3.949698335669397314e-26
1.814068965517241395e+03   3.663257272717164979e-26
1.816275862068965580e+03   5.211098260257139389e-26
1.818482758620689538e+03   5.082824802437994921e-26
1.820689655172413723e+03   2.883108183359949839e-26
1.822896551724137908e+03   3.169658463341830012e-26
1.825103448275862092e+03   5.517350240516153136e-26
1.827310344827586277e+03   5.523372391037904454e-26
1.829517241379310235e+03   3.424247638094218584e-26
1.831724137931034420e+03   3.820600307539265158e-26
1.833931034482758605e+03   5.963344889835682701e-26
1.836137931034482790e+03   5.735747182054881134e-26
1.838344827586206975e+03   3.272547612786478155e-26
1.840551724137930933e+03   3.039420456777786228e-26
1.842758620689655118e+03   5.040933356606406230e-26
1.844965517241379303e+03   5.097170880577525927e-26
1.847172413793103487e+03   4.021674867994408975e-26
1.849379310344827672e+03   4.318888632942595435e-26
1.851586206896551630e+03   4.650172692864880019e-26
1.853793103448275815e+03   3.516605824757181371e-26
1.856000000000000000e+03   3.471295157998916196e-26
1.858206896551724185e+03   5.033313997438715542e-26
1.860413793103448143e+03   4.726169931514238077e-26
1.862620689655172328e+03   2.549952764257931972e-26
1.864827586206896513e+03   4.213899789553626021e-26
1.867034482758620697e+03   6.858603488581490221e-26
1.869241379310344882e+03   6.511204272956952061e-26
1.871448275862068840e+03   3.276191914326970804e-26
1.873655172413793025e+03   2.772340257896887994e-26
1.875862068965517210e+03   5.493646536254645925e-26
1.878068965517241395e+03   5.333745643830426941e-26
1.880275862068965580e+03   2.886133163596431337e-26
1.882482758620689538e+03   3.689318613521907716e-26
1.884689655172413723e+03   5.722738027477424155e-26
1.886896551724137908e+03   5.118486699399490216e-26
1.889103448275862092e+03   2.987387242373699372e-26
1.891310344827586277e+03   3.888824286510003424e-26
1.893517241379310235e+03   5.286838799107210614e-26
1.895724137931034420e+03   4.485695220786445502e-26
1.897931034482758605e+03   3.016723505221152363e-26
1.900137931034482790e+03   3.889484752073622889e-26
1.902344827586206975e+03   4.753071303893232849e-26
1.904551724137930933e+03   4.513778065850783687e-26
1.906758620689655118e+03   4.510156155755302916e-26
1.908965517241379303e+03   4.728692208418220594e-26
1.911172413793103487e+03   4.155785421111235356e-26
1.913379310344827672e+03   3.923646005045785225e-26
1.915586206896551630e+03   4.789884270714043955e-26
1.917793103448275815e+03   4.544244380013865273e-26
1.920000000000000000e+03   2.777477638227340159e-26
1.922206896551724185e+03   3.663959240216917564e-26
1.924413793103448143e+03   5.897854875658265495e-26
1.926620689655172328e+03   5.755825719650512070e-26
1.928827586206896513e+03   3.323924791507997023e-26
1.931034482758620697e+03   3.104841283300642040e-26
1.933241379310344882e+03   5.109323604590236934e-26
1.935448275862068840e+03   4.863552973518409967e-26
1.937655172413793025e+03   3.190326877466085200e-26
1.939862068965517210e+03   4.082895317808393519e-26
1.942068965517241395e+03   5.206856080043040940e-26
1.944275862068965580e+03   4.111572537634277510e-26
1.946482758620689538e+03   3.369163897589383814e-26
1.948689655172413723e+03   5.365802398380872845e-26
1.950896551724137908e+03   5.824014619128256158e-26
1.953103448275862092e+03   3.525380315161511583e-26
1.955310344827586277e+03   2.588406721017489843e-26
1.957517241379310235e+03   5.280467755772051686e-26
1.959724137931034420e+03   5.539554100632428651e-26
1.961931034482758605e+03   3.109145613407214796e-26
1.964137931034482790e+03   3.444029739669301526e-26
1.966344827586206975e+03   6.026673840019627500e-26
1.968551724137930933e+03   5.861764361083596798e-26
1.970758620689655118e+03   3.065741029194865942e-26
1.972965517241379303e+03   2.856267759009812432e-26
1.975172413793103487e+03   5.132303010224142110e-26
1.977379310344827445e+03   5.057243430197275437e-26
1.979586206896551630e+03   3.618633379114146416e-26
1.981793103448275815e+03   4.019993061060805877e-26
1.984000000000000000e+03   4.745367825325070450e-26
1.986206896551724185e+03   4.039603285806128792e-26
1.988413793103448143e+03   4.036574081762552067e-26
1.990620689655172328e+03   5.282815918070864944e-26
1.992827586206896513e+03   5.043302230243959506e-26
1.995034482758620697e+03   3.101980817528601028e-26
1.997241379310344882e+03   3.182829111005035197e-26
1.999448275862068840e+03   4.811076992041064762e-26
2.001655172413793025e+03   4.648815806246483923e-26
2.003862068965517210e+03   3.702195108773156649e-26
2.006068965517241395e+03   4.505578626291410538e-26
2.008275862068965580e+03   5.110030803911825844e-26
2.010482758620689538e+03   4.039243283573014780e-26
2.012689655172413723e+03   3.634346624666535754e-26
2.014896551724137908e+03   5.088500522791022504e-26
2.017103448275862092e+03   5.157020197656344208e-26
2.019310344827586277e+03   3.235152109962177804e-26
2.021517241379310235e+03   2.856802389586792504e-26
2.023724137931034420e+03   4.546194845627285742e-26
2.025931034482758605e+03   4.443429648585849799e-26
2.028137931034482790e+03   3.344204101469703287e-26
2.030344827586206975e+03   4.468260842086069441e-26
2.032551724137930933e+03   5.592255016184823838e-26
2.034758620689655118e+03   4.582911243389233097e-26
2.036965517241379303e+03   3.157714045298942994e-26
2.039172413793103487e+03   4.465389217358643404e-26
2.041379310344827445e+03   5.289255067045914295e-26
2.043586206896551630e+03   4.140639215167667610e-26
2.045793103448275815e+03   3.336111539841149142e-26
2.048000000000000000e+03   4.434685706760346168e-26
