0.000000000000000000e+00   2.085186787037293654e-01
2.441406250000000000e-04   2.114115071465369755e-01
4.882812500000000000e-04   2.161535847880738381e-01
7.324218750000000000e-04   2.204758904526457342e-01
9.765625000000000000e-04   2.207452730805980756e-01
1.220703125000000000e-03   2.157189813611792850e-01
1.464843750000000000e-03   2.038510262004623041e-01
1.708984375000000000e-03   1.865064762925611463e-01
1.953125000000000000e-03   1.647818043715522929e-01
2.197265625000000000e-03   1.421096828690150971e-01
2.441406250000000000e-03   1.205405400920490089e-01
2.685546875000000000e-03   1.031621823299430363e-01
2.929687500000000000e-03   9.057215437515638012e-02
3.173828125000000000e-03   8.364803346880622659e-02
3.417968750000000000e-03   8.045559759548233381e-02
3.662109375000000000e-03   7.959571758741759706e-02
3.906250000000000000e-03   7.768763770580661143e-02
4.150390625000000000e-03   7.293521334156793934e-02
4.394531250000000000e-03   6.265387505792117950e-02
4.638671875000000000e-03   4.679642976832300988e-02
4.882812500000000000e-03   2.515905899409684107e-02
5.126953125000000000e-03   2.850095906990936104e-04
5.371093750000000000e-03   -2.592221075145334161e-02
5.615234375000000000e-03   -4.974479825658378179e-02
5.859375000000000000e-03   -6.930456919992340759e-02
6.103515625000000000e-03   -8.224053341080644897e-02
6.347656250000000000e-03   -8.908598825706655344e-02
6.591796875000000000e-03   -9.033202048322809541e-02
6.835937500000000000e-03   -8.915701574569334653e-02
7.080078125000000000e-03   -8.793810965020781856e-02
7.324218750000000000e-03   -9.050238203611118970e-02
7.568359375000000000e-03   -9.843406966917984946e-02
7.812500000000000000e-03   -1.135257080696879389e-01
8.056640625000000000e-03   -1.345644350837883751e-01
8.300781250000000000e-03   -1.603487514123513036e-01
8.544921875000000000e-03   -1.871208456462673253e-01
8.789062500000000000e-03   -2.121927633254242773e-01
9.033203125000000000e-03   -2.317289735181669863e-01
9.277343750000000000e-03   -2.443078826800477443e-01
9.521484375000000000e-03   -2.484411481761005791e-01
9.765625000000000000e-03   -2.457347730372735906e-01
1.000976562500000000e-02   -2.377807038463080613e-01
1.025390625000000000e-02   -2.286086569891798426e-01
1.049804687500000000e-02   -2.211101503286619085e-01
1.074218750000000000e-02   -2.192246984861759840e-01
1.098632812500000000e-02   -2.242768286026536051e-01
1.123046875000000000e-02   -2.373952941166518338e-01
1.147460937500000000e-02   -2.565184302728805155e-01
1.171875000000000000e-02   -2.795944982572957094e-01
1.196289062500000000e-02   -3.021835476009849808e-01
1.220703125000000000e-02   -3.211336448507544072e-01
1.245117187500000000e-02   -3.325384988534005881e-01
1.269531250000000000e-02   -3.353203359574970510e-01
1.293945312500000000e-02   -3.286822566139272483e-01
1.318359375000000000e-02   -3.150243801115067410e-01
1.342773437500000000e-02   -2.967615803061601221e-01
1.367187500000000000e-02   -2.785313593995950021e-01
1.391601562500000000e-02   -2.634392450742937264e-01
1.416015625000000000e-02   -2.551673902392073146e-01
1.440429687500000000e-02   -2.545371943064986264e-01
1.464843750000000000e-02   -2.620296774174873389e-01
1.489257812500000000e-02   -2.749326762236466992e-01
1.513671875000000000e-02   -2.906561009481057334e-01
1.538085937500000000e-02   -3.046036117536128351e-01
1.562500000000000000e-02   -3.138119278875097229e-01
1.586914062500000000e-02   -3.148224390412981966e-01
1.611328125000000000e-02   -3.071398879958698869e-01
1.635742187500000000e-02   -2.906445860717533636e-01
1.660156250000000000e-02   -2.682536014106973177e-01
1.684570312500000000e-02   -2.425979827227709995e-01
1.708984375000000000e-02   -2.181958965530662875e-01
1.733398437500000000e-02   -1.978222282735419557e-01
1.757812500000000000e-02   -1.845797360301297541e-01
1.782226562500000000e-02   -1.785938538259994601e-01
1.806640625000000000e-02   -1.797319601248804910e-01
1.831054687500000000e-02   -1.849815531253351519e-01
1.855468750000000000e-02   -1.917391838202922583e-01
1.879882812500000000e-02   -1.957331696525250186e-01
1.904296875000000000e-02   -1.946239489073429418e-01
1.928710937500000000e-02   -1.857997249161708886e-01
1.953125000000000000e-02   -1.695548444034807312e-01
1.977539062500000000e-02   -1.463854788471306845e-01
2.001953125000000000e-02   -1.195233061095235111e-01
2.026367187500000000e-02   -9.154875911708289238e-02
2.050781250000000000e-02   -6.646142775070318365e-02
2.075195312500000000e-02   -4.620826611756579522e-02
2.099609375000000000e-02   -3.290176905254371675e-02
2.124023437500000000e-02   -2.572337120113278586e-02
2.148437500000000000e-02   -2.380162767220710823e-02
2.172851562500000000e-02   -2.385871979335839679e-02
2.197265625000000000e-02   -2.356052402177419292e-02
2.221679687500000000e-02   -1.937338455207623239e-02
2.246093750000000000e-02   -9.994359391080521668e-03
2.270507812500000000e-02   5.957893689716458122e-03
2.294921875000000000e-02   2.708232131322030334e-02
2.319335937500000000e-02   5.216374899719829900e-02
2.343750000000000000e-02   7.779426573758661811e-02
2.368164062500000000e-02   1.017350170067493342e-01
2.392578125000000000e-02   1.208631443744573458e-01
2.416992187500000000e-02   1.344803678062599928e-01
2.441406250000000000e-02   1.418077043915774160e-01
2.465820312500000000e-02   1.447366316288153654e-01
2.490234375000000000e-02   1.448589824143745319e-01
2.514648437500000000e-02   1.456632844805608729e-01
2.539062500000000000e-02   1.490876390309711363e-01
2.563476562500000000e-02   1.576731409868430134e-01
2.587890625000000000e-02   1.714449057017713163e-01
2.612304687500000000e-02   1.904475742747928080e-01
2.636718750000000000e-02   2.120948797224967430e-01
2.661132812500000000e-02   2.343313130675707123e-01
2.685546875000000000e-02   2.535661381252581337e-01
2.709960937500000000e-02   2.680293390641967921e-01
2.734375000000000000e-02   2.756022127939240507e-01
2.758789062500000000e-02   2.769197610334863668e-01
2.783203125000000000e-02   2.726949554478605986e-01
2.807617187500000000e-02   2.660758268118610381e-01
2.832031250000000000e-02   2.593740347494606358e-01
2.856445312500000000e-02   2.561465392244313133e-01
2.880859375000000000e-02   2.578516648925270327e-01
2.905273437500000000e-02   2.660132945260643700e-01
2.929687500000000000e-02   2.793261830628037679e-01
2.954101562500000000e-02   2.965144915194650177e-01
2.978515625000000000e-02   3.140237135678525249e-01
3.002929687500000000e-02   3.292638934068409240e-01
3.027343750000000000e-02   3.386331359344524894e-01
3.051757812500000000e-02   3.408631737911242410e-01
3.076171875000000000e-02   3.347647871998740143e-01
3.100585937500000000e-02   3.220629729558284748e-01
3.125000000000000000e-02   3.045764542791897234e-01
3.149414062500000000e-02   2.863936258591694983e-01
3.173828125000000000e-02   2.704184464608249128e-01
3.198242187500000000e-02   2.602440498112574274e-01
3.222656250000000000e-02   2.568829709839126063e-01
3.247070312500000000e-02   2.610669034293345847e-01
3.271484375000000000e-02   2.705117222953078993e-01
3.295898437500000000e-02   2.829241831238942795e-01
3.320312500000000000e-02   2.939916637468562577e-01
3.344726562500000000e-02   3.007952042229405931e-01
3.369140625000000000e-02   2.998775292382670488e-01
3.393554687500000000e-02   2.905096773904268792e-01
3.417968750000000000e-02   2.723695738343945849e-01
3.442382812500000000e-02   2.480987369278978560e-01
3.466796875000000000e-02   2.202170067772525885e-01
3.491210937500000000e-02   1.931583598446428574e-01
3.515625000000000000e-02   1.698725234257499050e-01
3.540039062500000000e-02   1.536662889723109104e-01
3.564453125000000000e-02   1.450144379507170012e-01
3.588867187500000000e-02   1.440365867531257227e-01
3.613281250000000000e-02   1.479829843202528084e-01
3.637695312500000000e-02   1.542290278473310294e-01
3.662109375000000000e-02   1.582995885467150532e-01
3.686523437500000000e-02   1.573404410224353844e-01
3.710937500000000000e-02   1.482433044377258757e-01
3.735351562500000000e-02   1.307749551721893444e-01
3.759765625000000000e-02   1.051833920332227029e-01
3.784179687500000000e-02   7.467450655856436303e-02
3.808593750000000000e-02   4.220971579352326974e-02
3.833007812500000000e-02   1.232081458601599552e-02
3.857421875000000000e-02   -1.231617174323499340e-02
3.881835937500000000e-02   -2.895252456144986608e-02
3.906250000000000000e-02   -3.784194161406641277e-02
3.930664062500000000e-02   -3.969102029237654011e-02
3.955078125000000000e-02   -3.787828314642955468e-02
3.979492187500000000e-02   -3.519843315082549912e-02
4.003906250000000000e-02   -3.579389108968294986e-02
4.028320312500000000e-02   -4.183506920110015986e-02
4.052734375000000000e-02   -5.550763456042043242e-02
4.077148437500000000e-02   -7.609218602493020289e-02
4.101562500000000000e-02   -1.026272574900293222e-01
4.125976562500000000e-02   -1.316468971313747016e-01
4.150390625000000000e-02   -1.603601579425533719e-01
4.174804687500000000e-02   -1.847855288961384734e-01
4.199218750000000000e-02   -2.031454511293580567e-01
4.223632812500000000e-02   -2.137229911925249415e-01
4.248046875000000000e-02   -2.175624386821859435e-01
4.272460937500000000e-02   -2.159492781415038032e-01
4.296875000000000000e-02   -2.124400574870106417e-01
4.321289062500000000e-02   -2.096135699068096547e-01
4.345703125000000000e-02   -2.109718963767678868e-01
4.370117187500000000e-02   -2.177616526481866432e-01
4.394531250000000000e-02   -2.311478459894593940e-01
4.418945312500000000e-02   -2.494984006349130479e-01
4.443359375000000000e-02   -2.711648588146468586e-01
4.467773437500000000e-02   -2.924681270526779397e-01
4.492187500000000000e-02   -3.109477220195671077e-01
4.516601562500000000e-02   -3.234762844175487206e-01
4.541015625000000000e-02   -3.293855019202486245e-01
4.565429687500000000e-02   -3.282022023321553017e-01
4.589843750000000000e-02   -3.221235782103383238e-01
4.614257812500000000e-02   -3.130422644755593842e-01
4.638671875000000000e-02   -3.045323074565249866e-01
4.663085937500000000e-02   -2.986481026949588391e-01
4.687500000000000000e-02   -2.978708513450523676e-01
4.711914062500000000e-02   -3.021556069305573189e-01
4.736328125000000000e-02   -3.113911665732381207e-01
4.760742187500000000e-02   -3.230236805095026420e-01
4.785156250000000000e-02   -3.349879232938861584e-01
4.809570312500000000e-02   -3.437451289318842473e-01
4.833984375000000000e-02   -3.475087137294986528e-01
4.858398437500000000e-02   -3.442442765115436565e-01
4.882812500000000000e-02   -3.345131041338821887e-01
4.907226562500000000e-02   -3.189821734746946524e-01
4.931640625000000000e-02   -3.007170327208523730e-01
4.956054687500000000e-02   -2.820848917085208574e-01
4.980468750000000000e-02   -2.665956014025792076e-01
5.004882812500000000e-02   -2.557435541452349193e-01
5.029296875000000000e-02   -2.510984850753467668e-01
5.053710937500000000e-02   -2.515258252706619180e-01
5.078125000000000000e-02   -2.557837963038439022e-01
5.102539062500000000e-02   -2.604068089775632977e-01
5.126953125000000000e-02   -2.628716839464127486e-01
5.151367187500000000e-02   -2.597417428446286980e-01
5.175781250000000000e-02   -2.498112495753718465e-01
5.200195312500000000e-02   -2.320453430509784587e-01
5.224609375000000000e-02   -2.082354948049742194e-01
5.249023437500000000e-02   -1.802074006904455239e-01
5.273437500000000000e-02   -1.518185064469897150e-01
5.297851562500000000e-02   -1.257952721519487171e-01
5.322265625000000000e-02   -1.055241621088141291e-01
5.346679687500000000e-02   -9.188770984501934413e-02
5.371093750000000000e-02   -8.545603261280990126e-02
5.395507812500000000e-02   -8.402798847302070384e-02
5.419921875000000000e-02   -8.546186639655120598e-02
5.444335937500000000e-02   -8.569290089418983569e-02
5.468750000000000000e-02   -8.199208497997402534e-02
5.493164062500000000e-02   -7.121812280644680693e-02
5.517578125000000000e-02   -5.286666414149016058e-02
5.541992187500000000e-02   -2.681274654911685457e-02
5.566406250000000000e-02   4.248148327334323911e-03
5.590820312500000000e-02   3.770722842968913385e-02
5.615234375000000000e-02   6.926396351211196178e-02
5.639648437500000000e-02   9.622022845101495248e-02
5.664062500000000000e-02   1.156346324201190934e-01
5.688476562500000000e-02   1.272677557576309681e-01
5.712890625000000000e-02   1.312993828158979248e-01
5.737304687500000000e-02   1.306658900607372831e-01
5.761718750000000000e-02   1.280572533092723120e-01
5.786132812500000000e-02   1.277047654739677240e-01
5.810546875000000000e-02   1.321432642927295731e-01
5.834960937500000000e-02   1.439883923996560511e-01
5.859375000000000000e-02   1.629762715175996080e-01
5.883789062500000000e-02   1.883865141101443430e-01
5.908203125000000000e-02   2.168893225689641491e-01
5.932617187500000000e-02   2.456063870073900979e-01
5.957031250000000000e-02   2.703924762969272533e-01
5.981445312500000000e-02   2.890852929668270566e-01
6.005859375000000000e-02   2.996238811153481008e-01
6.030273437500000000e-02   3.027650646016760150e-01
6.054687500000000000e-02   2.995379040785008939e-01
6.079101562500000000e-02   2.932764536431519686e-01
6.103515625000000000e-02   2.867398313448101255e-01
6.127929687500000000e-02   2.837165192861833551e-01
6.152343750000000000e-02   2.857403552800703572e-01
6.176757812500000000e-02   2.944879540182562261e-01
6.201171875000000000e-02   3.088120725587433779e-01
6.225585937500000000e-02   3.273659698364237980e-01
6.250000000000000000e-02   3.465027120450415721e-01
6.274414062500000000e-02   3.634798528718369282e-01
6.298828125000000000e-02   3.746754948201712065e-01
6.323242187500000000e-02   3.787482872619990504e-01
6.347656250000000000e-02   3.746190049194364491e-01
6.372070312500000000e-02   3.640700253147295951e-01
6.396484375000000000e-02   3.489202508510347855e-01
6.420898437500000000e-02   3.329422450547052104e-01
6.445312500000000000e-02   3.187438108252638180e-01
6.469726562500000000e-02   3.095733522004730509e-01
6.494140625000000000e-02   3.062243072827056656e-01
6.518554687500000000e-02   3.092038558840854989e-01
6.542968750000000000e-02   3.163180920739022128e-01
6.567382812500000000e-02   3.254845855185160008e-01
6.591796875000000000e-02   3.328105382039887594e-01
6.616210937500000000e-02   3.358172339802601436e-01
6.640625000000000000e-02   3.316817128289415439e-01
6.665039062500000000e-02   3.201682684550222757e-01
6.689453125000000000e-02   3.012797687697275073e-01
6.713867187500000000e-02   2.776132499874130466e-01
6.738281250000000000e-02   2.515024595158910636e-01
6.762695312500000000e-02   2.268454158212960536e-01
6.787109375000000000e-02   2.059215109887711226e-01
6.811523437500000000e-02   1.912828536607844299e-01
6.835937500000000000e-02   1.828851804564552430e-01
6.860351562500000000e-02   1.803627970760050825e-01
6.884765625000000000e-02   1.807329549993822726e-01
6.909179687500000000e-02   1.814154505179319810e-01
6.933593750000000000e-02   1.784896030778889697e-01
6.958007812500000000e-02   1.698864346124391023e-01
6.982421875000000000e-02   1.535371311065243383e-01
7.006835937500000000e-02   1.302046498210611691e-01
7.031250000000000000e-02   1.009815243728642842e-01
7.055664062500000000e-02   6.932159451165467723e-02
7.080078125000000000e-02   3.795558837208487524e-02
7.104492187500000000e-02   1.066463682481468868e-02
7.128906250000000000e-02   -1.087138716317002755e-02
7.153320312500000000e-02   -2.511030445905079386e-02
7.177734375000000000e-02   -3.326331783452392971e-02
7.202148437500000000e-02   -3.667823686937001643e-02
7.226562500000000000e-02   -3.888693205137082332e-02
7.250976562500000000e-02   -4.253860378914927493e-02
7.275390625000000000e-02   -5.113575853072434285e-02
7.299804687500000000e-02   -6.592925119669516831e-02
7.324218750000000000e-02   -8.798092532695704626e-02
7.348632812500000000e-02   -1.155929603629528013e-01
7.373046875000000000e-02   -1.469585822928195784e-01
7.397460937500000000e-02   -1.782274444765403476e-01
7.421875000000000000e-02   -2.066671464685473913e-01
7.446289062500000000e-02   -2.289045535971228618e-01
7.470703125000000000e-02   -2.439549955112523538e-01
7.495117187500000000e-02   -2.511226926120729841e-01
7.519531250000000000e-02   -2.525085612893099296e-01
7.543945312500000000e-02   -2.502313595292623427e-01
7.568359375000000000e-02   -2.482610716368872095e-01
7.592773437500000000e-02   -2.492345250017392322e-01
7.617187500000000000e-02   -2.561945587850972261e-01
7.641601562500000000e-02   -2.695753150999333214e-01
7.666015625000000000e-02   -2.894036210892745320e-01
7.690429687500000000e-02   -3.129943645125571883e-01
7.714843750000000000e-02   -3.378547264015273055e-01
7.739257812500000000e-02   -3.599004358673956738e-01
7.763671875000000000e-02   -3.766708327224048136e-01
7.788085937500000000e-02   -3.855563493194959501e-01
7.812500000000000000e-02   -3.866348220179980366e-01
7.836914062500000000e-02   -3.802866432116508988e-01
7.861328125000000000e-02   -3.694461557071941904e-01
7.885742187500000000e-02   -3.566824105843387493e-01
7.910156250000000000e-02   -3.459627822777310846e-01
7.934570312500000000e-02   -3.394644166678048580e-01
7.958984375000000000e-02   -3.394295572477776801e-01
7.983398437500000000e-02   -3.453809448266475512e-01
8.007812500000000000e-02   -3.565043289339029364e-01
8.032226562500000000e-02   -3.694909745771254861e-01
8.056640625000000000e-02   -3.816032692332402276e-01
8.081054687500000000e-02   -3.889763138289500377e-01
8.105468750000000000e-02   -3.897334426651801742e-01
8.129882812500000000e-02   -3.820698880574539547e-01
8.154296875000000000e-02   -3.669944921914460867e-01
8.178710937500000000e-02   -3.458011734323654385e-01
8.203125000000000000e-02   -3.220596845568383659e-01
8.227539062500000000e-02   -2.985343839893521700e-01
8.251953125000000000e-02   -2.789380468152747317e-01
8.276367187500000000e-02   -2.648188829196024829e-01
8.300781250000000000e-02   -2.574944269366424843e-01
8.325195312500000000e-02   -2.554554277138910701e-01
8.349609375000000000e-02   -2.570602247185590494e-01
8.374023437500000000e-02   -2.585815990870865555e-01
8.398437500000000000e-02   -2.573147216626175404e-01
8.422851562500000000e-02   -2.498945357658190758e-01
8.447265625000000000e-02   -2.353756245105016465e-01
8.471679687500000000e-02   -2.131169225949564316e-01
8.496093750000000000e-02   -1.852048338114629655e-01
8.520507812500000000e-02   -1.536838364927876344e-01
8.544921875000000000e-02   -1.224256628786920403e-01
8.569335937500000000e-02   -9.396534425889510600e-02
8.593750000000000000e-02   -7.127109953022206512e-02
8.618164062500000000e-02   -5.482655640538646596e-02
8.642578125000000000e-02   -4.486301738977235831e-02
8.666992187500000000e-02   -3.898557451299153320e-02
8.691406250000000000e-02   -3.501618328553348508e-02
8.715820312500000000e-02   -2.918147764446445483e-02
8.740234375000000000e-02   -1.924486393489190442e-02
8.764648437500000000e-02   -2.673837214756896816e-03
8.789062500000000000e-02   2.047895443617287967e-02
8.813476562500000000e-02   4.985667430366089170e-02
8.837890625000000000e-02   8.254668006197413144e-02
8.862304687500000000e-02   1.160023384352640990e-01
8.886718750000000000e-02   1.462519465123671147e-01
8.911132812500000000e-02   1.710731905508946493e-01
8.935546875000000000e-02   1.881998673307621328e-01
8.959960937500000000e-02   1.981454550275398019e-01
8.984375000000000000e-02   2.017780167416610426e-01
9.008789062500000000e-02   2.024288146424608470e-01
9.033203125000000000e-02   2.028513219849196192e-01
9.057617187500000000e-02   2.069201001853937238e-01
9.082031250000000000e-02   2.164540595319850158e-01
9.106445312500000000e-02   2.331407343644907593e-01
9.130859375000000000e-02   2.558701000340365961e-01
9.155273437500000000e-02   2.832584479988181081e-01
9.179687500000000000e-02   3.116121118393767597e-01
9.204101562500000000e-02   3.380422038139865859e-01
9.228515625000000000e-02   3.587668112663968678e-01
9.252929687500000000e-02   3.721961309850113642e-01
9.277343750000000000e-02   3.769328897418204316e-01
9.301757812500000000e-02   3.743969599330533859e-01
9.326171875000000000e-02   3.662294830122763689e-01
9.350585937500000000e-02   3.562573083121882145e-01
9.375000000000000000e-02   3.473726994449416461e-01
9.399414062500000000e-02   3.432463239667927213e-01
9.423828125000000000e-02   3.452071069974050332e-01
9.448242187500000000e-02   3.542307630154920006e-01
9.472656250000000000e-02   3.684008722847034734e-01
9.497070312500000000e-02   3.856446808015585037e-01
9.521484375000000000e-02   4.018545683649989986e-01
9.545898437500000000e-02   4.140802666132426535e-01
9.570312500000000000e-02   4.188872871191520741e-01
9.594726562500000000e-02   4.154483047181755095e-01
9.619140625000000000e-02   4.033720056067731652e-01
9.643554687500000000e-02   3.850645993351083374e-01
9.667968750000000000e-02   3.628916005785267629e-01
9.692382812500000000e-02   3.409893752708498260e-01
9.716796875000000000e-02   3.220356381112625677e-01
9.741210937500000000e-02   3.089986424935562970e-01
9.765625000000000000e-02   3.022188155540604937e-01
9.790039062500000000e-02   3.016975068684109584e-01
9.814453125000000000e-02   3.047618887051810610e-01
9.838867187500000000e-02   3.089619468328361762e-01
9.863281250000000000e-02   3.103091766969485188e-01
9.887695312500000000e-02   3.064513399457708953e-01
9.912109375000000000e-02   2.948200908661137709e-01
9.936523437500000000e-02   2.755248221929423869e-01
9.960937500000000000e-02   2.490392301478305537e-01
9.985351562500000000e-02   2.184391310049690060e-01
1.000976562500000000e-01   1.863988376123169310e-01
1.003417968750000000e-01   1.569321009910100428e-01
1.005859375000000000e-01   1.322206223513834600e-01
1.008300781250000000e-01   1.144590999207387577e-01
1.010742187500000000e-01   1.030350764237242672e-01
1.013183593750000000e-01   9.702064848675266695e-02
1.015625000000000000e-01   9.308415304509617960e-02
1.018066406250000000e-01   8.856173116280001423e-02
1.020507812500000000e-01   7.972810068585672871e-02
1.022949218750000000e-01   6.496165341171060426e-02
1.025390625000000000e-01   4.277918078501995874e-02
1.027832031250000000e-01   1.446429844865892468e-02
1.030273437500000000e-01   -1.857329792629205945e-02
1.032714843750000000e-01   -5.276214068885410474e-02
1.035156250000000000e-01   -8.548212270306326799e-02
1.037597656250000000e-01   -1.133010500600895587e-01
1.040039062500000000e-01   -1.350126937161763574e-01
1.042480468750000000e-01   -1.495264032895405604e-01
1.044921875000000000e-01   -1.584258794482820976e-01
1.047363281250000000e-01   -1.632923182254417127e-01
1.049804687500000000e-01   -1.676952029243966580e-01
1.052246093750000000e-01   -1.740719534662558410e-01
1.054687500000000000e-01   -1.855176148869043251e-01
1.057128906250000000e-01   -2.027574495236535435e-01
1.059570312500000000e-01   -2.262849387787361499e-01
1.062011718750000000e-01   -2.538890400201342379e-01
1.064453125000000000e-01   -2.835018161827612126e-01
1.066894531250000000e-01   -3.113073922087853940e-01
1.069335937500000000e-01   -3.348382120599409650e-01
1.071777343750000000e-01   -3.512761046747694405e-01
1.074218750000000000e-01   -3.603719438014653109e-01
1.076660156250000000e-01   -3.620890761140349023e-01
1.079101562500000000e-01   -3.590783189709967349e-01
1.081542968750000000e-01   -3.536399367154950402e-01
1.083984375000000000e-01   -3.496546172851196510e-01
1.086425781250000000e-01   -3.493119049148047384e-01
1.088867187500000000e-01   -3.549214821084004656e-01
1.091308593750000000e-01   -3.661401276857120801e-01
1.093750000000000000e-01   -3.823756685295841562e-01
1.096191406250000000e-01   -4.005371897434863437e-01
1.098632812500000000e-01   -4.180584846532209298e-01
1.101074218750000000e-01   -4.311112383831867123e-01
1.103515625000000000e-01   -4.377948743119025043e-01
1.105957031250000000e-01   -4.361551410663661588e-01
1.108398437500000000e-01   -4.269502424473133884e-01
1.110839843750000000e-01   -4.111747816934846478e-01
1.113281250000000000e-01   -3.922343784001051104e-01
1.115722656250000000e-01   -3.728222651621265760e-01
1.118164062500000000e-01   -3.567155711084015191e-01
1.120605468750000000e-01   -3.456115618762183317e-01
1.123046875000000000e-01   -3.410976982714924999e-01
1.125488281250000000e-01   -3.419082256146678267e-01
1.127929687500000000e-01   -3.465817470032033776e-01
1.130371093750000000e-01   -3.514405360604433426e-01
1.132812500000000000e-01   -3.537261646255152048e-01
1.135253906250000000e-01   -3.498008360658467764e-01
1.137695312500000000e-01   -3.383616019022627763e-01
1.140136718750000000e-01   -3.183863902025542147e-01
1.142578125000000000e-01   -2.917019322668230608e-01
1.145019531250000000e-01   -2.602063960323091063e-01
1.147460937500000000e-01   -2.278800824459948360e-01
1.149902343750000000e-01   -1.975860004736574305e-01
1.152343750000000000e-01   -1.728142172462532322e-01
1.154785156250000000e-01   -1.545212518477484809e-01
1.157226562500000000e-01   -1.433143883985045219e-01
1.159667968750000000e-01   -1.369551391444613075e-01
1.162109375000000000e-01   -1.332316136971759546e-01
1.164550781250000000e-01   -1.280922927350708340e-01
1.166992187500000000e-01   -1.189394072176044315e-01
1.169433593750000000e-01   -1.027891159335968391e-01
1.171875000000000000e-01   -7.927122173190424836e-02
1.174316406250000000e-01   -4.831336817924298394e-02
1.176757812500000000e-01   -1.257962983241342134e-02
1.179199218750000000e-01   2.546861342960635502e-02
1.181640625000000000e-01   6.168606451842874316e-02
1.184082031250000000e-01   9.349963452080149728e-02
1.186523437500000000e-01   1.180626238172076542e-01
1.188964843750000000e-01   1.352649167313749179e-01
1.191406250000000000e-01   1.453488724677408361e-01
1.193847656250000000e-01   1.512381186458564009e-01
1.196289062500000000e-01   1.554875657457078786e-01
1.198730468750000000e-01   1.621153160733934395e-01
1.201171875000000000e-01   1.732987950933799204e-01
1.203613281250000000e-01   1.912986640814794970e-01
1.206054687500000000e-01   2.155885195460137405e-01
1.208496093750000000e-01   2.453808510286724920e-01
1.210937500000000000e-01   2.773538341359733095e-01
1.213378906250000000e-01   3.087783848595811453e-01
1.215820312500000000e-01   3.357147162572420296e-01
1.218261718750000000e-01   3.562726702740310336e-01
1.220703125000000000e-01   3.685722035056642754e-01
1.223144531250000000e-01   3.735681071767517625e-01
1.225585937500000000e-01   3.724293496454803010e-01
1.228027343750000000e-01   3.686770215956454155e-01
1.230468750000000000e-01   3.649415079993846289e-01
1.232910156250000000e-01   3.648141039198712354e-01
1.235351562500000000e-01   3.696772885712532597e-01
1.237792968750000000e-01   3.808053615797032943e-01
1.240234375000000000e-01   3.966280098148797784e-01
1.242675781250000000e-01   4.155279801618678714e-01
1.245117187500000000e-01   4.337876694414395384e-01
1.247558593750000000e-01   4.488023204757923823e-01
1.250000000000000000e-01   4.571735510847552697e-01
1.252441406250000000e-01   4.578785994503549728e-01
1.254882812500000000e-01   4.501078097300345582e-01
1.257324218750000000e-01   4.358824270008039292e-01
1.259765625000000000e-01   4.171658930951399058e-01
1.262207031250000000e-01   3.978985543719256168e-01
1.264648437500000000e-01   3.807069502418161111e-01
1.267089843750000000e-01   3.687289149139286182e-01
1.269531250000000000e-01   3.624695982110706094e-01
1.271972656250000000e-01   3.621393139972916564e-01
1.274414062500000000e-01   3.652008309156335453e-01
1.276855468750000000e-01   3.693901449603917975e-01
1.279296875000000000e-01   3.707712271723923037e-01
1.281738281250000000e-01   3.670608106677683002e-01
1.284179687500000000e-01   3.556719644711729411e-01
1.286621093750000000e-01   3.366920786618208816e-01
1.289062500000000000e-01   3.104139523182787297e-01
1.291503906250000000e-01   2.797306941129297786e-01
1.293945312500000000e-01   2.470694985351263584e-01
1.296386718750000000e-01   2.163351427909497582e-01
1.298828125000000000e-01   1.896355752786017257e-01
1.301269531250000000e-01   1.692867865931624860e-01
1.303710937500000000e-01   1.548664879472573253e-01
1.306152343750000000e-01   1.457602622270456616e-01
1.308593750000000000e-01   1.388636804226160704e-01
1.311035156250000000e-01   1.316891713800798225e-01
1.313476562500000000e-01   1.204974264391226457e-01
1.315917968750000000e-01   1.034960139930302531e-01
1.318359375000000000e-01   7.893563475959249065e-02
1.320800781250000000e-01   4.798663553580884839e-02
1.323242187500000000e-01   1.171902978238303743e-02
1.325683593750000000e-01   -2.621067206337239497e-02
1.328125000000000000e-01   -6.307451453170108413e-02
1.330566406250000000e-01   -9.510920838344955053e-02
1.333007812500000000e-01   -1.208142861218739067e-01
1.335449218750000000e-01   -1.388007221145164116e-01
1.337890625000000000e-01   -1.506017039191051843e-01
1.340332031250000000e-01   -1.577505799417925070e-01
1.342773437500000000e-01   -1.641125732695459805e-01
1.345214843750000000e-01   -1.723006562619263937e-01
1.347656250000000000e-01   -1.857004683738694428e-01
1.350097656250000000e-01   -2.051906560753645192e-01
1.352539062500000000e-01   -2.315398819191635538e-01
1.354980468750000000e-01   -2.626447855817485300e-01
1.357421875000000000e-01   -2.964909770753620943e-01
1.359863281250000000e-01   -3.291838338413735077e-01
1.362304687500000000e-01   -3.581106915265839796e-01
1.364746093750000000e-01   -3.798640130252820546e-01
1.367187500000000000e-01   -3.937292835059051921e-01
1.369628906250000000e-01   -3.991699607482521728e-01
1.372070312500000000e-01   -3.985736373895401030e-01
1.374511718750000000e-01   -3.941471903853283054e-01
1.376953125000000000e-01   -3.900296130506332726e-01
1.379394531250000000e-01   -3.887888615900335632e-01
1.381835937500000000e-01   -3.933943612112676957e-01
1.384277343750000000e-01   -4.039647654140283706e-01
1.386718750000000000e-01   -4.203609053840027254e-01
1.389160156250000000e-01   -4.396622436967714820e-01
1.391601562500000000e-01   -4.593606012487603252e-01
1.394042968750000000e-01   -4.752994401131787061e-01
1.396484375000000000e-01   -4.851873299517613924e-01
1.398925781250000000e-01   -4.864957708788928414e-01
1.401367187500000000e-01   -4.795755046965771151e-01
1.403808593750000000e-01   -4.649666737527077265e-01
1.406250000000000000e-01   -4.459262582178324386e-01
1.408691406250000000e-01   -4.251106499460290955e-01
1.411132812500000000e-01   -4.065572083556241445e-01
1.413574218750000000e-01   -3.921660910270393097e-01
1.416015625000000000e-01   -3.839253630321715072e-01
1.418457031250000000e-01   -3.808944620442627493e-01
1.420898437500000000e-01   -3.820450756671849857e-01
1.423339843750000000e-01   -3.838976606863547247e-01
1.425781250000000000e-01   -3.839389701960796986e-01
1.428222656250000000e-01   -3.785262589256641608e-01
1.430664062500000000e-01   -3.662545829907888906e-01
1.433105468750000000e-01   -3.456133435850851088e-01
1.435546875000000000e-01   -3.179779022491848184e-01
1.437988281250000000e-01   -2.847294629075527439e-01
1.440429687500000000e-01   -2.496292475037866776e-01
1.442871093750000000e-01   -2.153596116892758650e-01
1.445312500000000000e-01   -1.855894907523447934e-01
1.447753906250000000e-01   -1.614890481965611246e-01
1.450195312500000000e-01   -1.441037411222030884e-01
1.452636718750000000e-01   -1.314975839109301936e-01
1.455078125000000000e-01   -1.218905158895663976e-01
1.457519531250000000e-01   -1.114254346075314178e-01
1.459960937500000000e-01   -9.771164366305294668e-02
1.462402343750000000e-01   -7.765326808265658742e-02
1.464843750000000000e-01   -5.076546796814044443e-02
1.467285156250000000e-01   -1.661414300632424804e-02
1.469726562500000000e-01   2.236746301864423261e-02
1.472167968750000000e-01   6.405174240883913794e-02
1.474609375000000000e-01   1.043593830822657081e-01
1.477050781250000000e-01   1.408073322063864430e-01
1.479492187500000000e-01   1.703294205306012665e-01
1.481933593750000000e-01   1.927037941903551876e-01
1.484375000000000000e-01   2.078908050984081546e-01
1.486816406250000000e-01   2.187294302714332950e-01
1.489257812500000000e-01   2.275250213682439293e-01
1.491699218750000000e-01   2.382673156762398770e-01
1.494140625000000000e-01   2.530229857753929501e-01
1.496582031250000000e-01   2.742376238976562131e-01
1.499023437500000000e-01   3.013711187079183285e-01
1.501464843750000000e-01   3.339242354389799772e-01
1.503906250000000000e-01   3.686888641317224713e-01
1.506347656250000000e-01   4.029345915829712355e-01
1.508789062500000000e-01   4.325859339587245223e-01
1.511230468750000000e-01   4.555577546460523597e-01
1.513671875000000000e-01   4.695875757251519178e-01
1.516113281250000000e-01   4.754183969000767007e-01
1.518554687500000000e-01   4.739348288267292153e-01
1.520996093750000000e-01   4.687107140785907733e-01
1.523437500000000000e-01   4.625082465694766998e-01
1.525878906250000000e-01   4.593680879683876284e-01
1.528320312500000000e-01   4.609692686593077626e-01
1.530761718750000000e-01   4.690392515745646085e-01
1.533203125000000000e-01   4.822467807559098762e-01
1.535644531250000000e-01   4.992109399624097832e-01
1.538085937500000000e-01   5.160143166307941121e-01
1.540527343750000000e-01   5.298258347246449507e-01
1.542968750000000000e-01   5.367209513855220049e-01
1.545410156250000000e-01   5.352909002606486277e-01
1.547851562500000000e-01   5.241704545944055882e-01
1.550292968750000000e-01   5.051268805140882723e-01
1.552734375000000000e-01   4.798745287009658078e-01
1.555175781250000000e-01   4.524595898846259234e-01
1.557617187500000000e-01   4.256043412749007659e-01
1.560058593750000000e-01   4.029680304609170594e-01
1.562500000000000000e-01   3.855647693599272285e-01
1.564941406250000000e-01   3.743786823365862770e-01
1.567382812500000000e-01   3.673562724574405136e-01
1.569824218750000000e-01   3.626952145435557440e-01
1.572265625000000000e-01   3.563480416743676771e-01
1.574707031250000000e-01   3.457433900452620001e-01
1.577148437500000000e-01   3.275626224880720527e-01
1.579589843750000000e-01   3.013543978039958660e-01
1.582031250000000000e-01   2.667750251546673335e-01
1.584472656250000000e-01   2.265399704627276689e-01
1.586914062500000000e-01   1.829762429540232604e-01
1.589355468750000000e-01   1.403623721450769080e-01
1.591796875000000000e-01   1.010814028100837647e-01
1.594238281250000000e-01   6.802003883512784677e-02
1.596679687500000000e-01   4.113639566360333122e-02
1.599121093750000000e-01   2.040698316329405196e-02
1.601562500000000000e-01   2.922238660015028053e-03
1.604003906250000000e-01   -1.352434238029733005e-02
1.606445312500000000e-01   -3.282901252559717459e-02
1.608886718750000000e-01   -5.678355788803434584e-02
1.611328125000000000e-01   -8.760032038478755834e-02
1.613769531250000000e-01   -1.244834627296058649e-01
1.616210937500000000e-01   -1.667326057906197145e-01
1.618652343750000000e-01   -2.109559021128635525e-01
1.621093750000000000e-01   -2.547391978159497250e-01
1.623535156250000000e-01   -2.941487931403521383e-01
1.625976562500000000e-01   -3.275109981299206274e-01
1.628417968750000000e-01   -3.528077824800503470e-01
1.630859375000000000e-01   -3.710756033650719488e-01
1.633300781250000000e-01   -3.832072092855269285e-01
1.635742187500000000e-01   -3.927566548975366389e-01
1.638183593750000000e-01   -4.021282278178598957e-01
1.640625000000000000e-01   -4.149840860625234051e-01
1.643066406250000000e-01   -4.323873084764779384e-01
1.645507812500000000e-01   -4.555575519781563387e-01
1.647949218750000000e-01   -4.825659216586782319e-01
1.650390625000000000e-01   -5.117742542635973502e-01
1.652832031250000000e-01   -5.391967416088624399e-01
1.655273437500000000e-01   -5.624677217594888923e-01
1.657714843750000000e-01   -5.782713856711446665e-01
1.660156250000000000e-01   -5.860210900323541416e-01
1.662597656250000000e-01   -5.849330386986540953e-01
1.665039062500000000e-01   -5.772631188976202754e-01
1.667480468750000000e-01   -5.647188247931224092e-01
1.669921875000000000e-01   -5.511652207433717088e-01
1.672363281250000000e-01   -5.387430899598097955e-01
1.674804687500000000e-01   -5.305282877501082961e-01
1.677246093750000000e-01   -5.266967252561202129e-01
1.679687500000000000e-01   -5.275029622298116339e-01
1.682128906250000000e-01   -5.301390411667051827e-01
1.684570312500000000e-01   -5.325226286716181479e-01
1.687011718750000000e-01   -5.306036733049258602e-01
1.689453125000000000e-01   -5.224087979332256992e-01
1.691894531250000000e-01   -5.053519567933387746e-01
1.694335937500000000e-01   -4.799481365795889021e-01
1.696777343750000000e-01   -4.464927192378972398e-01
1.699218750000000000e-01   -4.082168259747618877e-01
1.701660156250000000e-01   -3.675258645455607986e-01
1.704101562500000000e-01   -3.287251880529063475e-01
1.706542968750000000e-01   -2.938293364523503759e-01
1.708984375000000000e-01   -2.653240700023271614e-01
1.711425781250000000e-01   -2.423807143969720912e-01
1.713867187500000000e-01   -2.243026066889339809e-01
1.716308593750000000e-01   -2.073221793056382878e-01
1.718750000000000000e-01   -1.887424623374178712e-01
1.721191406250000000e-01   -1.646053343434591143e-01
1.723632812500000000e-01   -1.334370752624359779e-01
1.726074218750000000e-01   -9.349809171571515920e-02
1.728515625000000000e-01   -4.646972792596130303e-02
1.730957031250000000e-01   6.241605898831744173e-03
1.733398437500000000e-01   6.050320918497816697e-02
1.735839843750000000e-01   1.135357914061577017e-01
1.738281250000000000e-01   1.611065866636717248e-01
1.740722656250000000e-01   2.016848338118702177e-01
1.743164062500000000e-01   2.334595259102307807e-01
1.745605468750000000e-01   2.580416865673804683e-01
1.748046875000000000e-01   2.768099325096967100e-01
1.750488281250000000e-01   2.939632108550929712e-01
1.752929687500000000e-01   3.122381210994567002e-01
1.755371093750000000e-01   3.355994769875609851e-01
1.757812500000000000e-01   3.649822268486294652e-01
1.760253906250000000e-01   4.014788217369425483e-01
1.762695312500000000e-01   4.427284197821048650e-01
1.765136718750000000e-01   4.867863468319289511e-01
1.767578125000000000e-01   5.290856640293724045e-01
1.770019531250000000e-01   5.668145643105567677e-01
1.772460937500000000e-01   5.960086739054859528e-01
1.774902343750000000e-01   6.157340383825329333e-01
1.777343750000000000e-01   6.248474171549445177e-01
1.779785156250000000e-01   6.257461012988368987e-01
1.782226562500000000e-01   6.203681351318240944e-01
1.784667968750000000e-01   6.132397158218941824e-01
1.787109375000000000e-01   6.069998509833059996e-01
1.789550781250000000e-01   6.053079759214157196e-01
1.791992187500000000e-01   6.084901384231051757e-01
1.794433593750000000e-01   6.169949391090180368e-01
1.796875000000000000e-01   6.278340814764366007e-01
1.799316406250000000e-01   6.388658308278827302e-01
1.801757812500000000e-01   6.456733685383596599e-01
1.804199218750000000e-01   6.460939621953080136e-01
1.806640625000000000e-01   6.370489405590958887e-01
1.809082031250000000e-01   6.187482045931990138e-01
1.811523437500000000e-01   5.908997551002133086e-01
1.813964843750000000e-01   5.564469691558977527e-01
1.816406250000000000e-01   5.173518500301675926e-01
1.818847656250000000e-01   4.778641674045168153e-01
1.821289062500000000e-01   4.398967183003364423e-01
1.823730468750000000e-01   4.063486468565329912e-01
1.826171875000000000e-01   3.767803627770937025e-01
1.828613281250000000e-01   3.512291094649800938e-01
1.831054687500000000e-01   3.264873070105649422e-01
1.833496093750000000e-01   3.006840205688910972e-01
1.835937500000000000e-01   2.700399986130579966e-01
1.838378906250000000e-01   2.335060147154143229e-01
1.840820312500000000e-01   1.891997396549155996e-01
1.843261718750000000e-01   1.386977312334696788e-01
1.845703125000000000e-01   8.286832113853226378e-02
1.848144531250000000e-01   2.544169763031420631e-02
1.850585937500000000e-01   -3.171361835169563687e-02
1.853027343750000000e-01   -8.503388303839420903e-02
1.855468750000000000e-01   -1.339017342637114083e-01
1.857910156250000000e-01   -1.768601464072365459e-01
1.860351562500000000e-01   -2.158091380894049949e-01
1.862792968750000000e-01   -2.515428503372717506e-01
1.865234375000000000e-01   -2.874918604542583411e-01
1.867675781250000000e-01   -3.249376381078895593e-01
1.870117187500000000e-01   -3.666289847010356651e-01
1.872558593750000000e-01   -4.120436911202790542e-01
1.875000000000000000e-01   -4.615098792998326149e-01
1.877441406250000000e-01   -5.120374024415889069e-01
1.879882812500000000e-01   -5.619780636431727094e-01
1.882324218750000000e-01   -6.071888977056870695e-01
1.884765625000000000e-01   -6.460522798415493373e-01
1.887207031250000000e-01   -6.757076680544176206e-01
1.889648437500000000e-01   -6.968337408789049281e-01
1.892089843750000000e-01   -7.093187433931708030e-01
1.894531250000000000e-01   -7.165395813891548560e-01
1.896972656250000000e-01   -7.203325234831385870e-01
1.899414062500000000e-01   -7.248080878446248043e-01
1.901855468750000000e-01   -7.311685577544934089e-01
1.904296875000000000e-01   -7.416770430065375841e-01
1.906738281250000000e-01   -7.546831738398249723e-01
1.909179687500000000e-01   -7.693357107957939922e-01
1.911621093750000000e-01   -7.813920732158546878e-01
1.914062500000000000e-01   -7.885289460379053539e-01
1.916503906250000000e-01   -7.862889525559845216e-01
1.918945312500000000e-01   -7.734805739701281491e-01
1.921386718750000000e-01   -7.480229537215860036e-01
1.923828125000000000e-01   -7.119361683211415937e-01
1.926269531250000000e-01   -6.663127287956230882e-01
1.928710937500000000e-01   -6.157835126808516302e-01
1.931152343750000000e-01   -5.630428955818423953e-01
1.933593750000000000e-01   -5.129251729388256686e-01
1.936035156250000000e-01   -4.666355423612214004e-01
1.938476562500000000e-01   -4.263022180018014029e-01
1.940917968750000000e-01   -3.898594816128365670e-01
1.943359375000000000e-01   -3.561441791350070107e-01
1.945800781250000000e-01   -3.202342854102125380e-01
1.948242187500000000e-01   -2.794479336001998160e-01
1.950683593750000000e-01   -2.291656215335408087e-01
1.953125000000000000e-01   -1.687350638157505966e-01
1.955566406250000000e-01   -9.668746361625847607e-02
1.958007812500000000e-01   -1.615931359141578247e-02
1.960449218750000000e-01   7.058269521827163773e-02
1.962890625000000000e-01   1.577746336785965930e-01
1.965332031250000000e-01   2.425619058307383058e-01
1.967773437500000000e-01   3.194380159318012669e-01
1.970214843750000000e-01   3.875322208425696635e-01
1.972656250000000000e-01   4.453124096878806060e-01
1.975097656250000000e-01   4.953100814859460743e-01
1.977539062500000000e-01   5.388950259801090770e-01
1.979980468750000000e-01   5.809803990237737414e-01
1.982421875000000000e-01   6.236744665556110956e-01
1.984863281250000000e-01   6.711761090542445185e-01
1.987304687500000000e-01   7.233177923920696140e-01
1.989746093750000000e-01   7.810064711911465229e-01
1.992187500000000000e-01   8.404251330742140702e-01
1.994628906250000000e-01   8.993214698796819784e-01
1.997070312500000000e-01   9.516997353814964367e-01
1.999511718750000000e-01   9.948403357370126932e-01
2.001953125000000000e-01   1.024018825024965995e+00
2.004394531250000000e-01   1.039220742298135436e+00
2.006835937500000000e-01   1.039096617214623430e+00
2.009277343750000000e-01   1.027161350435210396e+00
2.011718750000000000e-01   1.004850664558732731e+00
2.014160156250000000e-01   9.771963724930931017e-01
2.016601562500000000e-01   9.455436548156772592e-01
2.019042968750000000e-01   9.136158990087874798e-01
2.021484375000000000e-01   8.803333384206522005e-01
2.023925781250000000e-01   8.464874272727895832e-01
2.026367187500000000e-01   8.081741461593946463e-01
2.028808593750000000e-01   7.642325399434805044e-01
2.031250000000000000e-01   7.097418227593350615e-01
2.033691406250000000e-01   6.438900900498939484e-01
2.036132812500000000e-01   5.634007798267831602e-01
2.038574218750000000e-01   4.702287485898311026e-01
2.041015625000000000e-01   3.639101342670763017e-01
2.043457031250000000e-01   2.489421477022284723e-01
2.045898437500000000e-01   1.268042312624721168e-01
2.048339843750000000e-01   2.895247373708963179e-03
2.050781250000000000e-01   -1.223243593959060516e-01
2.053222656250000000e-01   -2.450169030841630458e-01
2.055664062500000000e-01   -3.664456576082930073e-01
2.058105468750000000e-01   -4.849935274986867939e-01
2.060546875000000000e-01   -6.037355825049935953e-01
2.062988281250000000e-01   -7.216196385484200393e-01
2.065429687500000000e-01   -8.417036744100597767e-01
2.067871093750000000e-01   -9.615707089873999358e-01
2.070312500000000000e-01   -1.082537534142645752e+00
2.072753906250000000e-01   -1.199951334991798291e+00
2.075195312500000000e-01   -1.312830917244073525e+00
2.077636718750000000e-01   -1.414752081542578255e+00
2.080078125000000000e-01   -1.504168793638321899e+00
2.082519531250000000e-01   -1.574689823404979760e+00
2.084960937500000000e-01   -1.625898495208380812e+00
2.087402343750000000e-01   -1.653096098620364662e+00
2.089843750000000000e-01   -1.658310585792285963e+00
2.092285156250000000e-01   -1.638370693474400230e+00
2.094726562500000000e-01   -1.596018742158160642e+00
2.097167968750000000e-01   -1.527800253727556345e+00
2.099609375000000000e-01   -1.435698383771696784e+00
2.102050781250000000e-01   -1.314023500475843598e+00
2.104492187500000000e-01   -1.162874455668200246e+00
2.106933593750000000e-01   -9.746957938321501036e-01
2.109375000000000000e-01   -7.485934491500831900e-01
2.111816406250000000e-01   -4.762857469952241907e-01
2.114257812500000000e-01   -1.589310945376300743e-01
2.116699218750000000e-01   2.080929936833804672e-01
2.119140625000000000e-01   6.185650823667853127e-01
2.121582031250000000e-01   1.072372644270889186e+00
2.124023437500000000e-01   1.556593045109337270e+00
2.126464843750000000e-01   2.064623809539881449e+00
2.128906250000000000e-01   2.575144034739984100e+00
2.131347656250000000e-01   3.071925636773261470e+00
2.133789062500000000e-01   3.517996022990934613e+00
2.136230468750000000e-01   3.876166818128621738e+00
2.138671875000000000e-01   4.077539552423696811e+00
2.141113281250000000e-01   4.045958142511220323e+00
2.143554687500000000e-01   3.673271369676686771e+00
2.145996093750000000e-01   2.860735178740446916e+00
2.148437500000000000e-01   1.526873869586204080e+00
2.150878906250000000e-01   -1.890535625065295766e-01
2.153320312500000000e-01   -2.103612956672226808e+00
2.155761718750000000e-01   -3.942713677346356249e+00
2.158203125000000000e-01   -5.300533055583263931e+00
2.160644531250000000e-01   -5.927212723856742471e+00
2.163085937500000000e-01   -5.694797962147776005e+00
2.165527343750000000e-01   -4.621907883311663134e+00
2.167968750000000000e-01   -2.917415214390415734e+00
2.170410156250000000e-01   -8.093315030346773797e-01
2.172851562500000000e-01   1.356335032205524982e+00
2.175292968750000000e-01   3.096811174856478832e+00
2.177734375000000000e-01   4.291506699574141770e+00
2.180175781250000000e-01   4.768071904763779401e+00
2.182617187500000000e-01   4.455065886826000465e+00
2.185058593750000000e-01   3.381938473307346094e+00
2.187500000000000000e-01   1.748523747727544375e+00
2.189941406250000000e-01   -8.904476116402970653e-02
2.192382812500000000e-01   -1.684809435040952152e+00
2.194824218750000000e-01   -2.858556833132616326e+00
2.197265625000000000e-01   -3.486651066651096365e+00
2.199707031250000000e-01   -3.487323877955233353e+00
2.202148437500000000e-01   -2.960096378579203602e+00
2.204589843750000000e-01   -2.009800222814789539e+00
2.207031250000000000e-01   -8.084611854585109780e-01
2.209472656250000000e-01   4.534921248016773876e-01
2.211914062500000000e-01   1.592050699188957141e+00
2.214355468750000000e-01   2.415397745722460243e+00
2.216796875000000000e-01   2.808361853426907917e+00
2.219238281250000000e-01   2.734964015190909148e+00
2.221679687500000000e-01   2.225368271330522507e+00
2.224121093750000000e-01   1.364854198696736853e+00
2.226562500000000000e-01   2.951400909042240506e-01
2.229003906250000000e-01   -8.132970576719140698e-01
2.231445312500000000e-01   -1.776150304214781039e+00
2.233886718750000000e-01   -2.451206987277784410e+00
2.236328125000000000e-01   -2.757285778494709572e+00
2.238769531250000000e-01   -2.662022364521208662e+00
2.241210937500000000e-01   -2.137388069480191000e+00
2.243652343750000000e-01   -1.258668984940577662e+00
2.246093750000000000e-01   -1.574773055857491000e-01
2.248535156250000000e-01   9.921319386350707648e-01
2.250976562500000000e-01   1.931178267832408091e+00
2.253417968750000000e-01   2.535577988656660064e+00
2.255859375000000000e-01   2.719435289719997595e+00
2.258300781250000000e-01   2.480839576094152399e+00
2.260742187500000000e-01   1.837023028448669715e+00
2.263183593750000000e-01   9.346781284856228167e-01
2.265625000000000000e-01   -5.725062747468586538e-02
2.268066406250000000e-01   -1.054851179346895762e+00
2.270507812500000000e-01   -1.855604490439218823e+00
2.272949218750000000e-01   -2.350719251052015846e+00
2.275390625000000000e-01   -2.467234046047399154e+00
2.277832031250000000e-01   -2.206799585294168864e+00
2.280273437500000000e-01   -1.609552978019170411e+00
2.282714843750000000e-01   -7.886136639907959101e-01
2.285156250000000000e-01   9.861332553758843378e-02
2.287597656250000000e-01   9.627030887563182704e-01
2.290039062500000000e-01   1.694559084987062869e+00
2.292480468750000000e-01   2.158244121367803192e+00
2.294921875000000000e-01   2.303685770318390169e+00
2.297363281250000000e-01   2.073933289325530005e+00
2.299804687500000000e-01   1.484498017077599652e+00
2.302246093750000000e-01   6.201269589740995292e-01
2.304687500000000000e-01   -3.163488578338225499e-01
2.307128906250000000e-01   -1.175429929495704684e+00
2.309570312500000000e-01   -1.831618830108800777e+00
2.312011718750000000e-01   -2.154950830763894931e+00
2.314453125000000000e-01   -2.126339873293113580e+00
2.316894531250000000e-01   -1.770822235014243518e+00
2.319335937500000000e-01   -1.153365256072751865e+00
2.321777343750000000e-01   -3.700101319029402425e-01
2.324218750000000000e-01   4.289846022549494986e-01
2.326660156250000000e-01   1.131098028408509482e+00
2.329101562500000000e-01   1.633587068545017562e+00
2.331542968750000000e-01   1.866696029515842792e+00
2.333984375000000000e-01   1.806479216547019373e+00
2.336425781250000000e-01   1.468942212285733850e+00
2.338867187500000000e-01   9.040913654043418735e-01
2.341308593750000000e-01   2.176366416307208562e-01
2.343750000000000000e-01   -4.923406653644445408e-01
2.346191406250000000e-01   -1.137451929746700285e+00
2.348632812500000000e-01   -1.610251640334837919e+00
2.351074218750000000e-01   -1.844540248040014596e+00
2.353515625000000000e-01   -1.783742158724387794e+00
2.355957031250000000e-01   -1.422231231061334533e+00
2.358398437500000000e-01   -8.000516032058910820e-01
2.360839843750000000e-01   -6.284128704572666813e-02
2.363281250000000000e-01   6.550057235838081526e-01
2.365722656250000000e-01   1.270896823266708831e+00
2.368164062500000000e-01   1.665952396123751234e+00
2.370605468750000000e-01   1.793128471240458266e+00
2.373046875000000000e-01   1.638114161385262113e+00
2.375488281250000000e-01   1.237054181714315915e+00
2.377929687500000000e-01   6.612548854318487379e-01
2.380371093750000000e-01   2.109105702312974711e-03
2.382812500000000000e-01   -6.441091281212503183e-01
2.385253906250000000e-01   -1.156511167855019950e+00
2.387695312500000000e-01   -1.477054228473253961e+00
2.390136718750000000e-01   -1.567791284516286909e+00
2.392578125000000000e-01   -1.420191015078692276e+00
2.395019531250000000e-01   -1.052193125480694214e+00
2.397460937500000000e-01   -5.495953600224462443e-01
2.399902343750000000e-01   1.923927559290524586e-02
2.402343750000000000e-01   6.200720600755992296e-01
2.404785156250000000e-01   1.132456180434002091e+00
2.407226562500000000e-01   1.485228242306412039e+00
2.409667968750000000e-01   1.607856307542062213e+00
2.412109375000000000e-01   1.474815492475969769e+00
2.414550781250000000e-01   1.102040509319122785e+00
2.416992187500000000e-01   5.589210003871468713e-01
2.419433593750000000e-01   -6.718273039761489540e-02
2.421875000000000000e-01   -6.478134871841421116e-01
2.424316406250000000e-01   -1.105222086389910707e+00
2.426757812500000000e-01   -1.391812750657621667e+00
2.429199218750000000e-01   -1.446659396265763453e+00
2.431640625000000000e-01   -1.278333515145862576e+00
2.434082031250000000e-01   -9.154777603943952125e-01
2.436523437500000000e-01   -4.204670643233542893e-01
2.438964843750000000e-01   1.110413089371604239e-01
2.441406250000000000e-01   6.163580394490123515e-01
2.443847656250000000e-01   1.025947319593907503e+00
2.446289062500000000e-01   1.270479641568520224e+00
2.448730468750000000e-01   1.321662205378018706e+00
2.451171875000000000e-01   1.174470062488143229e+00
2.453613281250000000e-01   8.513947360528756336e-01
2.456054687500000000e-01   4.052131913082671066e-01
2.458496093750000000e-01   -1.195050740693926056e-01
2.460937500000000000e-01   -6.465384171569446004e-01
2.463378906250000000e-01   -1.064841528278675176e+00
2.465820312500000000e-01   -1.327561519435622284e+00
2.468261718750000000e-01   -1.367101922251473978e+00
2.470703125000000000e-01   -1.182839559767635551e+00
2.473144531250000000e-01   -8.063710282042582111e-01
2.475585937500000000e-01   -2.986689853750202350e-01
2.478027343750000000e-01   2.446752709338987364e-01
2.480468750000000000e-01   7.309590487772241740e-01
2.482910156250000000e-01   1.098457609528215251e+00
2.485351562500000000e-01   1.281730414970661647e+00
2.487792968750000000e-01   1.263436707204788956e+00
2.490234375000000000e-01   1.047104152037355851e+00
2.492675781250000000e-01   6.796651015303437626e-01
2.495117187500000000e-01   2.030468981424598529e-01
2.497558593750000000e-01   -2.961628233506204411e-01
2.500000000000000000e-01   -7.208454818072981274e-01
2.502441406250000000e-01   -1.039118599475704618e+00
2.504882812500000000e-01   -1.197064541408348504e+00
2.507324218750000000e-01   -1.174174887138891066e+00
2.509765625000000000e-01   -9.754242697236183979e-01
2.512207031250000000e-01   -6.373820981570202937e-01
2.514648437500000000e-01   -1.841048523216517463e-01
2.517089843750000000e-01   3.131850085167540709e-01
2.519531250000000000e-01   7.619481247480671682e-01
2.521972656250000000e-01   1.095671191567360925e+00
2.524414062500000000e-01   1.251646874592575731e+00
2.526855468750000000e-01   1.202874060443132498e+00
2.529296875000000000e-01   9.583524830956282603e-01
2.531738281250000000e-01   5.677193133062554686e-01
2.534179687500000000e-01   9.537251422378990873e-02
2.536621093750000000e-01   -3.916842573869367405e-01
2.539062500000000000e-01   -7.943209770814046999e-01
2.541503906250000000e-01   -1.053570312438244283e+00
2.543945312500000000e-01   -1.150387972658666325e+00
2.546386718750000000e-01   -1.062460667548091875e+00
2.548828125000000000e-01   -8.212693542785495238e-01
2.551269531250000000e-01   -4.572412872997748123e-01
2.553710937500000000e-01   -2.712680008814017871e-02
2.556152343750000000e-01   3.803495706042459568e-01
2.558593750000000000e-01   7.284138647193404426e-01
2.561035156250000000e-01   9.626441237540318552e-01
2.563476562500000000e-01   1.051088772288157891e+00
2.565917968750000000e-01   9.820727569169050986e-01
2.568359375000000000e-01   7.652715387787160095e-01
2.570800781250000000e-01   4.252379226116679289e-01
2.573242187500000000e-01   1.879311759659067771e-02
2.575683593750000000e-01   -4.045729844229878913e-01
2.578125000000000000e-01   -7.688015401698931051e-01
2.580566406250000000e-01   -9.940942384795746767e-01
2.583007812500000000e-01   -1.058190268809695578e+00
2.585449218750000000e-01   -9.495489538115552408e-01
2.587890625000000000e-01   -6.942560883184266673e-01
2.590332031250000000e-01   -3.407252647661026534e-01
2.592773437500000000e-01   6.444464497656825219e-02
2.595214843750000000e-01   4.445223743697501173e-01
2.597656250000000000e-01   7.401343646649113373e-01
2.600097656250000000e-01   9.178484548615716276e-01
2.602539062500000000e-01   9.508379159173115935e-01
2.604980468750000000e-01   8.373434135321197180e-01
2.607421875000000000e-01   6.013658256984230066e-01
2.609863281250000000e-01   2.771814550397858623e-01
2.612304687500000000e-01   -7.229053844692602537e-02
2.614746093750000000e-01   -4.027428152976325615e-01
2.617187500000000000e-01   -6.895548956807899810e-01
2.619628906250000000e-01   -8.636077674892215228e-01
2.622070312500000000e-01   -9.105964953924045036e-01
2.624511718750000000e-01   -8.177466521350708062e-01
2.626953125000000000e-01   -5.951319442857814224e-01
2.629394531250000000e-01   -2.812643613854108882e-01
2.631835937500000000e-01   8.788799633008076428e-02
2.634277343750000000e-01   4.562989949515232069e-01
2.636718750000000000e-01   7.407822744493762768e-01
2.639160156250000000e-01   9.080878242824701463e-01
2.641601562500000000e-01   9.290069570365483420e-01
2.644042968750000000e-01   8.054701650321582918e-01
2.646484375000000000e-01   5.581755406997027658e-01
2.648925781250000000e-01   2.261434716117136090e-01
2.651367187500000000e-01   -1.374296196419508009e-01
2.653808593750000000e-01   -4.590890309174954220e-01
2.656250000000000000e-01   -7.124124609170633393e-01
2.658691406250000000e-01   -8.550591834364553723e-01
2.661132812500000000e-01   -8.641119506906331793e-01
2.663574218750000000e-01   -7.413468406987162584e-01
2.666015625000000000e-01   -5.115338914614678822e-01
2.668457031250000000e-01   -2.018096492980682999e-01
2.670898437500000000e-01   1.383259373800676817e-01
2.673339843750000000e-01   4.481720035137750080e-01
2.675781250000000000e-01   6.969046610250408946e-01
2.678222656250000000e-01   8.479437198571299072e-01
2.680664062500000000e-01   8.667357109995024178e-01
2.683105468750000000e-01   7.470320111555416309e-01
2.685546875000000000e-01   5.001407920118819961e-01
2.687988281250000000e-01   1.686773449602859687e-01
2.690429687500000000e-01   -1.827807189389830111e-01
2.692871093750000000e-01   -5.101115726012497298e-01
2.695312500000000000e-01   -7.567417894988835991e-01
2.697753906250000000e-01   -8.690790975947209063e-01
2.700195312500000000e-01   -8.429846503382995015e-01
2.702636718750000000e-01   -6.843830266658401662e-01
2.705078125000000000e-01   -4.219052682798649090e-01
2.707519531250000000e-01   -9.200909351481854903e-02
2.709960937500000000e-01   2.362723868973693464e-01
2.712402343750000000e-01   5.198976977217419915e-01
2.714843750000000000e-01   7.243193728054513336e-01
2.717285156250000000e-01   8.089522797102874918e-01
2.719726562500000000e-01   7.681757918953552311e-01
2.722167968750000000e-01   6.100678165861093127e-01
2.724609375000000000e-01   3.594257785890030421e-01
2.727050781250000000e-01   4.876370067140162190e-02
2.729492187500000000e-01   -2.641693821561004185e-01
2.731933593750000000e-01   -5.297748293296988820e-01
2.734375000000000000e-01   -7.274305696247758135e-01
2.736816406250000000e-01   -8.055096728773941672e-01
2.739257812500000000e-01   -7.565087287673487593e-01
2.741699218750000000e-01   -5.746027757490763666e-01
2.744140625000000000e-01   -2.957722776142642229e-01
2.746582031250000000e-01   1.721639539956758974e-02
2.749023437500000000e-01   3.312638739104869501e-01
2.751464843750000000e-01   5.890521052599015928e-01
2.753906250000000000e-01   7.452358565095390519e-01
2.756347656250000000e-01   7.786572981209909372e-01
2.758789062500000000e-01   6.873308685743864110e-01
2.761230468750000000e-01   4.897269846653517500e-01
2.763671875000000000e-01   2.235639557972062541e-01
2.766113281250000000e-01   -7.422586242605480611e-02
2.768554687500000000e-01   -3.570400575359851669e-01
2.770996093750000000e-01   -5.647029216880682378e-01
2.773437500000000000e-01   -6.866033828299263897e-01
2.775878906250000000e-01   -7.001672833561606302e-01
2.778320312500000000e-01   -6.099780927668585484e-01
2.780761718750000000e-01   -4.278399902390683796e-01
2.783203125000000000e-01   -1.936336716916707834e-01
2.785644531250000000e-01   7.260522945425137986e-02
2.788085937500000000e-01   3.397684046959416060e-01
2.790527343750000000e-01   5.418864435698854676e-01
2.792968750000000000e-01   6.614505490590176784e-01
2.795410156250000000e-01   6.743377780173915870e-01
2.797851562500000000e-01   5.788395952444693737e-01
2.800292968750000000e-01   3.868702917277823672e-01
2.802734375000000000e-01   1.386910809862444971e-01
2.805175781250000000e-01   -1.262045787171057198e-01
2.807617187500000000e-01   -3.805420781953808285e-01
2.810058593750000000e-01   -5.614146397131838384e-01
2.812500000000000000e-01   -6.503726292343171567e-01
2.814941406250000000e-01   -6.390074771707272561e-01
2.817382812500000000e-01   -5.344316229657078976e-01
2.819824218750000000e-01   -3.501108391006969578e-01
2.822265625000000000e-01   -1.266144210645748225e-01
2.824707031250000000e-01   1.009665715927538926e-01
2.827148437500000000e-01   3.173456255732652331e-01
2.829589843750000000e-01   4.762137724132882721e-01
2.832031250000000000e-01   5.570428841179678736e-01
2.834472656250000000e-01   5.521992702146995002e-01
2.836914062500000000e-01   4.627356906865944808e-01
2.839355468750000000e-01   3.017162818197336449e-01
2.841796875000000000e-01   9.223473511350310794e-02
2.844238281250000000e-01   -1.396313879964581339e-01
2.846679687500000000e-01   -3.528427786244017761e-01
2.849121093750000000e-01   -5.139663326511141328e-01
2.851562500000000000e-01   -6.033734237774751596e-01
2.854003906250000000e-01   -5.950854179567602875e-01
2.856445312500000000e-01   -4.905893862840889352e-01
2.858886718750000000e-01   -3.100931573313359668e-01
2.861328125000000000e-01   -9.436991685381655726e-02
2.863769531250000000e-01   1.372577849727359134e-01
2.866210937500000000e-01   3.416374221504187569e-01
2.868652343750000000e-01   4.874274530429945074e-01
2.871093750000000000e-01   5.522099691070319061e-01
2.873535156250000000e-01   5.307850321547621375e-01
2.875976562500000000e-01   4.247326701662693105e-01
2.878417968750000000e-01   2.554660271359978085e-01
2.880859375000000000e-01   3.868815695241185210e-02
2.883300781250000000e-01   -1.768231462236552753e-01
2.885742187500000000e-01   -3.548650289961606252e-01
2.888183593750000000e-01   -4.897199837060930983e-01
2.890625000000000000e-01   -5.500950478662588461e-01
2.893066406250000000e-01   -5.268190413738278455e-01
2.895507812500000000e-01   -4.257310258968927674e-01
2.897949218750000000e-01   -2.594191128108556121e-01
2.900390625000000000e-01   -3.835564876375602283e-02
2.902832031250000000e-01   1.877497088147624393e-01
2.905273437500000000e-01   3.842924989881306153e-01
2.907714843750000000e-01   5.212465154105778709e-01
2.910156250000000000e-01   5.732585951159249182e-01
2.912597656250000000e-01   5.306648380746628035e-01
2.915039062500000000e-01   4.015653832888617658e-01
2.917480468750000000e-01   2.097998694030914768e-01
2.919921875000000000e-01   -1.440428422610532701e-02
2.922363281250000000e-01   -2.356936126116662700e-01
2.924804687500000000e-01   -4.072537904284563304e-01
2.927246093750000000e-01   -5.103862546164432690e-01
2.929687500000000000e-01   -5.334227892846213903e-01
2.932128906250000000e-01   -4.678666359445889378e-01
2.934570312500000000e-01   -3.278856541653468182e-01
2.937011718750000000e-01   -1.440172117022851805e-01
2.939453125000000000e-01   6.093763577905004364e-02
2.941894531250000000e-01   2.598124618503786509e-01
2.944335937500000000e-01   4.142072073845050051e-01
2.946777343750000000e-01   5.050160046702447669e-01
2.949218750000000000e-01   5.172092497811779932e-01
2.951660156250000000e-01   4.491693810700199130e-01
2.954101562500000000e-01   3.096033932660123833e-01
2.956542968750000000e-01   1.214755788463808411e-01
2.958984375000000000e-01   -8.408379121936468414e-02
2.961425781250000000e-01   -2.792492976085465539e-01
2.963867187500000000e-01   -4.217642313697750334e-01
2.966308593750000000e-01   -4.867353494064579067e-01
2.968750000000000000e-01   -4.715911439445757969e-01
2.971191406250000000e-01   -3.786252702806875425e-01
2.973632812500000000e-01   -2.199112041583689003e-01
2.976074218750000000e-01   -3.018598598447425757e-02
2.978515625000000000e-01   1.507005120761095995e-01
2.980957031250000000e-01   3.129480761190635563e-01
2.983398437500000000e-01   4.205391447813557337e-01
2.985839843750000000e-01   4.613733948709535793e-01
2.988281250000000000e-01   4.296345326039001655e-01
2.990722656250000000e-01   3.350439215651890845e-01
2.993164062500000000e-01   1.928128641750443406e-01
2.995605468750000000e-01   2.757583881527403760e-02
2.998046875000000000e-01   -1.320597964057823315e-01
3.000488281250000000e-01   -2.667627161501697208e-01
3.002929687500000000e-01   -3.610736066214198514e-01
3.005371093750000000e-01   -3.908353665418066170e-01
3.007812500000000000e-01   -3.592749109766033011e-01
3.010253906250000000e-01   -2.713942287994670632e-01
3.012695312500000000e-01   -1.386522996960397325e-01
3.015136718750000000e-01   2.402519778048374868e-02
3.017578125000000000e-01   1.758107798631762531e-01
3.020019531250000000e-01   3.018478990474748325e-01
3.022460937500000000e-01   3.799300959597279870e-01
3.024902343750000000e-01   3.993292109480873764e-01
3.027343750000000000e-01   3.571782647233949226e-01
3.029785156250000000e-01   2.644852029109218683e-01
3.032226562500000000e-01   1.359754448254115733e-01
3.034667968750000000e-01   -7.721105133929925118e-03
3.037109375000000000e-01   -1.412393413570021961e-01
3.039550781250000000e-01   -2.400164873457584780e-01
3.041992187500000000e-01   -3.044694940938018624e-01
3.044433593750000000e-01   -3.162548550249802415e-01
3.046875000000000000e-01   -2.784342142814830168e-01
3.049316406250000000e-01   -1.978421890085483026e-01
3.051757812500000000e-01   -9.160902863113054573e-02
3.054199218750000000e-01   3.524387674152383576e-02
3.056640625000000000e-01   1.560210278701280040e-01
3.059082031250000000e-01   2.548439499764643679e-01
3.061523437500000000e-01   3.192240220022938835e-01
3.063964843750000000e-01   3.397023647410514768e-01
3.066406250000000000e-01   3.095673838742043493e-01
3.068847656250000000e-01   2.342617043301046253e-01
3.071289062500000000e-01   1.245474496969624228e-01
3.073730468750000000e-01   -3.099283796329139334e-03
3.076171875000000000e-01   -1.302818465370936818e-01
3.078613281250000000e-01   -2.244566459698368321e-01
3.081054687500000000e-01   -2.848480987637090900e-01
3.083496093750000000e-01   -2.964478042386941570e-01
3.085937500000000000e-01   -2.607146393383311112e-01
3.088378906250000000e-01   -1.802659451837580196e-01
3.090820312500000000e-01   -7.718793365995547939e-02
3.093261718750000000e-01   4.087709758973941815e-02
3.095703125000000000e-01   1.561775940792838324e-01
3.098144531250000000e-01   2.463957830584895814e-01
3.100585937500000000e-01   2.991613914864909018e-01
3.103027343750000000e-01   3.094620474255928566e-01
3.105468750000000000e-01   2.732077691061860492e-01
3.107910156250000000e-01   1.980270079640643610e-01
3.110351562500000000e-01   9.228670383898293639e-02
3.112792968750000000e-01   -2.520490227475030015e-02
3.115234375000000000e-01   -1.412797097242934896e-01
3.117675781250000000e-01   -2.325394031678313378e-01
3.120117187500000000e-01   -2.852022741037859022e-01
3.122558593750000000e-01   -2.914338009190378664e-01
3.125000000000000000e-01   -2.481841972117908579e-01
3.127441406250000000e-01   -1.633103435285383209e-01
3.129882812500000000e-01   -5.085395576345969754e-02
3.132324218750000000e-01   7.629448481496128864e-02
3.134765625000000000e-01   1.843434428791518864e-01
3.137207031250000000e-01   2.644703883369826092e-01
3.139648437500000000e-01   2.997747485395552136e-01
3.142089843750000000e-01   2.887324520684383944e-01
3.144531250000000000e-01   2.296382166557202620e-01
3.146972656250000000e-01   1.376663133922450821e-01
3.149414062500000000e-01   2.395772780233354146e-02
3.151855468750000000e-01   -8.746900834461068808e-02
3.154296875000000000e-01   -1.847773628882712627e-01
3.156738281250000000e-01   -2.494389854822366137e-01
3.159179687500000000e-01   -2.711849930738178815e-01
3.161621093750000000e-01   -2.471150062869157948e-01
3.164062500000000000e-01   -1.873021247650594190e-01
3.166503906250000000e-01   -9.580818671900616368e-02
3.168945312500000000e-01   1.013042479867567146e-02
3.171386718750000000e-01   1.141253170536583039e-01
3.173828125000000000e-01   1.973801122542563624e-01
3.176269531250000000e-01   2.497904278413067558e-01
3.178710937500000000e-01   2.583390429485380446e-01
3.181152343750000000e-01   2.258913370443891289e-01
3.183593750000000000e-01   1.545932216052646191e-01
3.186035156250000000e-01   6.182029629380458857e-02
3.188476562500000000e-01   -4.108203901558687282e-02
3.190917968750000000e-01   -1.305077491178870397e-01
3.193359375000000000e-01   -1.951300862074154818e-01
3.195800781250000000e-01   -2.263089210931158446e-01
3.198242187500000000e-01   -2.213437307313129154e-01
3.200683593750000000e-01   -1.775476234231456729e-01
3.203125000000000000e-01   -1.107522489947401351e-01
3.205566406250000000e-01   -3.050267681225570654e-02
3.208007812500000000e-01   4.984563360696939172e-02
3.210449218750000000e-01   1.192026769691269250e-01
3.212890625000000000e-01   1.630608382835994630e-01
3.215332031250000000e-01   1.810612307822314637e-01
3.217773437500000000e-01   1.672802045094369805e-01
3.220214843750000000e-01   1.295996794004921349e-01
3.222656250000000000e-01   7.025477837976136508e-02
3.225097656250000000e-01   3.468191833953659844e-03
3.227539062500000000e-01   -6.504416709025000187e-02
3.229980468750000000e-01   -1.197107324602597334e-01
3.232421875000000000e-01   -1.598493587457279208e-01
3.234863281250000000e-01   -1.741634216433576576e-01
3.237304687500000000e-01   -1.638055239602857205e-01
3.239746093750000000e-01   -1.308292173778758116e-01
3.242187500000000000e-01   -8.446163672623918650e-02
3.244628906250000000e-01   -3.115990816680330733e-02
3.247070312500000000e-01   1.782595414169193052e-02
3.249511718750000000e-01   6.125903912253542055e-02
3.251953125000000000e-01   8.592481132143814371e-02
3.254394531250000000e-01   9.520434317105296029e-02
3.256835937500000000e-01   8.386871948451787850e-02
3.259277343750000000e-01   6.013682690705764861e-02
3.261718750000000000e-01   2.205585437828292902e-02
3.264160156250000000e-01   -1.884343788482995344e-02
3.266601562500000000e-01   -6.290485814834675948e-02
3.269042968750000000e-01   -9.880724089318278225e-02
3.271484375000000000e-01   -1.292606988607342133e-01
3.273925781250000000e-01   -1.451533065630152275e-01
3.276367187500000000e-01   -1.514828902942969013e-01
3.278808593750000000e-01   -1.410198307485897862e-01
3.281250000000000000e-01   -1.220546515826730072e-01
3.283691406250000000e-01   -8.967655800824649026e-02
3.286132812500000000e-01   -5.534589072950268224e-02
3.288574218750000000e-01   -1.695815462404656054e-02
3.291015625000000000e-01   1.194627222228842461e-02
3.293457031250000000e-01   3.417226496841412747e-02
3.295898437500000000e-01   3.788239322842464063e-02
3.298339843750000000e-01   2.984688710798536967e-02
3.300781250000000000e-01   2.362936752233057037e-03
3.303222656250000000e-01   -3.217241953917373415e-02
3.305664062500000000e-01   -7.825422471214286968e-02
3.308105468750000000e-01   -1.209263489409225789e-01
3.310546875000000000e-01   -1.639787074520317744e-01
3.312988281250000000e-01   -1.915450600450737395e-01
3.315429687500000000e-01   -2.102551826605346674e-01
3.317871093750000000e-01   -2.072896460548964148e-01
3.320312500000000000e-01   -1.943270218045236586e-01
3.322753906250000000e-01   -1.619666407606310810e-01
3.325195312500000000e-01   -1.274474572905338055e-01
3.327636718750000000e-01   -8.448733388178096548e-02
3.330078125000000000e-01   -5.345767347960988375e-02
3.332519531250000000e-01   -2.679495810708306877e-02
3.334960937500000000e-01   -2.434112650282437007e-02
3.337402343750000000e-01   -3.334036440694188030e-02
3.339843750000000000e-01   -6.974451221577257498e-02
3.342285156250000000e-01   -1.126266792762425500e-01
3.344726562500000000e-01   -1.738010184484753695e-01
3.347167968750000000e-01   -2.249950275040174530e-01
3.349609375000000000e-01   -2.785814229895343108e-01
3.352050781250000000e-01   -3.059193686163594883e-01
3.354492187500000000e-01   -3.276200221504850241e-01
3.356933593750000000e-01   -3.165325678692861300e-01
3.359375000000000000e-01   -3.052026770763953678e-01
3.361816406250000000e-01   -2.681788015474897979e-01
3.364257812500000000e-01   -2.491211601388253483e-01
3.366699218750000000e-01   -2.149866341197101405e-01
3.369140625000000000e-01   -2.202752375243800798e-01
3.371582031250000000e-01   -2.148106101222424236e-01
3.374023437500000000e-01   -2.693507821849282502e-01
3.376464843750000000e-01   -2.868916115203066219e-01
3.378906250000000000e-01   -3.642207771850718978e-01
3.381347656250000000e-01   -1.263872279882150285e-01
3.383789062500000000e-01   3.594854077495919231e-01
3.386230468750000000e-01   3.626090634388747236e-01
3.388671875000000000e-01   3.866485361004037835e-01
3.391113281250000000e-01   3.565223260006868400e-01
3.393554687500000000e-01   3.699418310621578332e-01
3.395996093750000000e-01   3.586819521980182390e-01
3.398437500000000000e-01   3.740942697838869346e-01
3.400878906250000000e-01   3.657564380306941310e-01
3.403320312500000000e-01   3.717323952546657262e-01
3.405761718750000000e-01   3.553864087499822855e-01
3.408203125000000000e-01   3.485045683285536988e-01
3.410644531250000000e-01   3.235771100325461336e-01
3.413085937500000000e-01   3.097730711484020238e-01
3.415527343750000000e-01   2.860492601994468753e-01
3.417968750000000000e-01   2.774767726880638663e-01
3.420410156250000000e-01   2.653146465188738756e-01
3.422851562500000000e-01   2.700566877962153334e-01
3.425292968750000000e-01   2.724256396891471810e-01
3.427734375000000000e-01   2.870140962668152329e-01
3.430175781250000000e-01   2.941168408053275174e-01
3.432617187500000000e-01   3.057960126357448516e-01
3.435058593750000000e-01   3.042260405883976393e-01
3.437500000000000000e-01   3.018296390891754832e-01
3.439941406250000000e-01   2.852632525933229135e-01
3.442382812500000000e-01   2.688780100708307863e-01
3.444824218750000000e-01   2.428650664414186977e-01
3.447265625000000000e-01   2.225875208542402450e-01
3.449707031250000000e-01   2.001523934057737875e-01
3.452148437500000000e-01   1.891638324570681096e-01
3.454589843750000000e-01   1.802255648229988960e-01
3.457031250000000000e-01   1.834799447251324878e-01
3.459472656250000000e-01   1.873027420559925660e-01
3.461914062500000000e-01   1.980552433400052659e-01
3.464355468750000000e-01   2.026771708638681613e-01
3.466796875000000000e-01   2.072271713400094806e-01
3.469238281250000000e-01   2.007244619913824413e-01
3.471679687500000000e-01   1.905730351722897120e-01
3.474121093750000000e-01   1.691061626847091826e-01
3.476562500000000000e-01   1.467379049807277791e-01
3.479003906250000000e-01   1.186993223843453987e-01
3.481445312500000000e-01   9.601030354807749134e-02
3.483886718750000000e-01   7.433542000385291726e-02
3.486328125000000000e-01   6.346236485597987753e-02
3.488769531250000000e-01   5.678494762364133530e-02
3.491210937500000000e-01   5.986629854866329370e-02
3.493652343750000000e-01   6.342752491579831120e-02
3.496093750000000000e-01   7.101366382579429870e-02
3.498535156250000000e-01   7.244455494023596676e-02
3.500976562500000000e-01   7.119440462200239683e-02
3.503417968750000000e-01   5.962639838578190354e-02
3.505859375000000000e-01   4.423303240213822402e-02
3.508300781250000000e-01   2.034638067152669608e-02
3.510742187500000000e-01   -3.532970499735138114e-03
3.513183593750000000e-01   -2.976659554961878437e-02
3.515625000000000000e-01   -4.944722620619304565e-02
3.518066406250000000e-01   -6.600598375899606463e-02
3.520507812500000000e-01   -7.287640801718546502e-02
3.522949218750000000e-01   -7.557374374037949261e-02
3.525390625000000000e-01   -7.055831163475784207e-02
3.527832031250000000e-01   -6.608588822961788956e-02
3.530273437500000000e-01   -6.036754366775243241e-02
3.532714843750000000e-01   -6.133887401123752636e-02
3.535156250000000000e-01   -6.615756082987815645e-02
3.537597656250000000e-01   -8.055947654716859307e-02
3.540039062500000000e-01   -9.860344821414265826e-02
3.542480468750000000e-01   -1.224125889099537401e-01
3.544921875000000000e-01   -1.440663248832778354e-01
3.547363281250000000e-01   -1.649692005651337834e-01
3.549804687500000000e-01   -1.778918913133649415e-01
3.552246093750000000e-01   -1.859136639985820294e-01
3.554687500000000000e-01   -1.849122839069284319e-01
3.557128906250000000e-01   -1.808727558886528419e-01
3.559570312500000000e-01   -1.719906391721216510e-01
3.562011718750000000e-01   -1.655082105873098564e-01
3.564453125000000000e-01   -1.602382306107753840e-01
3.566894531250000000e-01   -1.623924049990641272e-01
3.569335937500000000e-01   -1.687082391268570902e-01
3.571777343750000000e-01   -1.827364748717019149e-01
3.574218750000000000e-01   -1.988112771717827632e-01
3.576660156250000000e-01   -2.180779716387374612e-01
3.579101562500000000e-01   -2.333844243571538968e-01
3.581542968750000000e-01   -2.457752407624614610e-01
3.583984375000000000e-01   -2.495806285587063300e-01
3.586425781250000000e-01   -2.479078758905055302e-01
3.588867187500000000e-01   -2.381079312407984039e-01
3.591308593750000000e-01   -2.263762234771257431e-01
3.593750000000000000e-01   -2.123120210825968635e-01
3.596191406250000000e-01   -2.026107584298791897e-01
3.598632812500000000e-01   -1.963869316049498270e-01
3.601074218750000000e-01   -1.985339514225698543e-01
3.603515625000000000e-01   -2.052632123056865043e-01
3.605957031250000000e-01   -2.181031252440474855e-01
3.608398437500000000e-01   -2.308938543076580197e-01
3.610839843750000000e-01   -2.438375033441078921e-01
3.613281250000000000e-01   -2.505324084492039360e-01
3.615722656250000000e-01   -2.520289732313042430e-01
3.618164062500000000e-01   -2.445064106004106452e-01
3.620605468750000000e-01   -2.320714298782094731e-01
3.623046875000000000e-01   -2.135311224015744025e-01
3.625488281250000000e-01   -1.949490969811278618e-01
3.627929687500000000e-01   -1.766789940320141195e-01
3.630371093750000000e-01   -1.646950048629777230e-01
3.632812500000000000e-01   -1.575800282096433413e-01
3.635253906250000000e-01   -1.587086816831082270e-01
3.637695312500000000e-01   -1.641501731433874234e-01
3.640136718750000000e-01   -1.744301993191454958e-01
3.642578125000000000e-01   -1.831777728200269795e-01
3.645019531250000000e-01   -1.898446050947089070e-01
3.647460937500000000e-01   -1.888791998100923242e-01
3.649902343750000000e-01   -1.815773358818276451e-01
3.652343750000000000e-01   -1.650714387148497220e-01
3.654785156250000000e-01   -1.439317098735825584e-01
3.657226562500000000e-01   -1.185501829135359175e-01
3.659667968750000000e-01   -9.520168305315843127e-02
3.662109375000000000e-01   -7.440257098711099137e-02
3.664550781250000000e-01   -6.139249688004558281e-02
3.666992187500000000e-01   -5.460305799888773987e-02
3.669433593750000000e-01   -5.601119449794833560e-02
3.671875000000000000e-01   -6.083579410795015435e-02
3.674316406250000000e-01   -6.862399025984090850e-02
3.676757812500000000e-01   -7.332799081663143870e-02
3.679199218750000000e-01   -7.435201329869361997e-02
3.681640625000000000e-01   -6.705518046430908319e-02
3.684082031250000000e-01   -5.343381679504827231e-02
3.686523437500000000e-01   -3.193835728581660705e-02
3.688964843750000000e-01   -7.342862859322739182e-03
3.691406250000000000e-01   1.951949626738708893e-02
3.693847656250000000e-01   4.259502630437281279e-02
3.696289062500000000e-01   6.134447399153738351e-02
3.698730468750000000e-01   7.155438592028998124e-02
3.701171875000000000e-01   7.526881971446648667e-02
3.703613281250000000e-01   7.142514077055774069e-02
3.706054687500000000e-01   6.521474604584782953e-02
3.708496093750000000e-01   5.780819075432599985e-02
3.710937500000000000e-01   5.494023817965489054e-02
3.713378906250000000e-01   5.699049274344122201e-02
3.715820312500000000e-01   6.763234622160745058e-02
3.718261718750000000e-01   8.419764694019685192e-02
3.720703125000000000e-01   1.069748419753389634e-01
3.723144531250000000e-01   1.307730361628040294e-01
3.725585937500000000e-01   1.545015698431938533e-01
3.728027343750000000e-01   1.727347463743172384e-01
3.730468750000000000e-01   1.853001023855882778e-01
3.732910156250000000e-01   1.891158341283750988e-01
3.735351562500000000e-01   1.870838207917154550e-01
3.737792968750000000e-01   1.790564921912431995e-01
3.740234375000000000e-01   1.701969770138809790e-01
3.742675781250000000e-01   1.618971494564027391e-01
3.745117187500000000e-01   1.593427533421809816e-01
3.747558593750000000e-01   1.622557077481020238e-01
3.750000000000000000e-01   1.730832574272831437e-01
3.752441406250000000e-01   1.885979421834880210e-01
3.754882812500000000e-01   2.082836035022967991e-01
3.757324218750000000e-01   2.267214434293040870e-01
3.759765625000000000e-01   2.427336418946581531e-01
3.762207031250000000e-01   2.519432387506445048e-01
3.764648437500000000e-01   2.551205899594511384e-01
3.767089843750000000e-01   2.504058100334166648e-01
3.769531250000000000e-01   2.414005523513143292e-01
3.771972656250000000e-01   2.288419155910847436e-01
3.774414062500000000e-01   2.177466423008196372e-01
3.776855468750000000e-01   2.090100474943045739e-01
3.779296875000000000e-01   2.067359166032173845e-01
3.781738281250000000e-01   2.098547887676028845e-01
3.784179687500000000e-01   2.194801746390060426e-01
3.786621093750000000e-01   2.315745171908221434e-01
3.789062500000000000e-01   2.451462593674773038e-01
3.791503906250000000e-01   2.551390808772023844e-01
3.793945312500000000e-01   2.607134091929332875e-01
3.796386718750000000e-01   2.584805338447740963e-01
3.798828125000000000e-01   2.503097876706152358e-01
3.801269531250000000e-01   2.357102595914246090e-01
3.803710937500000000e-01   2.189166237286382932e-01
3.806152343750000000e-01   2.011711918002862531e-01
3.808593750000000000e-01   1.873887016949570827e-01
3.811035156250000000e-01   1.780505594130246116e-01
3.813476562500000000e-01   1.759493439063943288e-01
3.815917968750000000e-01   1.789465947176020200e-01
3.818359375000000000e-01   1.870945314399518888e-01
3.820800781250000000e-01   1.957425753619455866e-01
3.823242187500000000e-01   2.033451037961518104e-01
3.825683593750000000e-01   2.052416920791156896e-01
3.828125000000000000e-01   2.012258147559865540e-01
3.830566406250000000e-01   1.889663542702642862e-01
3.833007812500000000e-01   1.711831566663769011e-01
3.835449218750000000e-01   1.484879818784990702e-01
3.837890625000000000e-01   1.256618862608755438e-01
3.840332031250000000e-01   1.042021293553866551e-01
3.842773437500000000e-01   8.851405151885259615e-02
3.845214843750000000e-01   7.861333385664226459e-02
3.847656250000000000e-01   7.639786358517423881e-02
3.850097656250000000e-01   7.886676976216976109e-02
3.852539062500000000e-01   8.511744787194043538e-02
3.854980468750000000e-01   9.021114601277585576e-02
3.857421875000000000e-01   9.242700429775849158e-02
3.859863281250000000e-01   8.757705567400830837e-02
3.862304687500000000e-01   7.614990387890228918e-02
3.864746093750000000e-01   5.694401443512852462e-02
3.867187500000000000e-01   3.345690417069655670e-02
3.869628906250000000e-01   7.101485326525074603e-03
3.872070312500000000e-01   -1.706033853848369641e-02
3.874511718750000000e-01   -3.758578929476922431e-02
3.876953125000000000e-01   -5.084639808669974559e-02
3.879394531250000000e-01   -5.763076910470264075e-02
3.881835937500000000e-01   -5.706750965280715793e-02
3.884277343750000000e-01   -5.286105879394475265e-02
3.886718750000000000e-01   -4.658665600120261152e-02
3.889160156250000000e-01   -4.315521257453849152e-02
3.891601562500000000e-01   -4.397723800302878044e-02
3.894042968750000000e-01   -5.255226463348004751e-02
3.896484375000000000e-01   -6.778613976883199332e-02
3.898925781250000000e-01   -8.984856170976372736e-02
3.901367187500000000e-01   -1.145371266883731393e-01
3.903808593750000000e-01   -1.399973819846722922e-01
3.906250000000000000e-01   -1.612686345542185262e-01
3.908691406250000000e-01   -1.770178138133352841e-01
3.911132812500000000e-01   -1.843284700102219287e-01
3.913574218750000000e-01   -1.849590871630262257e-01
3.916015625000000000e-01   -1.792323348634228819e-01
3.918457031250000000e-01   -1.715108228698259407e-01
3.920898437500000000e-01   -1.637635699395403044e-01
3.923339843750000000e-01   -1.606911975487856914e-01
3.925781250000000000e-01   -1.630990733484740385e-01
3.928222656250000000e-01   -1.732013378486382260e-01
3.930664062500000000e-01   -1.888292117803843928e-01
3.933105468750000000e-01   -2.093052962520498550e-01
3.935546875000000000e-01   -2.300848894142939471e-01
3.937988281250000000e-01   -2.491743831020028499e-01
3.940429687500000000e-01   -2.622570537204166885e-01
3.942871093750000000e-01   -2.688677054366615526e-01
3.945312500000000000e-01   -2.671480264183498932e-01
3.947753906250000000e-01   -2.596141353029582377e-01
3.950195312500000000e-01   -2.473508167810116176e-01
3.952636718750000000e-01   -2.349849492978884902e-01
3.955078125000000000e-01   -2.244258558860448838e-01
3.957519531250000000e-01   -2.197438010298542466e-01
3.959960937500000000e-01   -2.211029861636104044e-01
3.962402343750000000e-01   -2.297947485697793002e-01
3.964843750000000000e-01   -2.428241395591137775e-01
3.967285156250000000e-01   -2.586974449751194283e-01
3.969726562500000000e-01   -2.726555196814181570e-01
3.972167968750000000e-01   -2.827699936192792363e-01
3.974609375000000000e-01   -2.853707987496058585e-01
3.977050781250000000e-01   -2.809150645110450872e-01
3.979492187500000000e-01   -2.687727930708798674e-01
3.981933593750000000e-01   -2.522947841114632772e-01
3.984375000000000000e-01   -2.332221824815908506e-01
3.986816406250000000e-01   -2.162649161716523882e-01
3.989257812500000000e-01   -2.030875726462127440e-01
3.991699218750000000e-01   -1.968755493270104018e-01
3.994140625000000000e-01   -1.968257486061942563e-01
3.996582031250000000e-01   -2.031516350076544297e-01
3.999023437500000000e-01   -2.120691644858798408e-01
4.001464843750000000e-01   -2.216884870535829610e-01
4.003906250000000000e-01   -2.275005603620450789e-01
4.006347656250000000e-01   -2.280542469325106958e-01
4.008789062500000000e-01   -2.205320904270693105e-01
4.011230468750000000e-01   -2.062512466359288643e-01
4.013671875000000000e-01   -1.854156476997432523e-01
4.016113281250000000e-01   -1.620414475395747511e-01
4.018554687500000000e-01   -1.382157401500856142e-01
4.020996093750000000e-01   -1.184659893084553661e-01
4.023437500000000000e-01   -1.040488547915227463e-01
4.025878906250000000e-01   -9.732152268144524110e-02
4.028320312500000000e-01   -9.650483994825957701e-02
4.030761718750000000e-01   -1.008606599395600878e-01
4.033203125000000000e-01   -1.061469958352807552e-01
4.035644531250000000e-01   -1.101663407348978801e-01
4.038085937500000000e-01   -1.086281739894650600e-01
4.040527343750000000e-01   -1.007630327911788193e-01
4.042968750000000000e-01   -8.484388224197095263e-02
4.045410156250000000e-01   -6.309368056006073311e-02
4.047851562500000000e-01   -3.667237007957652867e-02
4.050292968750000000e-01   -1.007797883001719519e-02
4.052734375000000000e-01   1.441975714595116961e-02
4.055175781250000000e-01   3.280583466209247012e-02
4.057617187500000000e-01   4.465268530730386737e-02
4.060058593750000000e-01   4.866098153826386302e-02
4.062500000000000000e-01   4.751269948971666157e-02
4.064941406250000000e-01   4.281541946472234433e-02
4.067382812500000000e-01   3.910541122970362382e-02
4.069824218750000000e-01   3.839002545508143210e-02
4.072265625000000000e-01   4.425015173212901859e-02
4.074707031250000000e-01   5.666157812753499362e-02
4.077148437500000000e-01   7.637809856122361463e-02
4.079589843750000000e-01   1.003365746721592011e-01
4.082031250000000000e-01   1.267577600555747641e-01
4.084472656250000000e-01   1.511642363961372970e-01
4.086914062500000000e-01   1.715848760031609688e-01
4.089355468750000000e-01   1.846788493961395994e-01
4.091796875000000000e-01   1.908165233899598578e-01
4.094238281250000000e-01   1.897139117375676032e-01
4.096679687500000000e-01   1.847267484639122936e-01
4.099121093750000000e-01   1.778258605248670687e-01
4.101562500000000000e-01   1.734279038525380068e-01
4.104003906250000000e-01   1.731448754687325287e-01
4.106445312500000000e-01   1.796994663438721274e-01
4.108886718750000000e-01   1.921303631363819042e-01
4.111328125000000000e-01   2.102584783537761459e-01
4.113769531250000000e-01   2.304997442480405667e-01
4.116210937500000000e-01   2.508426839213802606e-01
4.118652343750000000e-01   2.670635101349268514e-01
4.121093750000000000e-01   2.778451596661892786e-01
4.123535156250000000e-01   2.809262204381348660e-01
4.125976562500000000e-01   2.777313559264167342e-01
4.128417968750000000e-01   2.689422782415584745e-01
4.130859375000000000e-01   2.584476363086047335e-01
4.133300781250000000e-01   2.483169469922263950e-01
4.135742187500000000e-01   2.424534881996901758e-01
4.138183593750000000e-01   2.416290273824201196e-01
4.140625000000000000e-01   2.473928370143222699e-01
4.143066406250000000e-01   2.577025029397741474e-01
4.145507812500000000e-01   2.714835919249284357e-01
4.147949218750000000e-01   2.847653697019558727e-01
4.150390625000000000e-01   2.955354615912854088e-01
4.152832031250000000e-01   3.001470231256170851e-01
4.155273437500000000e-01   2.981893143966709570e-01
4.157714843750000000e-01   2.885847756687415777e-01
4.160156250000000000e-01   2.738449107148120953e-01
4.162597656250000000e-01   2.555773240297940507e-01
4.165039062500000000e-01   2.381388831252004012e-01
4.167480468750000000e-01   2.236974202149378532e-01
4.169921875000000000e-01   2.156226021337083743e-01
4.172363281250000000e-01   2.138102016913119574e-01
4.174804687500000000e-01   2.186628361252801744e-01
4.177246093750000000e-01   2.270722838113337638e-01
4.179687500000000000e-01   2.369739372549133083e-01
4.182128906250000000e-01   2.439273234863839346e-01
4.184570312500000000e-01   2.459987661253009161e-01
4.187011718750000000e-01   2.402465989387307654e-01
4.189453125000000000e-01   2.272258349047047155e-01
4.191894531250000000e-01   2.070139084652752870e-01
4.194335937500000000e-01   1.831224280894462875e-01
4.196777343750000000e-01   1.578744822803512804e-01
4.199218750000000000e-01   1.357305175243978257e-01
4.201660156250000000e-01   1.185231238177642810e-01
4.204101562500000000e-01   1.089167407005238453e-01
4.206542968750000000e-01   1.059913859959261129e-01
4.208984375000000000e-01   1.092089328641445423e-01
4.211425781250000000e-01   1.147552893802918639e-01
4.213867187500000000e-01   1.201530427754034791e-01
4.216308593750000000e-01   1.209885546833923131e-01
4.218750000000000000e-01   1.156163899557263036e-01
4.221191406250000000e-01   1.017774413971304220e-01
4.223632812500000000e-01   8.085118528074956845e-02
4.226074218750000000e-01   5.384330947113222243e-02
4.228515625000000000e-01   2.491907125804539158e-02
4.230957031250000000e-01   -3.186785242173118069e-03
4.233398437500000000e-01   -2.604640766149623338e-02
4.235839843750000000e-01   -4.225214579506928608e-02
4.238281250000000000e-01   -5.005144682449125249e-02
4.240722656250000000e-01   -5.134431922892196409e-02
4.243164062500000000e-01   -4.755753760516210488e-02
4.245605468750000000e-01   -4.298425567728293706e-02
4.248046875000000000e-01   -4.020335523963307345e-02
4.250488281250000000e-01   -4.317422699308576944e-02
4.252929687500000000e-01   -5.282107371887440755e-02
4.255371093750000000e-01   -7.048377394588985212e-02
4.257812500000000000e-01   -9.401193739295088392e-02
4.260253906250000000e-01   -1.217948078430118597e-01
4.262695312500000000e-01   -1.494733779399465001e-01
4.265136718750000000e-01   -1.744592236562410859e-01
4.267578125000000000e-01   -1.928801007864376360e-01
4.270019531250000000e-01   -2.039604319588108061e-01
4.272460937500000000e-01   -2.066392191039699289e-01
4.274902343750000000e-01   -2.033830852521104349e-01
4.277343750000000000e-01   -1.960786716035020916e-01
4.279785156250000000e-01   -1.891677536325506725e-01
4.282226562500000000e-01   -1.851398869149608606e-01
4.284667968750000000e-01   -1.875038309734882169e-01
4.287109375000000000e-01   -1.964971520817712924e-01
4.289550781250000000e-01   -2.125796814319085848e-01
4.291992187500000000e-01   -2.328635509099766243e-01
4.294433593750000000e-01   -2.552466739337351798e-01
4.296875000000000000e-01   -2.753714122880311366e-01
4.299316406250000000e-01   -2.910861515827615764e-01
4.301757812500000000e-01   -2.994156002479787526e-01
4.304199218750000000e-01   -3.006258053993661195e-01
4.306640625000000000e-01   -2.946834105122383973e-01
4.309082031250000000e-01   -2.846901087028375632e-01
4.311523437500000000e-01   -2.727022439551098909e-01
4.313964843750000000e-01   -2.628191309900204109e-01
4.316406250000000000e-01   -2.567474100925795089e-01
4.318847656250000000e-01   -2.568895938617825059e-01
4.321289062500000000e-01   -2.625692392240562834e-01
4.323730468750000000e-01   -2.733864407947487751e-01
4.326171875000000000e-01   -2.860929508458969206e-01
4.328613281250000000e-01   -2.986277038316514365e-01
4.331054687500000000e-01   -3.070994908650979682e-01
4.333496093750000000e-01   -3.101818810118815994e-01
4.335937500000000000e-01   -3.059128400036147943e-01
4.338378906250000000e-01   -2.955815832193597337e-01
4.340820312500000000e-01   -2.800584013868158695e-01
4.343261718750000000e-01   -2.629024017708315175e-01
4.345703125000000000e-01   -2.462538918803014176e-01
4.348144531250000000e-01   -2.337036469290006413e-01
4.350585937500000000e-01   -2.260990404904302808e-01
4.353027343750000000e-01   -2.246493904652803741e-01
4.355468750000000000e-01   -2.274107444340825179e-01
4.357910156250000000e-01   -2.330645729750650819e-01
4.360351562500000000e-01   -2.378898552032937819e-01
4.362792968750000000e-01   -2.399020186954962108e-01
4.365234375000000000e-01   -2.360364953859439840e-01
4.367675781250000000e-01   -2.261138926604276123e-01
4.370117187500000000e-01   -2.095694910015212242e-01
4.372558593750000000e-01   -1.888571876562746277e-01
4.375000000000000000e-01   -1.656921817157402110e-01
4.377441406250000000e-01   -1.439459833479541651e-01
4.379882812500000000e-01   -1.255109809207707872e-01
4.382324218750000000e-01   -1.131286312733010002e-01
4.384765625000000000e-01   -1.065098808417361681e-01
4.387207031250000000e-01   -1.056135113219023453e-01
4.389648437500000000e-01   -1.074071686442540918e-01
4.392089843750000000e-01   -1.097567633642409640e-01
4.394531250000000000e-01   -1.086917175155745069e-01
4.396972656250000000e-01   -1.024819283748555909e-01
4.399414062500000000e-01   -8.884161902101990471e-02
4.401855468750000000e-01   -6.867171126245021073e-02
4.404296875000000000e-01   -4.267278616509726646e-02
4.406738281250000000e-01   -1.440951241470320339e-02
4.409179687500000000e-01   1.358911908580602047e-02
4.411621093750000000e-01   3.716341343791167845e-02
4.414062500000000000e-01   5.462289083869888151e-02
4.416503906250000000e-01   6.397089888475104846e-02
4.418945312500000000e-01   6.650834265541574752e-02
4.421386718750000000e-01   6.341264599853338457e-02
4.423828125000000000e-01   5.872010902597976645e-02
4.426269531250000000e-01   5.528284522155117731e-02
4.428710937500000000e-01   5.725313206485908857e-02
4.431152343750000000e-01   6.605040094300267117e-02
4.433593750000000000e-01   8.323658990011734149e-02
4.436035156250000000e-01   1.070259592280117245e-01
4.438476562500000000e-01   1.357304210003907885e-01
4.440917968750000000e-01   1.649637048134557638e-01
4.443359375000000000e-01   1.917407148656415927e-01
4.445800781250000000e-01   2.119625342445675131e-01
4.448242187500000000e-01   2.243259303050069153e-01
4.450683593750000000e-01   2.275294379723624416e-01
4.453125000000000000e-01   2.236859954365356395e-01
4.455566406250000000e-01   2.147479709733827735e-01
4.458007812500000000e-01   2.051532325267927670e-01
4.460449218750000000e-01   1.978459655658330318e-01
4.462890625000000000e-01   1.967707461494528909e-01
4.465332031250000000e-01   2.029465529375472921e-01
4.467773437500000000e-01   2.172917413820502630e-01
4.470214843750000000e-01   2.374305177874515282e-01
4.472656250000000000e-01   2.612558841442358393e-01
4.475097656250000000e-01   2.842533542246953315e-01
4.477539062500000000e-01   3.034782175128112880e-01
4.479980468750000000e-01   3.151748867227228135e-01
4.482421875000000000e-01   3.186171701172237913e-01
4.484863281250000000e-01   3.132000810784474343e-01
4.487304687500000000e-01   3.015831682932321733e-01
4.489746093750000000e-01   2.861104419361424345e-01
4.492187500000000000e-01   2.712840402653705629e-01
4.494628906250000000e-01   2.597455903428062540e-01
4.497070312500000000e-01   2.547507356245385379e-01
4.499511718750000000e-01   2.565179336566814072e-01
4.501953125000000000e-01   2.651991736769408470e-01
4.504394531250000000e-01   2.778991956642368755e-01
4.506835937500000000e-01   2.923508821148424475e-01
4.509277343750000000e-01   3.043947152157044922e-01
4.511718750000000000e-01   3.117934176420444903e-01
4.514160156250000000e-01   3.117217939675119842e-01
4.516601562500000000e-01   3.043708645070977714e-01
4.519042968750000000e-01   2.899106673401764533e-01
4.521484375000000000e-01   2.713509781968320711e-01
4.523925781250000000e-01   2.509558139935025856e-01
4.526367187500000000e-01   2.327282996936625437e-01
4.528808593750000000e-01   2.185518657787335894e-01
4.531250000000000000e-01   2.107117013831031616e-01
