0.000000000000000000e+00   -1.381563274405281927e+00
2.441406250000000000e-04   -2.606036810088820377e-01
4.882812500000000000e-04   1.954381985745925698e+00
7.324218750000000000e-04   9.772643893318679886e-01
9.765625000000000000e-04   -7.509920329866870414e-02
1.220703125000000000e-03   1.670316155784055567e+00
1.464843750000000000e-03   1.738019463254125485e+00
1.708984375000000000e-03   -2.625825346271895011e-01
1.953125000000000000e-03   1.559193471886691107e+00
2.197265625000000000e-03   2.093961170688764251e-01
2.441406250000000000e-03   8.480002452171515603e-01
2.685546875000000000e-03   -4.030236257394852473e-01
2.929687500000000000e-03   -7.456511697642472791e-01
3.173828125000000000e-03   -3.830568559793189887e-01
3.417968750000000000e-03   -6.883495484545376630e-01
3.662109375000000000e-03   -7.163096969516236090e-01
3.906250000000000000e-03   1.544924350878657426e+00
4.150390625000000000e-03   1.138557031874782854e-01
4.394531250000000000e-03   1.166705820980988018e-01
4.638671875000000000e-03   1.311811666820154931e+00
4.882812500000000000e-03   2.105685482048219814e+00
5.126953125000000000e-03   -2.148483258733943357e-01
5.371093750000000000e-03   1.529348222574981930e+00
5.615234375000000000e-03   6.388693770295793273e-02
5.859375000000000000e-03   -5.298275528598160866e-01
6.103515625000000000e-03   3.535718246980255608e-01
6.347656250000000000e-03   -1.060934846746455218e+00
6.591796875000000000e-03   -3.421522980881390175e-01
6.835937500000000000e-03   -9.027280143596106976e-01
7.080078125000000000e-03   -9.577183216657687570e-01
7.324218750000000000e-03   7.812295084579340410e-02
7.568359375000000000e-03   -1.191288237753753032e+00
7.812500000000000000e-03   -1.746565506442312454e-01
8.056640625000000000e-03   2.217947424261647260e+00
8.300781250000000000e-03   1.622854876549610692e+00
8.544921875000000000e-03   -6.333514096610622923e-01
8.789062500000000000e-03   5.232142281931067007e-01
9.033203125000000000e-03   7.491066930372401733e-02
9.277343750000000000e-03   5.517598300244059423e-02
9.521484375000000000e-03   -2.393450072221469938e-01
9.765625000000000000e-03   -2.974299962113569062e-01
1.000976562500000000e-02   7.749575178509893192e-01
1.025390625000000000e-02   1.652787879892587020e+00
1.049804687500000000e-02   -1.425404688712819667e-01
1.074218750000000000e-02   -1.203661182914227634e+00
1.098632812500000000e-02   -1.245423573596980971e+00
1.123046875000000000e-02   7.458349489501393814e-02
1.147460937500000000e-02   -1.922667188108910796e+00
1.171875000000000000e-02   -1.561572749972439111e-01
1.196289062500000000e-02   1.438237115066693939e+00
1.220703125000000000e-02   -4.060280364929761965e-01
1.245117187500000000e-02   1.013610233859484122e+00
1.269531250000000000e-02   1.115675144164461896e-01
1.293945312500000000e-02   -1.240445833604082226e+00
1.318359375000000000e-02   -1.182866343220819252e-02
1.342773437500000000e-02   -6.752827309314490822e-01
1.367187500000000000e-02   -2.121921960550927078e-01
1.391601562500000000e-02   -1.840848802363753034e+00
1.416015625000000000e-02   -2.210822878887612752e+00
1.440429687500000000e-02   -1.430441717344828945e+00
1.464843750000000000e-02   -8.407180547324659692e-01
1.489257812500000000e-02   -6.062143837958937631e-01
1.513671875000000000e-02   1.210462647644183987e+00
1.538085937500000000e-02   -4.225774286642434707e-01
1.562500000000000000e-02   -6.692842340050957350e-01
1.586914062500000000e-02   -1.816306264701905482e+00
1.611328125000000000e-02   -3.144219817210412771e+00
1.635742187500000000e-02   -5.874633204933711328e-01
1.660156250000000000e-02   1.893945920167708907e+00
1.684570312500000000e-02   -5.804755652439693714e-01
1.708984375000000000e-02   2.502984427960188163e-01
1.733398437500000000e-02   1.230756678706945273e+00
1.757812500000000000e-02   5.209551651583028686e-01
1.782226562500000000e-02   1.152183785426970086e+00
1.806640625000000000e-02   1.087908448101826631e+00
1.831054687500000000e-02   2.663242850523044325e-01
1.855468750000000000e-02   -9.900928629406513526e-02
1.879882812500000000e-02   7.314093695803378647e-01
1.904296875000000000e-02   4.308312403590913719e-02
1.928710937500000000e-02   5.050536739938187303e-01
1.953125000000000000e-02   -1.782056950711998544e+00
1.977539062500000000e-02   8.323706932617181975e-01
2.001953125000000000e-02   -1.597695649165419562e-01
2.026367187500000000e-02   7.727699458101382479e-01
2.050781250000000000e-02   -1.948749366597188004e+00
2.075195312500000000e-02   -4.373569767201148650e-01
2.099609375000000000e-02   7.968207548236883042e-01
2.124023437500000000e-02   -7.606913318457878548e-01
2.148437500000000000e-02   -2.248948237855183496e+00
2.172851562500000000e-02   -6.977010750809308215e-01
2.197265625000000000e-02   6.776395202856548838e-01
2.221679687500000000e-02   6.037713640247798219e-01
2.246093750000000000e-02   -2.052690604414534881e-01
2.270507812500000000e-02   -8.227818340987986812e-01
2.294921875000000000e-02   1.051939291201562238e-01
2.319335937500000000e-02   4.876541054192471969e-01
2.343750000000000000e-02   -1.861184299345579607e+00
2.368164062500000000e-02   -4.439200074182243494e-01
2.392578125000000000e-02   -7.906958094415343641e-02
2.416992187500000000e-02   -1.291944403394234442e+00
2.441406250000000000e-02   9.726001110770238212e-01
2.465820312500000000e-02   -1.792287237424083912e-01
2.490234375000000000e-02   2.230104855685639098e+00
2.514648437500000000e-02   1.255498658393575218e+00
2.539062500000000000e-02   -6.035772265132526293e-01
2.563476562500000000e-02   -1.993312685209004675e-01
2.587890625000000000e-02   -1.838122625524651221e+00
2.612304687500000000e-02   5.167869652319407869e-01
2.636718750000000000e-02   -1.856781621934663562e+00
2.661132812500000000e-02   3.379293654866664998e+00
2.685546875000000000e-02   8.769622312962924715e-01
2.709960937500000000e-02   -1.155025918450924838e+00
2.734375000000000000e-02   -7.784295809948142963e-01
2.758789062500000000e-02   -8.258640784237537558e-01
2.783203125000000000e-02   1.181240216679580790e+00
2.807617187500000000e-02   -9.108029637615788765e-01
2.832031250000000000e-02   -5.974808898707958393e-01
2.856445312500000000e-02   7.108836988906628296e-01
2.880859375000000000e-02   1.811736796447048992e+00
2.905273437500000000e-02   -1.801625442069410665e+00
2.929687500000000000e-02   1.446945644306488754e+00
2.954101562500000000e-02   -5.219287627177264799e-01
2.978515625000000000e-02   -1.570551528354325210e+00
3.002929687500000000e-02   3.002488334609846099e+00
3.027343750000000000e-02   2.598912638451673196e+00
3.051757812500000000e-02   -1.307474499706552384e+00
3.076171875000000000e-02   3.538179282095493261e-01
3.100585937500000000e-02   -6.478184002116016416e-02
3.125000000000000000e-02   3.811032284054986508e-01
3.149414062500000000e-02   1.541453459060628361e+00
3.173828125000000000e-02   2.227491057502887506e-01
3.198242187500000000e-02   1.165803476144597672e+00
3.222656250000000000e-02   1.386246227075672355e+00
3.247070312500000000e-02   4.355038086934988062e-01
3.271484375000000000e-02   5.221037208629227822e-01
3.295898437500000000e-02   3.229932285239572876e-02
3.320312500000000000e-02   6.138843406737090058e-01
3.344726562500000000e-02   1.421556098922186928e+00
3.369140625000000000e-02   -4.129169107023076823e-01
3.393554687500000000e-02   -7.314903245161511469e-01
3.417968750000000000e-02   8.893720948439225449e-01
3.442382812500000000e-02   -5.828335951066553333e-01
3.466796875000000000e-02   -8.432113134430357926e-02
3.491210937500000000e-02   6.578648420344253012e-01
3.515625000000000000e-02   -3.141457990476382300e-01
3.540039062500000000e-02   1.631261360824653561e+00
3.564453125000000000e-02   -8.914820630505948529e-01
3.588867187500000000e-02   -9.350120484273306554e-01
3.613281250000000000e-02   9.461151734736343855e-01
3.637695312500000000e-02   -8.307543398636699772e-01
3.662109375000000000e-02   1.348891498430695668e+00
3.686523437500000000e-02   7.974205169825078487e-02
3.710937500000000000e-02   4.715320669422972122e-01
3.735351562500000000e-02   -1.383671104886089909e+00
3.759765625000000000e-02   -8.964680442559774809e-02
3.784179687500000000e-02   1.664309061075649909e+00
3.808593750000000000e-02   -1.383563937193811100e+00
3.833007812500000000e-02   2.468026248596081051e-01
3.857421875000000000e-02   9.756905433194568156e-01
3.881835937500000000e-02   2.895161428947943261e-01
3.906250000000000000e-02   2.037629984860064969e+00
3.930664062500000000e-02   -2.287253556392354614e-01
3.955078125000000000e-02   -5.079470962040928406e-01
3.979492187500000000e-02   -1.154453122806882837e+00
4.003906250000000000e-02   -7.073429383762804834e-01
4.028320312500000000e-02   -1.169299831853474636e+00
4.052734375000000000e-02   -1.998938337770023721e-01
4.077148437500000000e-02   2.888258207650066800e-01
4.101562500000000000e-02   -6.834939863968149121e-01
4.125976562500000000e-02   3.263992862673421175e-02
4.150390625000000000e-02   2.270551816570712533e-01
4.174804687500000000e-02   -1.024439226328520247e+00
4.199218750000000000e-02   -8.341026563205483635e-01
4.223632812500000000e-02   -2.168678417972450534e-01
4.248046875000000000e-02   1.143461785456711954e+00
4.272460937500000000e-02   -8.842045827850861794e-01
4.296875000000000000e-02   -1.898786776933580889e-01
4.321289062500000000e-02   -1.208106977434777241e+00
4.345703125000000000e-02   -8.859039064617733050e-01
4.370117187500000000e-02   -2.671004778917652756e-01
4.394531250000000000e-02   -8.037331787908931213e-01
4.418945312500000000e-02   1.042019715180797945e+00
4.443359375000000000e-02   -5.337907651925839492e-01
4.467773437500000000e-02   1.859478900885400687e+00
4.492187500000000000e-02   2.247158533345992026e+00
4.516601562500000000e-02   1.641119973966315815e+00
4.541015625000000000e-02   1.286639794174935236e+00
4.565429687500000000e-02   -8.536009201068283092e-01
4.589843750000000000e-02   -1.969954378741346213e-01
4.614257812500000000e-02   -3.940300092399531273e-01
4.638671875000000000e-02   1.986504600904699658e-01
4.663085937500000000e-02   -1.276493959412695611e+00
4.687500000000000000e-02   -1.549428345301641641e-01
4.711914062500000000e-02   -8.748951276120053855e-01
4.736328125000000000e-02   7.751989508351343483e-01
4.760742187500000000e-02   -1.295903315799621369e-01
4.785156250000000000e-02   5.447818556008348079e-01
4.809570312500000000e-02   -1.418164319750214453e-01
4.833984375000000000e-02   -1.323906465522075360e+00
4.858398437500000000e-02   4.368635278981498199e-02
4.882812500000000000e-02   8.469878884486230497e-01
4.907226562500000000e-02   -1.311873237056065733e+00
4.931640625000000000e-02   -1.190953805902036367e+00
4.956054687500000000e-02   -1.199504183665095480e+00
4.980468750000000000e-02   -3.496767903150699297e+00
5.004882812500000000e-02   -1.599589476015412792e+00
5.029296875000000000e-02   -1.513407205662749222e+00
5.053710937500000000e-02   8.772387708507317639e-01
5.078125000000000000e-02   -1.037043223368762090e+00
5.102539062500000000e-02   2.740316441698690264e-01
5.126953125000000000e-02   -1.310996681279774645e+00
5.151367187500000000e-02   1.045117576866574916e-01
5.175781250000000000e-02   -1.396876578807799918e+00
5.200195312500000000e-02   1.760072477158900695e+00
5.224609375000000000e-02   1.207909462168380799e+00
5.249023437500000000e-02   1.025136785274901374e+00
5.273437500000000000e-02   6.283317761319703321e-01
5.297851562500000000e-02   -9.056351356458254287e-01
5.322265625000000000e-02   -9.532166826939991733e-01
5.346679687500000000e-02   -1.474728428900515143e+00
5.371093750000000000e-02   8.856810570371026481e-01
5.395507812500000000e-02   9.494022896336701267e-01
5.419921875000000000e-02   -7.105818395872508519e-01
5.444335937500000000e-02   1.726276118415259464e-01
5.468750000000000000e-02   1.519402603170489696e+00
5.493164062500000000e-02   -1.694691224437450822e-02
5.517578125000000000e-02   -8.223838616834114879e-01
5.541992187500000000e-02   -2.079854231034203860e-01
5.566406250000000000e-02   5.013796769210763227e-01
5.590820312500000000e-02   -1.731278609797437751e+00
5.615234375000000000e-02   -3.095291418335712752e+00
5.639648437500000000e-02   3.501493453752558271e-01
5.664062500000000000e-02   1.774312080007551140e+00
5.688476562500000000e-02   5.678023327500637540e-01
5.712890625000000000e-02   3.153816588553544631e-01
5.737304687500000000e-02   6.210489335733225813e-01
5.761718750000000000e-02   7.703338913641498698e-01
5.786132812500000000e-02   4.042730628117510022e-02
5.810546875000000000e-02   -1.823281190372865179e-01
5.834960937500000000e-02   9.137876743478473562e-01
5.859375000000000000e-02   9.256316641270463386e-01
5.883789062500000000e-02   -2.397689712481148872e-01
5.908203125000000000e-02   5.135094790093791550e-01
5.932617187500000000e-02   2.545116529665390481e-01
5.957031250000000000e-02   1.390205922655582516e+00
5.981445312500000000e-02   -1.360854763832354042e+00
6.005859375000000000e-02   -3.550876873510339093e-01
6.030273437500000000e-02   -1.064013895581472413e+00
6.054687500000000000e-02   1.928080929717009007e-01
6.079101562500000000e-02   5.547758471313549711e-01
6.103515625000000000e-02   7.570862098857134015e-01
6.127929687500000000e-02   -7.760027640147127981e-01
6.152343750000000000e-02   1.532736265992708624e+00
6.176757812500000000e-02   1.302970421406495438e+00
6.201171875000000000e-02   -2.198039520088431453e-01
6.225585937500000000e-02   5.998508313275098258e-01
6.250000000000000000e-02   5.715801800532304133e-01
6.274414062500000000e-02   -2.498528102649125726e-01
6.298828125000000000e-02   5.640902684510355064e-02
6.323242187500000000e-02   1.007483070505280631e+00
6.347656250000000000e-02   6.754611784419696230e-01
6.372070312500000000e-02   -5.750619260633600405e-01
6.396484375000000000e-02   9.320503554812883396e-01
6.420898437500000000e-02   1.574461351879878901e+00
6.445312500000000000e-02   -2.553572034368828181e+00
6.469726562500000000e-02   -1.929379229202674018e-01
6.494140625000000000e-02   -4.676130308537826408e-01
6.518554687500000000e-02   8.143220778064927390e-02
6.542968750000000000e-02   -8.137099072478042316e-01
6.567382812500000000e-02   2.399927634370081775e-01
6.591796875000000000e-02   2.161437648408249257e-01
6.616210937500000000e-02   -5.765019797725240425e-01
6.640625000000000000e-02   1.625078579275673618e-01
6.665039062500000000e-02   -1.242751909125457077e+00
6.689453125000000000e-02   1.937286191737721264e-01
6.713867187500000000e-02   -8.337819368438571521e-01
6.738281250000000000e-02   4.984885311857558676e-01
6.762695312500000000e-02   -1.037333843127713706e+00
6.787109375000000000e-02   1.045405157012417874e+00
6.811523437500000000e-02   8.914793165634123939e-01
6.835937500000000000e-02   6.538459271757300906e-01
6.860351562500000000e-02   1.464283464307010618e+00
6.884765625000000000e-02   8.630758183465513378e-01
6.909179687500000000e-02   1.964722612335417562e+00
6.933593750000000000e-02   2.087414905191263603e+00
6.958007812500000000e-02   1.901957691842960818e+00
6.982421875000000000e-02   -6.687544517282838497e-01
7.006835937500000000e-02   -1.955754265381135226e-01
7.031250000000000000e-02   1.856070987467398181e+00
7.055664062500000000e-02   4.545112877141204155e-01
7.080078125000000000e-02   -2.430099704929868099e-01
7.104492187500000000e-02   1.014555511359041207e+00
7.128906250000000000e-02   -1.007828730778942639e+00
7.153320312500000000e-02   1.217345904915304144e+00
7.177734375000000000e-02   6.357808245904467137e-01
7.202148437500000000e-02   2.054672277587182627e+00
7.226562500000000000e-02   -8.100135511437529801e-02
7.250976562500000000e-02   1.568629105037340654e+00
7.275390625000000000e-02   4.283002881885864532e-01
7.299804687500000000e-02   -2.000704952837483397e+00
7.324218750000000000e-02   -2.057978856069128781e+00
7.348632812500000000e-02   -8.292477220703295404e-02
7.373046875000000000e-02   1.164808443509247837e+00
7.397460937500000000e-02   -1.711917516290270558e-01
7.421875000000000000e-02   4.570815549799996380e-01
7.446289062500000000e-02   -2.944198602957088351e+00
7.470703125000000000e-02   -8.347099898928166395e-01
7.495117187500000000e-02   1.500469479790776051e+00
7.519531250000000000e-02   -1.542931689284764429e+00
7.543945312500000000e-02   -2.700636139160383919e+00
7.568359375000000000e-02   7.019356853167082466e-01
7.592773437500000000e-02   2.105193802330650232e+00
7.617187500000000000e-02   6.370918921533341717e-01
7.641601562500000000e-02   -1.392080030479085073e-01
7.666015625000000000e-02   -1.466770014683678625e+00
7.690429687500000000e-02   -2.130096288008722638e+00
7.714843750000000000e-02   -9.322163459516923378e-01
7.739257812500000000e-02   3.691955846929901863e-01
7.763671875000000000e-02   -6.425702189341830906e-01
7.788085937500000000e-02   -1.132231136474334932e+00
7.812500000000000000e-02   -2.481591656247430944e+00
7.836914062500000000e-02   -7.686464645020352204e-01
7.861328125000000000e-02   2.899396174801751602e-01
7.885742187500000000e-02   -1.386548833548490345e+00
7.910156250000000000e-02   -2.746988065517028677e-01
7.934570312500000000e-02   -8.533553762507742890e-01
7.958984375000000000e-02   1.264828216427140994e-01
7.983398437500000000e-02   -2.816369430053699066e-02
8.007812500000000000e-02   -5.595164588048706644e-01
8.032226562500000000e-02   -2.118833826541596022e+00
8.056640625000000000e-02   -1.146928233845648376e-01
8.081054687500000000e-02   -1.943596130153224744e+00
8.105468750000000000e-02   4.533926825645391845e-01
8.129882812500000000e-02   7.868203486103948485e-01
8.154296875000000000e-02   -2.664851802562771543e-01
8.178710937500000000e-02   -4.617572003695573635e-01
8.203125000000000000e-02   -3.470640636274492929e-01
8.227539062500000000e-02   -1.889955686146445879e-01
8.251953125000000000e-02   -1.564867535764196127e+00
8.276367187500000000e-02   5.402744436162813801e-02
8.300781250000000000e-02   -1.759460823191824730e+00
8.325195312500000000e-02   8.995006690290634488e-01
8.349609375000000000e-02   -2.372482567790197006e-01
8.374023437500000000e-02   5.418915810741372630e-01
8.398437500000000000e-02   -1.046616181353538400e+00
8.422851562500000000e-02   1.377222735255059449e+00
8.447265625000000000e-02   -2.400283123900073534e-01
8.471679687500000000e-02   -7.170562639579508568e-01
8.496093750000000000e-02   1.338257189579574069e+00
8.520507812500000000e-02   -4.558422864671824448e-01
8.544921875000000000e-02   -2.313628216572609642e-01
8.569335937500000000e-02   -9.040671121325607462e-01
8.593750000000000000e-02   8.257968706815665971e-01
8.618164062500000000e-02   -2.235862527692782445e-02
8.642578125000000000e-02   2.840568331797438742e-02
8.666992187500000000e-02   -2.590255704718927854e-01
8.691406250000000000e-02   2.733521857775189634e+00
8.715820312500000000e-02   1.868405305036347608e+00
8.740234375000000000e-02   -1.388985787257662308e+00
8.764648437500000000e-02   6.459364548414187057e-01
8.789062500000000000e-02   8.731752341163921682e-02
8.813476562500000000e-02   -2.006967878490509838e-01
8.837890625000000000e-02   6.397732540991084571e-01
8.862304687500000000e-02   2.132435365320330067e+00
8.886718750000000000e-02   -1.769710491310992895e+00
8.911132812500000000e-02   -4.761793657061074159e-01
8.935546875000000000e-02   1.637352268884360695e+00
8.959960937500000000e-02   1.396681806261699799e-01
8.984375000000000000e-02   1.775146108403297562e+00
9.008789062500000000e-02   -1.492138923346656654e+00
9.033203125000000000e-02   4.316977245426231041e-02
9.057617187500000000e-02   -1.226062358169708322e+00
9.082031250000000000e-02   -8.731073157407626129e-02
9.106445312500000000e-02   1.557349800457923150e+00
9.130859375000000000e-02   -8.653551196323149286e-01
9.155273437500000000e-02   -3.722177059208854888e-01
9.179687500000000000e-02   -2.237480625884561147e-01
9.204101562500000000e-02   1.938334881655016106e+00
9.228515625000000000e-02   1.863619314187205278e+00
9.252929687500000000e-02   2.209737456754303775e+00
9.277343750000000000e-02   5.994315177969447017e-01
9.301757812500000000e-02   -1.629230667409935718e+00
9.326171875000000000e-02   3.578349753916682530e-01
9.350585937500000000e-02   3.570889730407196261e-01
9.375000000000000000e-02   -4.110252842993272204e-01
9.399414062500000000e-02   1.771349013825971097e+00
9.423828125000000000e-02   -2.237920354077072294e-01
9.448242187500000000e-02   2.929732715021911571e-01
9.472656250000000000e-02   -1.735471888236389315e+00
9.497070312500000000e-02   -6.443432272467231048e-01
9.521484375000000000e-02   -2.336326999927812731e-01
9.545898437500000000e-02   -2.756438530858501545e-01
9.570312500000000000e-02   5.017478956514408450e-01
9.594726562500000000e-02   1.926101287177580890e+00
9.619140625000000000e-02   1.441293639206978172e+00
9.643554687500000000e-02   -2.066892072760915799e-01
9.667968750000000000e-02   -6.548284967145689972e-01
9.692382812500000000e-02   9.597000394604010554e-01
9.716796875000000000e-02   6.843312450222600873e-02
9.741210937500000000e-02   -2.618239118307450486e-01
9.765625000000000000e-02   6.218909988575022085e-01
9.790039062500000000e-02   2.222068430752913049e+00
9.814453125000000000e-02   5.952879131026930226e-01
9.838867187500000000e-02   5.005623171500452884e-01
9.863281250000000000e-02   1.521008956483817620e+00
9.887695312500000000e-02   -1.633595435495708070e+00
9.912109375000000000e-02   8.647149762228462100e-02
9.936523437500000000e-02   -3.171429315888515954e-02
9.960937500000000000e-02   8.533047566308065157e-01
9.985351562500000000e-02   1.067179190203425554e+00
1.000976562500000000e-01   5.495756064431661647e-01
1.003417968750000000e-01   -3.146045236394068856e-01
1.005859375000000000e-01   -1.096157435016438531e-01
1.008300781250000000e-01   1.706523686042908661e-01
1.010742187500000000e-01   1.296626975803106818e+00
1.013183593750000000e-01   -2.143573208866965396e-01
1.015625000000000000e-01   -2.049930156983391871e+00
1.018066406250000000e-01   2.745586854057076587e-01
1.020507812500000000e-01   -1.377009918980646487e-02
1.022949218750000000e-01   -1.095865396910160383e+00
1.025390625000000000e-01   -1.932786306801655696e-01
1.027832031250000000e-01   5.226964340383767338e-01
1.030273437500000000e-01   6.577782505976224048e-01
1.032714843750000000e-01   1.486573938567079756e+00
1.035156250000000000e-01   -1.769498877349354293e+00
1.037597656250000000e-01   -1.353647427208820364e+00
1.040039062500000000e-01   8.023601372071651472e-01
1.042480468750000000e-01   -6.132097719797909852e-01
1.044921875000000000e-01   -2.252080356567192909e-01
1.047363281250000000e-01   -3.062691332732766725e+00
1.049804687500000000e-01   1.610626066954222446e-01
1.052246093750000000e-01   5.782591470880499296e-01
1.054687500000000000e-01   2.438492591379807783e-01
1.057128906250000000e-01   -1.686347055136808049e+00
1.059570312500000000e-01   -1.020555546582947226e+00
1.062011718750000000e-01   -8.896368072339496669e-01
1.064453125000000000e-01   -1.165625660922510853e+00
1.066894531250000000e-01   -4.819792512021949249e-01
1.069335937500000000e-01   -1.913586080013504609e-01
1.071777343750000000e-01   3.174054523784209381e-01
1.074218750000000000e-01   -1.336937522514658472e+00
1.076660156250000000e-01   -7.188326089322311097e-02
1.079101562500000000e-01   1.745659686673258770e+00
1.081542968750000000e-01   -5.318084068647404433e-02
1.083984375000000000e-01   9.678252800735293038e-01
1.086425781250000000e-01   -7.328193580951237740e-01
1.088867187500000000e-01   -5.754453049788975649e-01
1.091308593750000000e-01   2.393468251564828675e-01
1.093750000000000000e-01   -1.665867254238048378e+00
1.096191406250000000e-01   -4.186959297551987730e-02
1.098632812500000000e-01   -1.557484413702038495e+00
1.101074218750000000e-01   -1.258509404307544211e+00
1.103515625000000000e-01   -4.349823664899827302e-01
1.105957031250000000e-01   -5.278148391939850859e-01
1.108398437500000000e-01   -2.245948128312152126e-01
1.110839843750000000e-01   4.552110757639294958e-01
1.113281250000000000e-01   -1.923980145367579775e+00
1.115722656250000000e-01   -2.850252281155553624e-01
1.118164062500000000e-01   -1.418980135726762570e-01
1.120605468750000000e-01   5.398096113415039587e-01
1.123046875000000000e-01   -2.147203280332982411e-01
1.125488281250000000e-01   7.475630166031023427e-02
1.127929687500000000e-01   3.722582796188635967e-01
1.130371093750000000e-01   -5.258505634474066603e-01
1.132812500000000000e-01   -6.214821069998619496e-01
1.135253906250000000e-01   4.530265264249325186e-01
1.137695312500000000e-01   -1.050068686674626994e-01
1.140136718750000000e-01   -7.218487827157089587e-01
1.142578125000000000e-01   4.140886906922220390e-01
1.145019531250000000e-01   8.522068011344919869e-01
1.147460937500000000e-01   -4.590747188311224969e-01
1.149902343750000000e-01   1.189208390608728294e+00
1.152343750000000000e-01   -1.562545350094458607e-01
1.154785156250000000e-01   -1.080247114729254720e+00
1.157226562500000000e-01   6.564811636485966551e-01
1.159667968750000000e-01   5.061864522690655566e-01
1.162109375000000000e-01   8.780450584361706445e-01
1.164550781250000000e-01   -1.637914734094321201e+00
1.166992187500000000e-01   9.721554504536826791e-01
1.169433593750000000e-01   -1.902603973919909874e+00
1.171875000000000000e-01   -5.869100740430827773e-02
1.174316406250000000e-01   3.980455590554059925e-02
1.176757812500000000e-01   -6.467855299068330233e-01
1.179199218750000000e-01   -7.963355716986108002e-01
1.181640625000000000e-01   1.894757233330029711e-01
1.184082031250000000e-01   8.648762787717055867e-01
1.186523437500000000e-01   9.019976531790502294e-01
1.188964843750000000e-01   6.303461130586796024e-02
1.191406250000000000e-01   7.596984891260147865e-01
1.193847656250000000e-01   -9.641009464378851312e-01
1.196289062500000000e-01   2.504535195058300023e-01
1.198730468750000000e-01   6.565295622491275074e-01
1.201171875000000000e-01   1.296183886649909578e+00
1.203613281250000000e-01   7.003400466194923402e-01
1.206054687500000000e-01   2.504961130255993762e+00
1.208496093750000000e-01   1.363809702144394898e+00
1.210937500000000000e-01   -4.247185395334220764e-02
1.213378906250000000e-01   6.865647735834206067e-01
1.215820312500000000e-01   -9.596123115034789208e-01
1.218261718750000000e-01   -1.374753616364345676e+00
1.220703125000000000e-01   -1.328410550561295755e+00
1.223144531250000000e-01   4.950211460817128262e-01
1.225585937500000000e-01   -3.718672166316774885e-02
1.228027343750000000e-01   1.484562554196132977e-01
1.230468750000000000e-01   1.705312089494301242e+00
1.232910156250000000e-01   -3.200267193001527510e-01
1.235351562500000000e-01   6.649966201167523128e-01
1.237792968750000000e-01   -1.393214886275814024e+00
1.240234375000000000e-01   2.084184813122179847e+00
1.242675781250000000e-01   -3.083361693266884612e-02
1.245117187500000000e-01   2.028561316797128922e-01
1.247558593750000000e-01   8.394623658237290176e-01
1.250000000000000000e-01   1.886125417603956578e+00
1.252441406250000000e-01   -6.667581477456403505e-01
1.254882812500000000e-01   2.054409375958234474e+00
1.257324218750000000e-01   1.148317172566750477e+00
1.259765625000000000e-01   -4.000883343435118755e-01
1.262207031250000000e-01   -1.624589658212245713e-01
1.264648437500000000e-01   1.041366201388156609e+00
1.267089843750000000e-01   -4.324565093773165003e-01
1.269531250000000000e-01   5.239544909630347025e-01
1.271972656250000000e-01   -9.064343665427723185e-01
1.274414062500000000e-01   8.316169523317838985e-01
1.276855468750000000e-01   -1.023216542019569797e+00
1.279296875000000000e-01   7.818015490173813031e-01
1.281738281250000000e-01   1.656863401231267047e-02
1.284179687500000000e-01   6.327821236954838113e-01
1.286621093750000000e-01   -1.199321992064940279e+00
1.289062500000000000e-01   6.314715133261608049e-01
1.291503906250000000e-01   1.780327575744857782e+00
1.293945312500000000e-01   1.392306692626967823e+00
1.296386718750000000e-01   2.186328476781478070e-01
1.298828125000000000e-01   1.546899773930086930e+00
1.301269531250000000e-01   -1.612062610999593693e+00
1.303710937500000000e-01   -5.650967648122936192e-03
1.306152343750000000e-01   -6.031887545672564438e-02
1.308593750000000000e-01   7.880626368132831461e-01
1.311035156250000000e-01   3.246872585170181291e-01
1.313476562500000000e-01   -4.481616568472925888e-01
1.315917968750000000e-01   7.411851978266842389e-01
1.318359375000000000e-01   7.544293795909937650e-01
1.320800781250000000e-01   -1.160742452299560856e+00
1.323242187500000000e-01   -8.119875759030742435e-01
1.325683593750000000e-01   4.752995467427951204e-01
1.328125000000000000e-01   -1.799274101093552014e-01
1.330566406250000000e-01   1.081953231480036859e+00
1.333007812500000000e-01   -1.726254891043356998e-01
1.335449218750000000e-01   -1.315474496655711700e+00
1.337890625000000000e-01   -8.928001789007404543e-02
1.340332031250000000e-01   7.288464499706570621e-02
1.342773437500000000e-01   -7.232779314796466963e-01
1.345214843750000000e-01   -7.280960357420345197e-01
1.347656250000000000e-01   4.211584357733553774e-01
1.350097656250000000e-01   -1.316441614269822979e+00
1.352539062500000000e-01   1.283745563355791042e+00
1.354980468750000000e-01   -6.727929742872965635e-01
1.357421875000000000e-01   -6.207295042043077526e-02
1.359863281250000000e-01   1.105765368058237996e+00
1.362304687500000000e-01   3.515259364957735166e-01
1.364746093750000000e-01   -1.400088889110767898e+00
1.367187500000000000e-01   -4.697490631882684231e-01
1.369628906250000000e-01   3.185437251985724361e-01
1.372070312500000000e-01   1.215726085689405211e+00
1.374511718750000000e-01   -7.475578417761953587e-02
1.376953125000000000e-01   1.127619075729797027e+00
1.379394531250000000e-01   -1.157459478754412130e+00
1.381835937500000000e-01   -1.831500558533922574e+00
1.384277343750000000e-01   -3.631190961582171917e-01
1.386718750000000000e-01   6.075204866788889296e-02
1.389160156250000000e-01   1.377679633067428466e-01
1.391601562500000000e-01   -1.146731493467896712e+00
1.394042968750000000e-01   -9.127413059446208843e-01
1.396484375000000000e-01   5.956566499175494078e-01
1.398925781250000000e-01   -1.058489992800329293e+00
1.401367187500000000e-01   -1.206824792890218934e+00
1.403808593750000000e-01   -1.135867065757769412e+00
1.406250000000000000e-01   4.105087272930443842e-02
1.408691406250000000e-01   -1.654359818668803328e+00
1.411132812500000000e-01   -1.199028105411771961e+00
1.413574218750000000e-01   -6.651148272609913592e-01
1.416015625000000000e-01   -1.954478336082878576e+00
1.418457031250000000e-01   -6.083058789320683335e-01
1.420898437500000000e-01   -2.361602849076677391e+00
1.423339843750000000e-01   1.604477638735473666e-01
1.425781250000000000e-01   -6.386035805715739588e-01
1.428222656250000000e-01   -2.446207738958532385e-01
1.430664062500000000e-01   1.564979167080243760e-02
1.433105468750000000e-01   -1.604168701356113447e+00
1.435546875000000000e-01   -1.030606744282447140e+00
1.437988281250000000e-01   -1.048758242664948215e+00
1.440429687500000000e-01   -8.313374671502569146e-01
1.442871093750000000e-01   -1.292641916323689077e+00
1.445312500000000000e-01   2.964141306910410556e-01
1.447753906250000000e-01   1.816511160445648254e-01
1.450195312500000000e-01   1.114109520938869835e+00
1.452636718750000000e-01   -1.346810514528435920e+00
1.455078125000000000e-01   -1.926053331571902782e-01
1.457519531250000000e-01   -1.607462764233620778e+00
1.459960937500000000e-01   2.890324392683430998e-01
1.462402343750000000e-01   -5.135003316290314146e-01
1.464843750000000000e-01   -3.152099759528535494e-01
1.467285156250000000e-01   1.264418929446885054e+00
1.469726562500000000e-01   8.153956820709564735e-01
1.472167968750000000e-01   1.378668826784851476e+00
1.474609375000000000e-01   -1.153268979694997975e+00
1.477050781250000000e-01   4.818255496157651807e-01
1.479492187500000000e-01   -2.725030569321547080e-01
1.481933593750000000e-01   1.877718496299211726e+00
1.484375000000000000e-01   1.094333245412853817e+00
1.486816406250000000e-01   -2.692751558160626502e-01
1.489257812500000000e-01   -8.442891516351173076e-01
1.491699218750000000e-01   5.700964398270419453e-01
1.494140625000000000e-01   1.018111115976691572e+00
1.496582031250000000e-01   2.566976492639768459e+00
1.499023437500000000e-01   -2.641321528959045484e+00
1.501464843750000000e-01   1.173186563501234847e+00
1.503906250000000000e-01   1.885724409617820729e+00
1.506347656250000000e-01   1.022171266821203295e+00
1.508789062500000000e-01   -8.720337661447519206e-02
1.511230468750000000e-01   2.130159397707149349e+00
1.513671875000000000e-01   2.046892844221787425e-02
1.516113281250000000e-01   1.172563338967480689e-01
1.518554687500000000e-01   1.057294374452145913e+00
1.520996093750000000e-01   5.735909357263895281e-01
1.523437500000000000e-01   8.182233692092957256e-01
1.525878906250000000e-01   5.512380303845084706e-01
1.528320312500000000e-01   1.538806893599944159e+00
1.530761718750000000e-01   -1.369892290728293160e-01
1.533203125000000000e-01   -1.511376550241254169e+00
1.535644531250000000e-01   5.510685241161755732e-01
1.538085937500000000e-01   1.356425746976716862e-01
1.540527343750000000e-01   1.903405122291421225e+00
1.542968750000000000e-01   -9.114146341521510708e-01
1.545410156250000000e-01   -7.622939811325804005e-01
1.547851562500000000e-01   2.267183755023706837e+00
1.550292968750000000e-01   -1.388497919773472145e+00
1.552734375000000000e-01   -5.244188656564270357e-01
1.555175781250000000e-01   -4.820853807838650362e-01
1.557617187500000000e-01   1.344354954854626971e+00
1.560058593750000000e-01   2.417722112958656522e-01
1.562500000000000000e-01   1.400954022581850422e+00
1.564941406250000000e-01   5.301783912025896939e-01
1.567382812500000000e-01   6.279256437546013592e-01
1.569824218750000000e-01   -1.589313573411797131e+00
1.572265625000000000e-01   6.611874528336489920e-01
1.574707031250000000e-01   2.503988339936046081e+00
1.577148437500000000e-01   -8.151404304777915000e-02
1.579589843750000000e-01   1.775736141351474950e+00
1.582031250000000000e-01   7.140294743381548903e-01
1.584472656250000000e-01   -8.281371492935483136e-01
1.586914062500000000e-01   1.908851829223112473e+00
1.589355468750000000e-01   7.697020818563314881e-01
1.591796875000000000e-01   6.990015452157595233e-01
1.594238281250000000e-01   5.118164957105525437e-01
1.596679687500000000e-01   6.227573385221640834e-01
1.599121093750000000e-01   -1.706910712098658411e+00
1.601562500000000000e-01   -2.088409534190792671e-01
1.604003906250000000e-01   5.029141986733398628e-01
1.606445312500000000e-01   8.279045589993455634e-01
1.608886718750000000e-01   7.096941395808116226e-01
1.611328125000000000e-01   -7.446222762711095233e-02
1.613769531250000000e-01   1.497517153184613203e-01
1.616210937500000000e-01   1.194889762505511710e+00
1.618652343750000000e-01   9.713179983535995543e-01
1.621093750000000000e-01   -7.885712819151858843e-01
1.623535156250000000e-01   -1.206474732178121956e+00
1.625976562500000000e-01   1.057732675659161931e-01
1.628417968750000000e-01   -1.294420383726331503e+00
1.630859375000000000e-01   -2.605999233963381956e-01
1.633300781250000000e-01   4.256125413637472654e-01
1.635742187500000000e-01   -1.037961535125648149e+00
1.638183593750000000e-01   -2.046574242399619437e-01
1.640625000000000000e-01   1.536411980232380126e+00
1.643066406250000000e-01   6.872313898647438579e-01
1.645507812500000000e-01   -7.907180172381074179e-01
1.647949218750000000e-01   -2.037739908447621762e+00
1.650390625000000000e-01   -7.923522017086198632e-01
1.652832031250000000e-01   -8.286568015216346783e-01
1.655273437500000000e-01   -2.777397557807981254e-01
1.657714843750000000e-01   2.087456094924763084e-01
1.660156250000000000e-01   1.675909726781462661e+00
1.662597656250000000e-01   -1.177261610211380649e+00
1.665039062500000000e-01   -3.846043480306201023e-01
1.667480468750000000e-01   -1.426608848994412426e+00
1.669921875000000000e-01   -1.184303588696314025e+00
1.672363281250000000e-01   -3.275089429017728371e+00
1.674804687500000000e-01   -3.078155418047192060e-01
1.677246093750000000e-01   -5.046642498454693149e-01
1.679687500000000000e-01   1.238643820154441855e+00
1.682128906250000000e-01   -1.548717797670980501e+00
1.684570312500000000e-01   -1.091295333446071103e+00
1.687011718750000000e-01   -2.224145843783725152e+00
1.689453125000000000e-01   -7.455239948286728202e-01
1.691894531250000000e-01   -1.381440687445246729e+00
1.694335937500000000e-01   -6.281211826451371660e-01
1.696777343750000000e-01   7.491962990923300980e-02
1.699218750000000000e-01   -1.336747198062804842e-01
1.701660156250000000e-01   -1.856661432836370862e+00
1.704101562500000000e-01   -1.455731495725709257e+00
1.706542968750000000e-01   -7.210648792470311097e-01
1.708984375000000000e-01   -4.351262716248982532e-01
1.711425781250000000e-01   2.992670127797765478e-02
1.713867187500000000e-01   1.828231226469320569e+00
1.716308593750000000e-01   1.084594923041217462e-01
1.718750000000000000e-01   -2.727323669688276553e+00
1.721191406250000000e-01   3.606351283311017841e-01
1.723632812500000000e-01   1.151801767848874558e+00
1.726074218750000000e-01   -1.718614844754459137e+00
1.728515625000000000e-01   -2.088997020211960098e+00
1.730957031250000000e-01   6.269505953982924817e-02
1.733398437500000000e-01   -1.247273018418968205e+00
1.735839843750000000e-01   -1.101561238389713537e+00
1.738281250000000000e-01   7.296273253790532820e-01
1.740722656250000000e-01   1.513013506177189660e+00
1.743164062500000000e-01   3.409458383019772221e-01
1.745605468750000000e-01   -2.430885073052903578e-01
1.748046875000000000e-01   8.282335509846399102e-01
1.750488281250000000e-01   -4.060730760621570345e-01
1.752929687500000000e-01   3.431101759932346229e-01
1.755371093750000000e-01   1.291268762834088646e+00
1.757812500000000000e-01   1.491839422237725366e+00
1.760253906250000000e-01   9.726722366414116694e-01
1.762695312500000000e-01   1.638296005337376515e+00
1.765136718750000000e-01   3.822011404915182653e-01
1.767578125000000000e-01   -1.231257803235968673e+00
1.770019531250000000e-01   1.301870427849096457e+00
1.772460937500000000e-01   4.320737034940276833e-01
1.774902343750000000e-01   2.052027619913789763e-02
1.777343750000000000e-01   7.588173362790567866e-01
1.779785156250000000e-01   1.373976790216587807e+00
1.782226562500000000e-01   1.222903939439940801e+00
1.784667968750000000e-01   2.616783673495668427e+00
1.787109375000000000e-01   1.131958557244491681e+00
1.789550781250000000e-01   1.940038081313109286e+00
1.791992187500000000e-01   9.128108409986702698e-01
1.794433593750000000e-01   6.815696921471345870e-01
1.796875000000000000e-01   3.639477090900222200e-01
1.799316406250000000e-01   -3.750127664928106785e-01
1.801757812500000000e-01   -3.962518666739408557e-01
1.804199218750000000e-01   7.511679312000418829e-01
1.806640625000000000e-01   1.509485269932682838e+00
1.809082031250000000e-01   1.293613363662937221e+00
1.811523437500000000e-01   -6.068265619022700924e-02
1.813964843750000000e-01   4.324794670637920890e-01
1.816406250000000000e-01   7.907871013025453699e-01
1.818847656250000000e-01   4.968230478643330672e-01
1.821289062500000000e-01   6.923040268405442621e-01
1.823730468750000000e-01   6.166034931494682736e-01
1.826171875000000000e-01   2.376570518924763509e-01
1.828613281250000000e-01   8.725627086877233429e-01
1.831054687500000000e-01   1.434021341294350327e-01
1.833496093750000000e-01   -4.400324892098318036e-02
1.835937500000000000e-01   -1.067975658687307927e+00
1.838378906250000000e-01   4.573525795125195637e-01
1.840820312500000000e-01   2.206445756588333029e-01
1.843261718750000000e-01   -1.485478963378412898e+00
1.845703125000000000e-01   7.947956117616833405e-01
1.848144531250000000e-01   -9.391923527558460050e-02
1.850585937500000000e-01   -1.121307026040995414e+00
1.853027343750000000e-01   3.020135956740329086e-01
1.855468750000000000e-01   -1.162691015473923839e+00
1.857910156250000000e-01   -1.204942422429945009e-01
1.860351562500000000e-01   -3.801717826913227766e-02
1.862792968750000000e-01   5.191668464324042942e-01
1.865234375000000000e-01   -6.714789039663550119e-01
1.867675781250000000e-01   1.484884069356359415e+00
1.870117187500000000e-01   -3.004989527078342770e-01
1.872558593750000000e-01   -9.526058468931980494e-01
1.875000000000000000e-01   -8.043981914219001661e-01
1.877441406250000000e-01   -1.192168742229788858e+00
1.879882812500000000e-01   8.113286048742486267e-01
1.882324218750000000e-01   -1.261035958261442991e+00
1.884765625000000000e-01   -1.720647699953491205e+00
1.887207031250000000e-01   2.008571230125758278e-01
1.889648437500000000e-01   -1.447193305175555444e+00
1.892089843750000000e-01   -1.932748838254824575e+00
1.894531250000000000e-01   -7.938841932495033227e-02
1.896972656250000000e-01   -8.822823180313951186e-01
1.899414062500000000e-01   7.088053223286098353e-03
1.901855468750000000e-01   -1.268002135206883763e+00
1.904296875000000000e-01   -2.011496930962132001e+00
1.906738281250000000e-01   -6.632094915272600533e-01
1.909179687500000000e-01   -2.413011980581086569e+00
1.911621093750000000e-01   -2.003856205213724095e+00
1.914062500000000000e-01   -2.154518870552081022e+00
1.916503906250000000e-01   -1.738656028193559466e+00
1.918945312500000000e-01   5.424567627706265993e-01
1.921386718750000000e-01   1.750434490641424312e-01
1.923828125000000000e-01   -6.297989310394537243e-01
1.926269531250000000e-01   1.923304831678768201e-01
1.928710937500000000e-01   4.536941299055419208e-01
1.931152343750000000e-01   -3.569453050550308593e-01
1.933593750000000000e-01   -7.505786335652188113e-01
1.936035156250000000e-01   -7.235015941024880437e-01
1.938476562500000000e-01   7.569721907414418416e-01
1.940917968750000000e-01   -1.116593932150112378e+00
1.943359375000000000e-01   2.142186418089228273e+00
1.945800781250000000e-01   -3.317061253191302961e-01
1.948242187500000000e-01   -1.272572720468259089e+00
1.950683593750000000e-01   -3.530509240336233701e-01
1.953125000000000000e-01   -5.103049840634730216e-01
1.955566406250000000e-01   3.548685684990639522e-01
1.958007812500000000e-01   -6.161665300672395373e-01
1.960449218750000000e-01   -1.186605886667441823e+00
1.962890625000000000e-01   1.255795871089406157e+00
1.965332031250000000e-01   -3.665511634591231416e-02
1.967773437500000000e-01   3.583630601192137055e-01
1.970214843750000000e-01   -6.828732262075347670e-01
1.972656250000000000e-01   5.372338902140784134e-01
1.975097656250000000e-01   -3.870195640349133326e-01
1.977539062500000000e-01   9.485964740087268199e-01
1.979980468750000000e-01   1.266143265724565703e+00
1.982421875000000000e-01   2.402763606077445324e+00
1.984863281250000000e-01   6.327558322070157837e-02
1.987304687500000000e-01   1.457017989815821313e+00
1.989746093750000000e-01   1.943157865677345386e+00
1.992187500000000000e-01   -1.084787293133054470e-01
1.994628906250000000e-01   1.003623010001274407e+00
1.997070312500000000e-01   3.220956052354458254e+00
1.999511718750000000e-01   8.374156249249760098e-01
2.001953125000000000e-01   2.211427298255307594e+00
2.004394531250000000e-01   1.302868993934438224e+00
2.006835937500000000e-01   -8.343510810352116058e-01
2.009277343750000000e-01   1.346403529398610743e+00
2.011718750000000000e-01   1.074610660579154331e+00
2.014160156250000000e-01   2.306471432689608303e+00
2.016601562500000000e-01   1.821078337533798885e+00
2.019042968750000000e-01   9.706604793635920103e-01
2.021484375000000000e-01   6.740213917521583609e-01
2.023925781250000000e-01   2.003081636988631953e+00
2.026367187500000000e-01   2.042899502335374873e+00
2.028808593750000000e-01   -1.179442483946792963e+00
2.031250000000000000e-01   3.493841139106759197e-01
2.033691406250000000e-01   1.816952030469848101e+00
2.036132812500000000e-01   2.734596909478225531e-03
2.038574218750000000e-01   1.478937874814059417e-01
2.041015625000000000e-01   9.387971196438373855e-01
2.043457031250000000e-01   1.201213882814285538e+00
2.045898437500000000e-01   4.844382319311167362e-01
2.048339843750000000e-01   6.221591582452481450e-01
2.050781250000000000e-01   -1.524645550143795436e+00
2.053222656250000000e-01   -1.031809361997934493e+00
2.055664062500000000e-01   -1.213209810180906484e-01
2.058105468750000000e-01   -1.688363011327192464e-01
2.060546875000000000e-01   -1.456538068689888998e+00
2.062988281250000000e-01   -6.747759772726188432e-01
2.065429687500000000e-01   -8.446509348762072378e-01
2.067871093750000000e-01   -6.115147077575400214e-01
2.070312500000000000e-01   -8.890468577685354257e-01
2.072753906250000000e-01   -1.383485948447064073e+00
2.075195312500000000e-01   -2.820136904121855803e+00
2.077636718750000000e-01   -1.435647204922547937e+00
2.080078125000000000e-01   -2.533580849653538358e+00
2.082519531250000000e-01   4.034883415797744788e-01
2.084960937500000000e-01   -2.021001464276395154e+00
2.087402343750000000e-01   -9.291176417959428058e-01
2.089843750000000000e-01   -1.359775254367782127e+00
2.092285156250000000e-01   -9.950615669147676590e-01
2.094726562500000000e-01   -2.083410594010388639e+00
2.097167968750000000e-01   -2.864485072397044974e+00
2.099609375000000000e-01   -1.027414912386944268e+00
2.102050781250000000e-01   -2.371401694735591814e+00
2.104492187500000000e-01   -2.235242876591696959e+00
2.106933593750000000e-01   -1.906170556730820254e+00
2.109375000000000000e-01   -1.642257906381058008e-01
2.111816406250000000e-01   4.818638925813063523e-01
2.114257812500000000e-01   -1.370989723655953618e+00
2.116699218750000000e-01   -2.512362320954103501e-01
2.119140625000000000e-01   -3.752605734477674759e-01
2.121582031250000000e-01   -2.021106989739854809e-01
2.124023437500000000e-01   2.573159205315931786e+00
2.126464843750000000e-01   2.719547718803437153e+00
2.128906250000000000e-01   3.283211271939670439e+00
2.131347656250000000e-01   2.717473808750498598e+00
2.133789062500000000e-01   3.879572359611934473e+00
2.136230468750000000e-01   3.184995304559177676e+00
2.138671875000000000e-01   5.091139546513400838e+00
2.141113281250000000e-01   3.293629886473638191e+00
2.143554687500000000e-01   4.141966676480331344e+00
2.145996093750000000e-01   1.884312111101542397e+00
2.148437500000000000e-01   2.530273375442209538e+00
2.150878906250000000e-01   1.633391527800270859e+00
2.153320312500000000e-01   -1.377399065017578472e+00
2.155761718750000000e-01   -5.512414730595097900e+00
2.158203125000000000e-01   -5.326974478331611529e+00
2.160644531250000000e-01   -6.550044659039678585e+00
2.163085937500000000e-01   -5.864697451889261615e+00
2.165527343750000000e-01   -4.048406137484540146e+00
2.167968750000000000e-01   -1.931875280277379092e+00
2.170410156250000000e-01   -2.006430076845562738e+00
2.172851562500000000e-01   9.098483473010441358e-01
2.175292968750000000e-01   2.797852945706378325e+00
2.177734375000000000e-01   5.360713272175697597e+00
2.180175781250000000e-01   4.909323872086160279e+00
2.182617187500000000e-01   4.620861336703751654e+00
2.185058593750000000e-01   3.267961723474513303e+00
2.187500000000000000e-01   6.361591250583937818e-01
2.189941406250000000e-01   1.466978512600635609e+00
2.192382812500000000e-01   -3.363423282735076736e+00
2.194824218750000000e-01   -2.031554675565746759e+00
2.197265625000000000e-01   -3.763234312126331194e+00
2.199707031250000000e-01   -3.646660214622913010e+00
2.202148437500000000e-01   -2.336048434327127055e+00
2.204589843750000000e-01   -4.707134865283066461e+00
2.207031250000000000e-01   -7.315799284947005487e-01
2.209472656250000000e-01   6.492729068566570616e-01
2.211914062500000000e-01   1.832394913055835461e+00
2.214355468750000000e-01   2.742751159168482555e+00
2.216796875000000000e-01   4.243897091025233159e+00
2.219238281250000000e-01   2.348774324307554284e+00
2.221679687500000000e-01   2.454219252588046185e+00
2.224121093750000000e-01   1.628120142075580867e+00
2.226562500000000000e-01   -2.191841570162378350e-01
2.229003906250000000e-01   -6.221963856222939571e-01
2.231445312500000000e-01   -2.003475522563596289e+00
2.233886718750000000e-01   -3.729129149320804082e+00
2.236328125000000000e-01   -3.402320412332484167e+00
2.238769531250000000e-01   -1.937304747346633382e+00
2.241210937500000000e-01   -3.407842462494983238e+00
2.243652343750000000e-01   9.152788517938090784e-01
2.246093750000000000e-01   -1.922088028974852647e-01
2.248535156250000000e-01   1.024569111844901181e+00
2.250976562500000000e-01   6.971392044726780757e-01
2.253417968750000000e-01   3.059067241439717311e+00
2.255859375000000000e-01   3.308470326591876010e+00
2.258300781250000000e-01   8.373416743111701255e-01
2.260742187500000000e-01   1.992996845587570842e+00
2.263183593750000000e-01   1.601383698920550769e+00
2.265625000000000000e-01   -1.373553298591803085e-01
2.268066406250000000e-01   -4.293971288086674831e-01
2.270507812500000000e-01   -2.754498251615369875e-01
2.272949218750000000e-01   -2.675426262173052461e+00
2.275390625000000000e-01   -9.566907010126470823e-01
2.277832031250000000e-01   -1.951362910120993943e+00
2.280273437500000000e-01   -2.098851247466066550e+00
2.282714843750000000e-01   -1.395011781086270997e+00
2.285156250000000000e-01   -1.791786105361029113e+00
2.287597656250000000e-01   -1.284617974180647604e+00
2.290039062500000000e-01   8.907917889912264631e-01
2.292480468750000000e-01   1.760453125272022579e+00
2.294921875000000000e-01   3.548428598186304406e+00
2.297363281250000000e-01   2.305429115934940931e+00
2.299804687500000000e-01   2.989915969310924737e+00
2.302246093750000000e-01   1.019331891130472290e+00
2.304687500000000000e-01   -1.228871843985703816e+00
2.307128906250000000e-01   -1.340873285857031805e+00
2.309570312500000000e-01   -1.360728631419041434e+00
2.312011718750000000e-01   -1.978548231558169057e+00
2.314453125000000000e-01   -2.654710794532504359e+00
2.316894531250000000e-01   -2.635796733984859141e+00
2.319335937500000000e-01   -9.943143553437028270e-02
2.321777343750000000e-01   7.332617098357043783e-01
2.324218750000000000e-01   4.306283672121878348e-01
2.326660156250000000e-01   6.886539923898338245e-02
2.329101562500000000e-01   1.552468958833537860e+00
2.331542968750000000e-01   2.524341282590878865e+00
2.333984375000000000e-01   1.212102046322340865e+00
2.336425781250000000e-01   7.793649420784909410e-01
2.338867187500000000e-01   2.133792299299296147e+00
2.341308593750000000e-01   1.873931289058063276e+00
2.343750000000000000e-01   1.598564066702894415e+00
2.346191406250000000e-01   -3.171956510489644998e+00
2.348632812500000000e-01   3.966525609172617539e-01
2.351074218750000000e-01   -1.672407264743607458e+00
2.353515625000000000e-01   -1.329188485712384571e+00
2.355957031250000000e-01   -1.741763694083644287e+00
2.358398437500000000e-01   3.504061281073506118e-01
2.360839843750000000e-01   -1.214935263073751104e+00
2.363281250000000000e-01   -8.039124845281253595e-01
2.365722656250000000e-01   1.549972962572603086e+00
2.368164062500000000e-01   1.938321110805424130e+00
2.370605468750000000e-01   1.208735156850739845e+00
2.373046875000000000e-01   7.734423655441835521e-01
2.375488281250000000e-01   3.409851060470041606e-01
2.377929687500000000e-01   2.319063856413990654e-01
2.380371093750000000e-01   7.103800002785868317e-01
2.382812500000000000e-01   -1.102233798745285570e-01
2.385253906250000000e-01   -3.093545652860146600e+00
2.387695312500000000e-01   -1.809944424712068400e+00
2.390136718750000000e-01   -1.854976073937157910e+00
2.392578125000000000e-01   -1.019179316050950357e+00
2.395019531250000000e-01   -1.247846546518802807e-01
2.397460937500000000e-01   -7.102617732495387637e-01
2.399902343750000000e-01   -4.780998644882487603e-01
2.402343750000000000e-01   5.877818494820025164e-01
2.404785156250000000e-01   -5.430608729942938417e-01
2.407226562500000000e-01   1.201706954810399131e+00
2.409667968750000000e-01   9.504721517428558197e-01
2.412109375000000000e-01   1.250227259634135724e+00
2.414550781250000000e-01   1.993394250954773295e+00
2.416992187500000000e-01   -1.191663250753241421e+00
2.419433593750000000e-01   1.381398108093540911e+00
2.421875000000000000e-01   -7.461983351530052655e-01
2.424316406250000000e-01   -3.041406553773613020e+00
2.426757812500000000e-01   -2.144810043555394508e+00
2.429199218750000000e-01   1.293989732099985135e+00
2.431640625000000000e-01   -1.155767840195191853e+00
2.434082031250000000e-01   -8.129111576459095989e-01
2.436523437500000000e-01   4.156305860227826332e-01
2.438964843750000000e-01   5.791013953403836290e-01
2.441406250000000000e-01   1.975548625543829040e+00
2.443847656250000000e-01   2.197213620921106170e+00
2.446289062500000000e-01   1.503644380492769939e+00
2.448730468750000000e-01   1.783020262500802089e-01
2.451171875000000000e-01   -1.363605445777640979e+00
2.453613281250000000e-01   -3.532863281848935277e-01
2.456054687500000000e-01   1.289792623257363546e+00
2.458496093750000000e-01   1.127775463358212882e+00
2.460937500000000000e-01   4.028811602799954317e-01
2.463378906250000000e-01   -1.969622410977830640e+00
2.465820312500000000e-01   -1.358814948497109265e+00
2.468261718750000000e-01   -2.761626239903497981e-01
2.470703125000000000e-01   -1.144584060790284630e+00
2.473144531250000000e-01   -6.993517766173918959e-01
2.475585937500000000e-01   7.773592984876547263e-01
2.478027343750000000e-01   -1.182351226514798959e-01
2.480468750000000000e-01   1.801130487784112111e+00
2.482910156250000000e-01   -4.424968602733500567e-01
2.485351562500000000e-01   2.419065938904340740e+00
2.487792968750000000e-01   2.770327996388905589e+00
2.490234375000000000e-01   4.532354461553534386e-01
2.492675781250000000e-01   1.471008820495766534e+00
2.495117187500000000e-01   7.060385436219193123e-01
2.497558593750000000e-01   -1.466165631569478212e-01
2.500000000000000000e-01   -3.653061558594005165e-01
2.502441406250000000e-01   -9.921623211385853514e-02
2.504882812500000000e-01   -1.244735619789673509e+00
2.507324218750000000e-01   1.685633867237664452e-01
2.509765625000000000e-01   -1.801261439344963855e-01
2.512207031250000000e-01   -1.419854947868185446e-01
2.514648437500000000e-01   1.140152198021036067e+00
2.517089843750000000e-01   2.745318911656685068e-01
2.519531250000000000e-01   1.457392265102464890e+00
2.521972656250000000e-01   -3.633423185221631435e-01
2.524414062500000000e-01   -1.962156727232721165e+00
2.526855468750000000e-01   2.432114618548477658e+00
2.529296875000000000e-01   1.514012314197451525e+00
2.531738281250000000e-01   1.283178516512959222e+00
2.534179687500000000e-01   -6.858176601248172632e-01
2.536621093750000000e-01   1.009324886150896328e+00
2.539062500000000000e-01   -6.768134059908162969e-01
2.541503906250000000e-01   -2.246872578587072677e+00
2.543945312500000000e-01   -9.302513010037666286e-01
2.546386718750000000e-01   -2.566914733726308184e-01
2.548828125000000000e-01   -1.362678912050976132e+00
2.551269531250000000e-01   -8.852110482595405561e-01
2.553710937500000000e-01   -5.708972056967840381e-01
2.556152343750000000e-01   -1.487967031018088804e+00
2.558593750000000000e-01   -3.359645766003527267e-01
2.561035156250000000e-01   -4.603103337210534551e-01
2.563476562500000000e-01   1.542664331793878629e+00
2.565917968750000000e-01   1.333589973778013693e+00
2.568359375000000000e-01   -3.026098277394946856e-01
2.570800781250000000e-01   1.118754166610605116e+00
2.573242187500000000e-01   -1.414702051049021803e+00
2.575683593750000000e-01   -7.985025719991954984e-01
2.578125000000000000e-01   -2.677325781570823349e+00
2.580566406250000000e-01   -1.286929604612630174e+00
2.583007812500000000e-01   -1.123494099633970400e+00
2.585449218750000000e-01   -2.802112629626766438e+00
2.587890625000000000e-01   -4.210460171065272816e-01
2.590332031250000000e-01   7.350534216933836129e-01
2.592773437500000000e-01   1.518850266528975812e+00
2.595214843750000000e-01   2.578019366562954495e+00
2.597656250000000000e-01   1.420536093288727209e+00
2.600097656250000000e-01   4.704557923507238781e-01
2.602539062500000000e-01   4.531179037195891962e-02
2.604980468750000000e-01   1.739347524318149985e+00
2.607421875000000000e-01   4.413911852338431863e-01
2.609863281250000000e-01   1.689804406707502649e+00
2.612304687500000000e-01   -3.392003873953479687e-01
2.614746093750000000e-01   -2.177361814993095390e-01
2.617187500000000000e-01   -1.460011331164385862e+00
2.619628906250000000e-01   -2.537702062024804306e+00
2.622070312500000000e-01   1.002898769085637243e+00
2.624511718750000000e-01   -1.990322099891485896e+00
2.626953125000000000e-01   -1.679051176572680992e+00
2.629394531250000000e-01   1.230391510837590907e+00
2.631835937500000000e-01   9.473252626504097273e-01
2.634277343750000000e-01   3.642483280904255105e-01
2.636718750000000000e-01   2.189605139927332189e+00
2.639160156250000000e-01   1.387786554276801310e+00
2.641601562500000000e-01   8.768667666472761135e-02
2.644042968750000000e-01   -4.079635680021137523e-01
2.646484375000000000e-01   -5.897651441256706040e-01
2.648925781250000000e-01   -1.426407912015469570e+00
2.651367187500000000e-01   -4.184503187718298656e-01
2.653808593750000000e-01   -6.152246940598030817e-02
2.656250000000000000e-01   -1.024293782467491809e+00
2.658691406250000000e-01   -1.487664929362048083e+00
2.661132812500000000e-01   -1.355895989274511493e+00
2.663574218750000000e-01   -1.322964929092526276e+00
2.666015625000000000e-01   -6.664539080180809094e-01
2.668457031250000000e-01   -1.978714955900321426e+00
2.670898437500000000e-01   4.322769099749119714e-01
2.673339843750000000e-01   1.036309485919967299e+00
2.675781250000000000e-01   1.204704114463791775e+00
2.678222656250000000e-01   1.017769261516936918e+00
2.680664062500000000e-01   1.695487382405285182e+00
2.683105468750000000e-01   -1.289858861641491605e-01
2.685546875000000000e-01   2.224335821627617005e+00
2.687988281250000000e-01   -1.149248070177418146e+00
2.690429687500000000e-01   1.532516593300153884e+00
2.692871093750000000e-01   -1.246049325030945232e+00
2.695312500000000000e-01   -1.400350794435992530e+00
2.697753906250000000e-01   -1.776671286849310416e+00
2.700195312500000000e-01   -1.550812451260555891e+00
2.702636718750000000e-01   5.760359583932577188e-01
2.705078125000000000e-01   2.299309137457113683e-01
2.707519531250000000e-01   1.454805306854445590e-01
2.709960937500000000e-01   -2.885813956555855486e-01
2.712402343750000000e-01   2.414528925431855821e+00
2.714843750000000000e-01   -1.857576470712062056e-01
2.717285156250000000e-01   -1.010646984663149173e+00
2.719726562500000000e-01   -1.998449687317280510e-01
2.722167968750000000e-01   -7.642851156058954043e-01
2.724609375000000000e-01   -1.013287645181642160e+00
2.727050781250000000e-01   7.367741969855714501e-01
2.729492187500000000e-01   3.511584843910027787e-01
2.731933593750000000e-01   -7.879591662958734810e-01
2.734375000000000000e-01   -1.300535425345443308e+00
2.736816406250000000e-01   -1.303829985729164642e+00
2.739257812500000000e-01   1.916241258638907430e-01
2.741699218750000000e-01   -5.990214784370455625e-01
2.744140625000000000e-01   5.676726133322369527e-01
2.746582031250000000e-01   -5.091344342908706855e-01
2.749023437500000000e-01   1.095985879403664764e+00
2.751464843750000000e-01   7.470891944434837617e-01
2.753906250000000000e-01   1.000899974192677400e+00
2.756347656250000000e-01   7.971758797673866859e-01
2.758789062500000000e-01   2.149707693261682984e+00
2.761230468750000000e-01   -4.508697461744304996e-02
2.763671875000000000e-01   7.889784513502050567e-01
2.766113281250000000e-01   -6.949745460536804753e-01
2.768554687500000000e-01   8.622187439661067598e-01
2.770996093750000000e-01   8.670452013739147201e-01
2.773437500000000000e-01   8.450650326715136718e-01
2.775878906250000000e-01   -9.457921488379189556e-01
2.778320312500000000e-01   4.323140042080187428e-01
2.780761718750000000e-01   -8.036759818955698798e-01
2.783203125000000000e-01   -5.922849725707822754e-01
2.785644531250000000e-01   7.713683034433740371e-01
2.788085937500000000e-01   -8.384021753317634496e-02
2.790527343750000000e-01   6.021591268960080345e-01
2.792968750000000000e-01   1.342209495653017282e+00
2.795410156250000000e-01   1.337751345518211510e+00
2.797851562500000000e-01   5.303897251674654090e-01
2.800292968750000000e-01   7.186431810876117154e-01
2.802734375000000000e-01   9.325322540002524141e-01
2.805175781250000000e-01   8.979388807383298365e-01
2.807617187500000000e-01   -1.842228927416410089e+00
2.810058593750000000e-01   -1.181000190018533402e+00
2.812500000000000000e-01   2.366755372652168676e-01
2.814941406250000000e-01   -5.975145871042467083e-02
2.817382812500000000e-01   -7.454162654446897518e-01
2.819824218750000000e-01   -6.147955211413077548e-01
2.822265625000000000e-01   -5.057361391620227575e-01
2.824707031250000000e-01   -4.569868854654053902e-01
2.827148437500000000e-01   -5.591778872167708220e-02
2.829589843750000000e-01   1.260175420520445178e+00
2.832031250000000000e-01   1.475613048293789475e+00
2.834472656250000000e-01   8.693425260673062205e-01
2.836914062500000000e-01   3.995036987389524036e-02
2.839355468750000000e-01   1.824057258943347359e-01
2.841796875000000000e-01   -2.232478825299935576e-01
2.844238281250000000e-01   3.809619907583535747e-01
2.846679687500000000e-01   8.204656909351435434e-01
2.849121093750000000e-01   -5.001056481475638638e-01
2.851562500000000000e-01   -4.521288711471816990e-01
2.854003906250000000e-01   3.236398948474589754e-01
2.856445312500000000e-01   -4.176087252984849729e-01
2.858886718750000000e-01   -3.410219203612782635e-01
2.861328125000000000e-01   -1.560658604476382161e+00
2.863769531250000000e-01   1.292926420866538972e+00
2.866210937500000000e-01   7.361150157581033415e-01
2.868652343750000000e-01   8.354689328394697689e-01
2.871093750000000000e-01   8.755537955446875964e-01
2.873535156250000000e-01   1.541602649771820044e+00
2.875976562500000000e-01   8.586213094711274418e-02
2.878417968750000000e-01   -1.092769996403549770e+00
2.880859375000000000e-01   1.313717800504549782e+00
2.883300781250000000e-01   -2.399908950255607021e+00
2.885742187500000000e-01   -5.876772607591254083e-01
2.888183593750000000e-01   -8.237021810255307219e-01
2.890625000000000000e-01   -1.551378919773618081e+00
2.893066406250000000e-01   -1.947908638682429583e+00
2.895507812500000000e-01   1.997164917113854465e-01
2.897949218750000000e-01   -1.761754258284950803e+00
2.900390625000000000e-01   6.504745919645207319e-01
2.902832031250000000e-01   5.703059209065411972e-01
2.905273437500000000e-01   1.679650023666772254e-02
2.907714843750000000e-01   1.421401928349827148e+00
2.910156250000000000e-01   1.087406224034578317e+00
2.912597656250000000e-01   3.662633416587172119e-01
2.915039062500000000e-01   5.044195164723473956e-01
2.917480468750000000e-01   -7.468822588932756412e-01
2.919921875000000000e-01   -1.907728714156565475e-01
2.922363281250000000e-01   -1.600797077701708648e+00
2.924804687500000000e-01   2.232008848118526290e-01
2.927246093750000000e-01   3.521035877118365853e-01
2.929687500000000000e-01   1.493358279827412982e+00
2.932128906250000000e-01   -1.236836797299761814e+00
2.934570312500000000e-01   5.769249951120217906e-02
2.937011718750000000e-01   -5.070708611947728761e-02
2.939453125000000000e-01   -7.373974430116153611e-01
2.941894531250000000e-01   -3.304515657128767048e-01
2.944335937500000000e-01   7.455790401021699099e-01
2.946777343750000000e-01   2.446592944300108319e-01
2.949218750000000000e-01   3.031554577895219649e-01
2.951660156250000000e-01   -1.888566215475512289e+00
2.954101562500000000e-01   -2.012363755247029040e+00
2.956542968750000000e-01   1.299643264034452184e+00
2.958984375000000000e-01   5.034988871091932161e-01
2.961425781250000000e-01   -9.829115587267779341e-01
2.963867187500000000e-01   -1.136219022315249294e+00
2.966308593750000000e-01   -3.008268496775857170e-01
2.968750000000000000e-01   -1.600275427497882541e+00
2.971191406250000000e-01   1.493134209921602173e-01
2.973632812500000000e-01   1.402297554430462334e+00
2.976074218750000000e-01   -1.518292891484627649e+00
2.978515625000000000e-01   1.487022086458980041e+00
2.980957031250000000e-01   -3.768127188200338651e-01
2.983398437500000000e-01   -8.937402987151041867e-01
2.985839843750000000e-01   8.049646037401515519e-01
2.988281250000000000e-01   2.252777968843454881e-01
2.990722656250000000e-01   1.579927919245359913e+00
2.993164062500000000e-01   -1.585849096938483749e+00
2.995605468750000000e-01   2.003682528197368473e+00
2.998046875000000000e-01   9.585271535007708343e-02
3.000488281250000000e-01   -9.144782893270013702e-01
3.002929687500000000e-01   -1.400968653975950273e+00
3.005371093750000000e-01   -6.261740090895163702e-01
3.007812500000000000e-01   -1.213096862971862144e+00
3.010253906250000000e-01   -3.498373196775820260e-01
3.012695312500000000e-01   4.424843545967349634e-01
3.015136718750000000e-01   6.482626535140142421e-01
3.017578125000000000e-01   4.962234937707431515e-01
3.020019531250000000e-01   7.073015849153488910e-01
3.022460937500000000e-01   -7.118785654997090706e-01
3.024902343750000000e-01   -6.346292197528085044e-01
3.027343750000000000e-01   1.056925191884562132e+00
3.029785156250000000e-01   3.234710004125166960e-01
3.032226562500000000e-01   1.728173204598114410e+00
3.034667968750000000e-01   1.895818292630630175e+00
3.037109375000000000e-01   3.730754615824053988e-01
3.039550781250000000e-01   -2.277515626282183570e-01
3.041992187500000000e-01   -1.895398117007235372e-01
3.044433593750000000e-01   4.565521808997142217e-01
3.046875000000000000e-01   -5.903275766661255641e-01
3.049316406250000000e-01   -8.228755622807351067e-01
3.051757812500000000e-01   2.897191725894306402e-01
3.054199218750000000e-01   -2.082929351790642425e+00
3.056640625000000000e-01   -5.737153448265800426e-01
3.059082031250000000e-01   3.759563377410472113e-02
3.061523437500000000e-01   -6.569994987417576704e-02
3.063964843750000000e-01   6.127139821833569311e-01
3.066406250000000000e-01   -3.407842486913980617e-01
3.068847656250000000e-01   4.615176400363891207e-01
3.071289062500000000e-01   8.148327427787817046e-01
3.073730468750000000e-01   4.483208316656083214e-01
3.076171875000000000e-01   6.338981381245251123e-01
3.078613281250000000e-01   1.969115854468606874e-01
3.081054687500000000e-01   -1.312365447977289934e+00
3.083496093750000000e-01   -1.848035623694421759e+00
3.085937500000000000e-01   -1.283358303319649174e+00
3.088378906250000000e-01   -1.583937449567095035e+00
3.090820312500000000e-01   -1.624343307231008282e+00
3.093261718750000000e-01   1.721411958593000169e-01
3.095703125000000000e-01   1.831261917662230454e+00
3.098144531250000000e-01   1.366083824958877813e+00
3.100585937500000000e-01   1.684607209143936135e+00
3.103027343750000000e-01   3.172535904547524876e-01
3.105468750000000000e-01   2.159552452000991885e+00
3.107910156250000000e-01   -1.936099894047696168e-01
3.110351562500000000e-01   8.155411705415441803e-01
3.112792968750000000e-01   -6.942565258748197854e-01
3.115234375000000000e-01   -9.351722649286306477e-02
3.117675781250000000e-01   1.175733486069900691e+00
3.120117187500000000e-01   -9.474017267544866672e-02
3.122558593750000000e-01   1.462247987142750727e-01
3.125000000000000000e-01   2.379575743187238024e-01
3.127441406250000000e-01   1.520595601478315517e+00
3.129882812500000000e-01   -1.815738265826763731e-01
3.132324218750000000e-01   -3.398137511644604425e-01
3.134765625000000000e-01   4.899209668791014161e-01
3.137207031250000000e-01   1.577708451657427735e-01
3.139648437500000000e-01   -1.411852118682350721e+00
3.142089843750000000e-01   1.606559675683157107e-02
3.144531250000000000e-01   8.411100495780114983e-01
3.146972656250000000e-01   -1.474765788927553833e+00
3.149414062500000000e-01   -1.514580720479970777e-01
3.151855468750000000e-01   -1.426874296061897973e-01
3.154296875000000000e-01   6.080166252722803977e-01
3.156738281250000000e-01   -8.497180370176590780e-02
3.159179687500000000e-01   1.134867194387403494e-01
3.161621093750000000e-01   -1.265091018819238133e+00
3.164062500000000000e-01   1.545141470524482585e+00
3.166503906250000000e-01   -1.396381351500924073e-01
3.168945312500000000e-01   -9.037087372323541201e-01
3.171386718750000000e-01   -1.747171709338844581e+00
3.173828125000000000e-01   -6.035277938542891185e-01
3.176269531250000000e-01   -8.274896869060424098e-01
3.178710937500000000e-01   2.100899177570613174e-01
3.181152343750000000e-01   -1.663915949428547980e-01
3.183593750000000000e-01   8.884796232759935020e-01
3.186035156250000000e-01   -1.667448440831732270e+00
3.188476562500000000e-01   1.611001767578942978e+00
3.190917968750000000e-01   6.173380970830705250e-01
3.193359375000000000e-01   6.754945804369418827e-01
3.195800781250000000e-01   1.059995115419705591e+00
3.198242187500000000e-01   4.468855368741709300e-01
3.200683593750000000e-01   4.064376638514908269e-01
3.203125000000000000e-01   4.805830194686220858e-01
3.205566406250000000e-01   8.689570497409678795e-01
3.208007812500000000e-01   -1.186023790516787857e+00
3.210449218750000000e-01   1.217284899904862661e+00
3.212890625000000000e-01   3.146501073333071163e-01
3.215332031250000000e-01   1.817663681533110420e+00
3.217773437500000000e-01   1.559749719741413632e+00
3.220214843750000000e-01   4.811727277966859617e-01
3.222656250000000000e-01   7.796321818723179753e-01
3.225097656250000000e-01   1.086788287269645492e+00
3.227539062500000000e-01   8.677413380855930614e-01
3.229980468750000000e-01   -9.315014917787318716e-01
3.232421875000000000e-01   -7.249071338330629333e-01
3.234863281250000000e-01   3.281080634815781161e-01
3.237304687500000000e-01   -1.826771498357373291e+00
3.239746093750000000e-01   -1.569078327620792690e+00
3.242187500000000000e-01   -1.008893929716408788e+00
3.244628906250000000e-01   1.964745304218695754e-01
3.247070312500000000e-01   4.814397750767538398e-01
3.249511718750000000e-01   6.514643421569992210e-01
3.251953125000000000e-01   4.641458866146568329e-01
3.254394531250000000e-01   -3.707427556261916335e-01
3.256835937500000000e-01   8.568810584357278159e-01
3.259277343750000000e-01   -3.326104333095809807e-04
3.261718750000000000e-01   5.867436054626923303e-01
3.264160156250000000e-01   1.706164087190047418e+00
3.266601562500000000e-01   -9.743736347212522686e-01
3.269042968750000000e-01   -9.816036375918721912e-01
3.271484375000000000e-01   -5.036702839135530629e-01
3.273925781250000000e-01   -6.161089472933699573e-01
3.276367187500000000e-01   -2.038951745256862846e+00
3.278808593750000000e-01   -7.630614204723998872e-01
3.281250000000000000e-01   -1.989799732913615227e+00
3.283691406250000000e-01   9.196457415282421888e-01
3.286132812500000000e-01   7.829450657227378096e-01
3.288574218750000000e-01   -2.429800880512035910e+00
3.291015625000000000e-01   2.262777179942733419e+00
3.293457031250000000e-01   3.388981426590306767e-01
3.295898437500000000e-01   -2.061605514652309901e-01
3.298339843750000000e-01   9.820192135009084833e-01
3.300781250000000000e-01   5.383289408206692883e-01
3.303222656250000000e-01   -1.721972811584952412e+00
3.305664062500000000e-01   1.103750034198905272e+00
3.308105468750000000e-01   6.090454570591176120e-01
3.310546875000000000e-01   -1.230198454228503602e+00
3.312988281250000000e-01   -1.860319596950911480e-01
3.315429687500000000e-01   -3.151889716802777630e-01
3.317871093750000000e-01   -1.876529880356888613e+00
3.320312500000000000e-01   -1.161794369124439452e+00
3.322753906250000000e-01   -5.907600249030565687e-01
3.325195312500000000e-01   -1.798352257940904586e+00
3.327636718750000000e-01   -1.101086754598933126e+00
3.330078125000000000e-01   2.610738773254966394e-01
3.332519531250000000e-01   -1.096349242681887048e+00
3.334960937500000000e-01   -9.124260850679776214e-01
3.337402343750000000e-01   -6.995560877151173473e-01
3.339843750000000000e-01   1.978714065455747573e+00
3.342285156250000000e-01   -4.621602190373009234e-01
3.344726562500000000e-01   -2.088956828374832764e-01
3.347167968750000000e-01   -7.789998698903084495e-01
3.349609375000000000e-01   -5.877052386494598935e-01
3.352050781250000000e-01   -1.938011177549651964e-01
3.354492187500000000e-01   -1.985375402378772192e+00
3.356933593750000000e-01   8.729443128054789058e-01
3.359375000000000000e-01   -3.464172537765651816e-01
3.361816406250000000e-01   -1.278440565029138387e+00
3.364257812500000000e-01   -7.132911588756150056e-01
3.366699218750000000e-01   -1.866550089488036024e+00
3.369140625000000000e-01   1.297699737876106374e+00
3.371582031250000000e-01   -1.126391929817069093e-01
3.374023437500000000e-01   -1.856163839137353389e+00
3.376464843750000000e-01   -2.455843587262004218e-02
3.378906250000000000e-01   -7.598683937949278766e-01
3.381347656250000000e-01   5.344216061487401248e-01
3.383789062500000000e-01   2.237997262527019693e+00
3.386230468750000000e-01   1.043233034083056454e+00
3.388671875000000000e-01   2.322722553453313576e+00
3.391113281250000000e-01   -6.235951374466672803e-01
3.393554687500000000e-01   -1.903187107954411150e+00
3.395996093750000000e-01   2.927645472833802498e-01
3.398437500000000000e-01   2.059899213155005349e+00
3.400878906250000000e-01   1.516187869134862476e+00
3.403320312500000000e-01   -5.871511932168393955e-01
3.405761718750000000e-01   1.193955119266918441e+00
3.408203125000000000e-01   -1.609771192841634280e+00
3.410644531250000000e-01   -7.908968006768382075e-01
3.413085937500000000e-01   1.381354964002899477e+00
3.415527343750000000e-01   -5.153983237642186799e-01
3.417968750000000000e-01   -1.565107934828433800e+00
3.420410156250000000e-01   1.140041578387394061e+00
3.422851562500000000e-01   1.944558279621453556e+00
3.425292968750000000e-01   1.316113590106430475e+00
3.427734375000000000e-01   -5.113414090977530524e-01
3.430175781250000000e-01   1.027970061662752288e+00
3.432617187500000000e-01   2.083619491467585849e+00
3.435058593750000000e-01   5.626014817778799415e-01
3.437500000000000000e-01   -8.372866767249627085e-01
3.439941406250000000e-01   1.074108217150793187e+00
3.442382812500000000e-01   8.001066561948955158e-01
3.444824218750000000e-01   5.714313654935599951e-01
3.447265625000000000e-01   -1.470319348168610540e-01
3.449707031250000000e-01   1.181273040637564220e+00
3.452148437500000000e-01   -1.415707150881046594e+00
3.454589843750000000e-01   1.884406145942287614e+00
3.457031250000000000e-01   1.147808448129391978e+00
3.459472656250000000e-01   1.416934029865057454e+00
3.461914062500000000e-01   1.281003794590067191e+00
3.464355468750000000e-01   -7.799378920792041647e-01
3.466796875000000000e-01   7.502228959012315901e-01
3.469238281250000000e-01   -7.010534305713883585e-02
3.471679687500000000e-01   3.874865593559604915e-01
3.474121093750000000e-01   3.466262180586049402e-01
3.476562500000000000e-01   1.191907951247271669e+00
3.479003906250000000e-01   -1.854479513749441311e-01
3.481445312500000000e-01   6.407835698510840894e-01
3.483886718750000000e-01   -7.934831948790201928e-01
3.486328125000000000e-01   -4.898403793371750581e-01
3.488769531250000000e-01   3.845240369798264696e-02
3.491210937500000000e-01   1.151445066881815471e+00
3.493652343750000000e-01   3.353371279138346317e-01
3.496093750000000000e-01   -7.064111635263891076e-01
3.498535156250000000e-01   -1.256218877483127994e+00
3.500976562500000000e-01   -6.597720734736077786e-01
3.503417968750000000e-01   3.633268869530334455e-02
3.505859375000000000e-01   -3.659625829268654540e-01
3.508300781250000000e-01   -2.863113604254133859e-01
3.510742187500000000e-01   -1.161315434221516396e+00
3.513183593750000000e-01   1.801888258780779198e-02
3.515625000000000000e-01   -2.331944396182470125e-01
3.518066406250000000e-01   -5.574597278516453258e-01
3.520507812500000000e-01   -1.625159355872619171e+00
3.522949218750000000e-01   1.186050708623558769e+00
3.525390625000000000e-01   6.786211140426799959e-01
3.527832031250000000e-01   -2.040971181598740525e-01
3.530273437500000000e-01   -4.717622404634302935e-01
3.532714843750000000e-01   7.336773623117979204e-01
3.535156250000000000e-01   5.506837131080847270e-01
3.537597656250000000e-01   1.089792159790111681e+00
3.540039062500000000e-01   -8.040460352101439501e-01
3.542480468750000000e-01   1.283596699418234399e+00
3.544921875000000000e-01   -5.094674805978253174e-01
3.547363281250000000e-01   1.748074754150438448e+00
3.549804687500000000e-01   1.008029340195531809e+00
3.552246093750000000e-01   1.443522706484738682e+00
3.554687500000000000e-01   -7.307620024482942567e-01
3.557128906250000000e-01   -1.924615900878937635e+00
3.559570312500000000e-01   -1.589824809176366704e+00
3.562011718750000000e-01   6.065879746540198125e-01
3.564453125000000000e-01   2.209930514343044550e+00
3.566894531250000000e-01   -1.953669737178658772e-01
3.569335937500000000e-01   -2.505597563547228845e-01
3.571777343750000000e-01   -5.467639402914987734e-01
3.574218750000000000e-01   -4.957881909040086632e-01
3.576660156250000000e-01   1.667869067246120052e+00
3.579101562500000000e-01   -1.887898342076682889e-01
3.581542968750000000e-01   2.427764433226978769e-01
3.583984375000000000e-01   3.359686845378155318e-01
3.586425781250000000e-01   1.058709513318101036e+00
3.588867187500000000e-01   -8.894978094667083113e-01
3.591308593750000000e-01   -1.036107307541915379e+00
3.593750000000000000e-01   5.267834469889694227e-02
3.596191406250000000e-01   -1.630967259659643176e+00
3.598632812500000000e-01   5.239948977455246570e-01
3.601074218750000000e-01   -3.796644802569618116e-01
3.603515625000000000e-01   9.165704048319643638e-02
3.605957031250000000e-01   2.391036547341178486e-01
3.608398437500000000e-01   -9.583870642453912181e-01
3.610839843750000000e-01   9.401550655559587355e-01
3.613281250000000000e-01   -1.334380109828924521e+00
3.615722656250000000e-01   4.304493573835787568e-01
3.618164062500000000e-01   -2.329654864966856642e-01
3.620605468750000000e-01   2.868137072860528769e-01
3.623046875000000000e-01   -1.245898464580392773e+00
3.625488281250000000e-01   4.237761427221438115e-01
3.627929687500000000e-01   -1.874270666020775522e+00
3.630371093750000000e-01   1.041800473802598104e+00
3.632812500000000000e-01   -1.453437406792809306e+00
3.635253906250000000e-01   -7.474975818113824833e-01
3.637695312500000000e-01   -1.348515050384092362e+00
3.640136718750000000e-01   2.284871435260760475e-01
3.642578125000000000e-01   -1.861737875492951888e+00
3.645019531250000000e-01   1.571336843275711603e-01
3.647460937500000000e-01   -5.777413428222915037e-01
3.649902343750000000e-01   -4.133389812082880477e-01
3.652343750000000000e-01   -3.055793889387993789e-01
3.654785156250000000e-01   -1.380840194598417892e+00
3.657226562500000000e-01   4.077569350900369094e-01
3.659667968750000000e-01   3.501212742626093610e-01
3.662109375000000000e-01   -2.304016297136942115e-01
3.664550781250000000e-01   -7.022944028789591675e-01
3.666992187500000000e-01   -1.886119947663368768e+00
3.669433593750000000e-01   -8.757869642309050739e-01
3.671875000000000000e-01   -9.949775860384124648e-01
3.674316406250000000e-01   8.510764985421809259e-01
3.676757812500000000e-01   -1.114939771528631995e+00
3.679199218750000000e-01   5.195672780125721452e-02
3.681640625000000000e-01   -5.663866775052982527e-01
3.684082031250000000e-01   6.862439782126678045e-01
3.686523437500000000e-01   -4.069650189486748865e-02
3.688964843750000000e-01   -6.449412512068394276e-01
3.691406250000000000e-01   6.035192436013511186e-01
3.693847656250000000e-01   -6.514881783574917318e-01
3.696289062500000000e-01   8.722472247194363870e-01
3.698730468750000000e-01   -3.726469007208347284e-01
3.701171875000000000e-01   1.772831959284472125e-01
3.703613281250000000e-01   3.490492880229186246e-01
3.706054687500000000e-01   8.254894771145496746e-01
3.708496093750000000e-01   -1.634851234462145309e+00
3.710937500000000000e-01   -2.487575238372208286e-01
3.713378906250000000e-01   -1.277698833532150191e+00
3.715820312500000000e-01   6.205392202504615012e-02
3.718261718750000000e-01   8.421974145606287987e-01
3.720703125000000000e-01   -1.258992356709280669e+00
3.723144531250000000e-01   -1.193514672386936759e+00
3.725585937500000000e-01   1.530683235397015007e+00
3.728027343750000000e-01   3.464040415484381796e-01
3.730468750000000000e-01   -3.909181633673758927e-01
3.732910156250000000e-01   -3.868960290163016014e-01
3.735351562500000000e-01   -5.760681026960026152e-01
3.737792968750000000e-01   6.368326747254251519e-01
3.740234375000000000e-01   -1.501592977036399601e+00
3.742675781250000000e-01   6.941122966208338463e-01
3.745117187500000000e-01   -2.338657127094105614e-01
3.747558593750000000e-01   -8.301182218342345598e-01
3.750000000000000000e-01   1.401442806747144720e+00
3.752441406250000000e-01   9.616136376589495827e-01
3.754882812500000000e-01   3.976256270386824276e-01
3.757324218750000000e-01   -1.409553507169489350e+00
3.759765625000000000e-01   2.630112994670051219e+00
3.762207031250000000e-01   -7.898279136615844465e-01
3.764648437500000000e-01   1.373366400113881891e+00
3.767089843750000000e-01   9.941816341810506552e-01
3.769531250000000000e-01   1.118641230249202007e-01
3.771972656250000000e-01   -1.047343216962228096e+00
3.774414062500000000e-01   -2.028929376000947193e-01
3.776855468750000000e-01   3.858181896758309387e-02
3.779296875000000000e-01   -2.026749595968961870e-01
3.781738281250000000e-01   2.647642513632559425e+00
3.784179687500000000e-01   1.287025392590777306e+00
3.786621093750000000e-01   1.633731420195052852e-01
3.789062500000000000e-01   5.803124652425167840e-01
3.791503906250000000e-01   8.518480411718382106e-01
3.793945312500000000e-01   1.319366105769224085e+00
3.796386718750000000e-01   2.255987108709560651e+00
3.798828125000000000e-01   5.661979392269020916e-01
3.801269531250000000e-01   1.126253716470651867e+00
3.803710937500000000e-01   -9.081801825823586638e-01
3.806152343750000000e-01   5.843976556683208035e-01
3.808593750000000000e-01   1.458210631087813569e+00
3.811035156250000000e-01   -5.694634976378671887e-01
3.813476562500000000e-01   1.772496298467430842e+00
3.815917968750000000e-01   7.569947683633834190e-01
3.818359375000000000e-01   -5.020981049294023224e-01
3.820800781250000000e-01   -1.101642326421272022e+00
3.823242187500000000e-01   3.108046759768404055e+00
3.825683593750000000e-01   1.369664739641598405e+00
3.828125000000000000e-01   1.926666310005183291e+00
3.830566406250000000e-01   -4.893008161512962806e-01
3.833007812500000000e-01   -1.432150292892012455e+00
3.835449218750000000e-01   4.346040195667483785e-01
3.837890625000000000e-01   1.102383723892051831e-01
3.840332031250000000e-01   -4.887715144407072665e-01
3.842773437500000000e-01   -3.985075189006072605e-01
3.845214843750000000e-01   -1.082031637494152321e+00
3.847656250000000000e-01   -1.670540450471786009e+00
3.850097656250000000e-01   2.226888015579157609e-01
3.852539062500000000e-01   3.706654303745666734e-01
3.854980468750000000e-01   -1.204262627011674525e+00
3.857421875000000000e-01   1.968303844201325370e-01
3.859863281250000000e-01   -7.103401601511597496e-01
3.862304687500000000e-01   -1.767784203161344880e+00
3.864746093750000000e-01   -5.342714876525063161e-01
3.867187500000000000e-01   5.681692853976562096e-01
3.869628906250000000e-01   9.200901198065403186e-01
3.872070312500000000e-01   -9.273370690901607816e-01
3.874511718750000000e-01   1.291345003655469004e+00
3.876953125000000000e-01   -1.738006222307028337e-01
3.879394531250000000e-01   -2.224385853920293199e-01
3.881835937500000000e-01   1.722045114476224104e+00
3.884277343750000000e-01   1.252361788668232556e+00
3.886718750000000000e-01   -7.279409845885820296e-01
3.889160156250000000e-01   -3.573584347912919235e-01
3.891601562500000000e-01   2.507890394541572032e+00
3.894042968750000000e-01   -6.144881381751838845e-01
3.896484375000000000e-01   1.249455998265184720e+00
3.898925781250000000e-01   7.435918940123509291e-01
3.901367187500000000e-01   1.063499031915161153e+00
3.903808593750000000e-01   1.100494710209355853e+00
3.906250000000000000e-01   -2.042955140451499840e+00
3.908691406250000000e-01   1.117283788950973189e-01
3.911132812500000000e-01   1.732550622958788811e+00
3.913574218750000000e-01   -2.034239737561630568e-01
3.916015625000000000e-01   9.312366505568832054e-01
3.918457031250000000e-01   1.111614321791036142e+00
3.920898437500000000e-01   1.284811215792242223e+00
3.923339843750000000e-01   -8.887393503226478364e-01
3.925781250000000000e-01   -2.273811072143258283e+00
3.928222656250000000e-01   -3.028166364877485695e+00
3.930664062500000000e-01   -1.522707794542122128e+00
3.933105468750000000e-01   -7.171258892662549789e-01
3.935546875000000000e-01   -1.075502411556338300e-01
3.937988281250000000e-01   2.837233602651139178e-02
3.940429687500000000e-01   -1.296621239025715466e+00
3.942871093750000000e-01   -9.452327921362198293e-02
3.945312500000000000e-01   -1.977166054944936135e+00
3.947753906250000000e-01   -1.194177728727604748e+00
3.950195312500000000e-01   1.091512214024654037e+00
3.952636718750000000e-01   3.909405367603794867e-01
3.955078125000000000e-01   -4.326066983743491745e-01
3.957519531250000000e-01   -6.231412594980383357e-01
3.959960937500000000e-01   1.221217319111701283e+00
3.962402343750000000e-01   1.341544515083634481e+00
3.964843750000000000e-01   1.216671872098242131e-02
3.967285156250000000e-01   -2.211792554204751460e-01
3.969726562500000000e-01   -5.305642156880313598e-02
3.972167968750000000e-01   -7.467849223356723964e-01
3.974609375000000000e-01   5.374883079433011579e-01
3.977050781250000000e-01   -1.594221536541384543e+00
3.979492187500000000e-01   4.277439219041208052e-01
3.981933593750000000e-01   -2.174970521012359992e+00
3.984375000000000000e-01   -1.625003360112181827e+00
3.986816406250000000e-01   -1.655491916693847099e+00
3.989257812500000000e-01   -2.152171159595129279e-01
3.991699218750000000e-01   -2.293716324747728574e+00
3.994140625000000000e-01   -2.860811630295795327e-01
3.996582031250000000e-01   -4.175243477759706806e-02
3.999023437500000000e-01   1.270423517815544079e+00
4.001464843750000000e-01   9.901198714623599129e-01
4.003906250000000000e-01   -8.265563278067085129e-01
4.006347656250000000e-01   1.793072682075247171e+00
4.008789062500000000e-01   7.138139430622768566e-01
4.011230468750000000e-01   -1.641092905251173573e+00
4.013671875000000000e-01   1.833533513318170438e-01
4.016113281250000000e-01   -5.834456128258409535e-01
4.018554687500000000e-01   -1.569849688467334525e+00
4.020996093750000000e-01   1.624257697867693251e+00
4.023437500000000000e-01   -1.659055541318770199e+00
4.025878906250000000e-01   -1.416338475578218903e+00
4.028320312500000000e-01   6.005140449272084596e-02
4.030761718750000000e-01   9.845624375399220085e-01
4.033203125000000000e-01   -2.080910084696482587e-01
4.035644531250000000e-01   -4.724385104675647984e-01
4.038085937500000000e-01   4.472683182139307601e-01
4.040527343750000000e-01   -7.890967979869801807e-01
4.042968750000000000e-01   -1.080387135675609622e+00
4.045410156250000000e-01   -1.734007334284403568e+00
4.047851562500000000e-01   2.615210513442683404e-01
4.050292968750000000e-01   9.379691096757918345e-01
4.052734375000000000e-01   5.867309345434208456e-01
4.055175781250000000e-01   3.487670003996241053e-01
4.057617187500000000e-01   1.590376540627407298e+00
4.060058593750000000e-01   -1.167365540129600976e-01
4.062500000000000000e-01   -3.864449698323676463e-01
4.064941406250000000e-01   -4.642833408567332287e-01
4.067382812500000000e-01   -6.406668199957118448e-01
4.069824218750000000e-01   -7.763331609228651953e-01
4.072265625000000000e-01   2.851907199998516829e-01
4.074707031250000000e-01   -9.914207026145537283e-01
4.077148437500000000e-01   2.522329608028473502e-01
4.079589843750000000e-01   7.783527785540703681e-01
4.082031250000000000e-01   8.085161447779476429e-01
4.084472656250000000e-01   8.429193346635319717e-01
4.086914062500000000e-01   3.965760092343962873e-01
4.089355468750000000e-01   -1.867299288878419838e-01
4.091796875000000000e-01   -8.928688238924585852e-01
4.094238281250000000e-01   1.003411881556226515e+00
4.096679687500000000e-01   -2.360407394968753181e-01
4.099121093750000000e-01   -5.372352844341070632e-01
4.101562500000000000e-01   1.465074948354199602e+00
4.104003906250000000e-01   8.090356053021282579e-01
4.106445312500000000e-01   3.580423538771428799e-02
4.108886718750000000e-01   8.781377018789691125e-01
4.111328125000000000e-01   1.762761733465799674e-01
4.113769531250000000e-01   -8.072391452447713611e-02
4.116210937500000000e-01   4.057537859786013446e-01
4.118652343750000000e-01   -1.416418908941754262e+00
4.121093750000000000e-01   -3.734362564578370125e-01
4.123535156250000000e-01   8.338665232098029234e-01
4.125976562500000000e-01   1.271736666037267538e+00
4.128417968750000000e-01   3.189692653590736615e-01
4.130859375000000000e-01   -3.645593602292810376e-01
4.133300781250000000e-01   -1.374872689421548833e+00
4.135742187500000000e-01   -9.738593124264961487e-01
4.138183593750000000e-01   -8.615232919385088506e-01
4.140625000000000000e-01   1.002813073706879221e+00
4.143066406250000000e-01   -3.281283405198928138e-01
4.145507812500000000e-01   3.917210912065708928e-01
4.147949218750000000e-01   8.333805921613870460e-01
4.150390625000000000e-01   5.880656465018422319e-01
4.152832031250000000e-01   9.852911616165277442e-02
4.155273437500000000e-01   8.512043333406287340e-03
4.157714843750000000e-01   -2.868805299258229136e-01
4.160156250000000000e-01   -1.079046674115689310e-02
4.162597656250000000e-01   1.110852778846595390e+00
4.165039062500000000e-01   5.912118797930323577e-01
4.167480468750000000e-01   2.450484624205340467e-01
4.169921875000000000e-01   -3.973227692057800242e-01
4.172363281250000000e-01   -5.308908413739504839e-01
4.174804687500000000e-01   8.440361303661729764e-01
4.177246093750000000e-01   7.753685677635206996e-01
4.179687500000000000e-01   1.583125330702716438e+00
4.182128906250000000e-01   2.165917038317828336e-01
4.184570312500000000e-01   6.135959234221870506e-01
4.187011718750000000e-01   -3.236143606244015758e-01
4.189453125000000000e-01   -1.784497459874514469e-01
4.191894531250000000e-01   5.804026026174993191e-01
4.194335937500000000e-01   -8.203523699157794918e-03
4.196777343750000000e-01   -4.825474446015879937e-01
4.199218750000000000e-01   7.522373085255688041e-01
4.201660156250000000e-01   1.751813725257238552e+00
4.204101562500000000e-01   -1.867060808646100745e-01
4.206542968750000000e-01   2.178121655524901890e+00
4.208984375000000000e-01   1.825554921901923366e+00
4.211425781250000000e-01   -7.702870615861988624e-01
4.213867187500000000e-01   -1.141259880116214820e+00
4.216308593750000000e-01   1.208804653844961718e+00
4.218750000000000000e-01   7.384510092955399729e-01
4.221191406250000000e-01   1.327394813613882452e+00
4.223632812500000000e-01   1.169862981446626454e-01
4.226074218750000000e-01   -8.940297853464923561e-01
4.228515625000000000e-01   8.177521905321099016e-01
4.230957031250000000e-01   -6.423870532905498476e-02
4.233398437500000000e-01   5.045466074368315512e-01
4.235839843750000000e-01   -1.371450953179093046e-01
4.238281250000000000e-01   1.190165329108770820e+00
4.240722656250000000e-01   -2.322973059434383813e+00
4.243164062500000000e-01   -5.336046510822205491e-01
4.245605468750000000e-01   -5.537247802029171551e-01
4.248046875000000000e-01   1.808742943661328262e+00
4.250488281250000000e-01   -9.585507283942744650e-01
4.252929687500000000e-01   -1.106723343607174836e+00
4.255371093750000000e-01   -4.483305081734760278e-01
4.257812500000000000e-01   2.390288906247986400e+00
4.260253906250000000e-01   -1.851439436709767961e+00
4.262695312500000000e-01   -1.530056608697149434e+00
4.265136718750000000e-01   1.334785409036454595e+00
4.267578125000000000e-01   1.832363812862841945e-01
4.270019531250000000e-01   -1.171470443124264182e+00
4.272460937500000000e-01   -8.298687893036079677e-01
4.274902343750000000e-01   -6.152787242968421610e-01
4.277343750000000000e-01   -6.176899717704363857e-01
4.279785156250000000e-01   -2.787356334520383339e-01
4.282226562500000000e-01   -7.492121356438438129e-01
4.284667968750000000e-01   -1.793017269620145848e+00
4.287109375000000000e-01   7.733722659621120599e-01
4.289550781250000000e-01   1.353540855899929118e+00
4.291992187500000000e-01   9.310439934834662257e-01
4.294433593750000000e-01   -1.865049225888472773e+00
4.296875000000000000e-01   -6.081238297679931737e-01
4.299316406250000000e-01   1.999130253618897901e-01
4.301757812500000000e-01   -1.139926606987744062e+00
4.304199218750000000e-01   -4.607121081962182729e-01
4.306640625000000000e-01   5.233392563421950250e-01
4.309082031250000000e-01   7.352429959904082102e-01
4.311523437500000000e-01   1.490943966582322311e+00
4.313964843750000000e-01   -5.583878569904434652e-01
4.316406250000000000e-01   4.859173453922593922e-01
4.318847656250000000e-01   -2.834808650301082755e-01
4.321289062500000000e-01   -3.273595553721170837e-01
4.323730468750000000e-01   6.379878583530113056e-01
4.326171875000000000e-01   2.827287403922962739e+00
4.328613281250000000e-01   -4.194094221085563068e-01
4.331054687500000000e-01   4.325554336543587231e-01
4.333496093750000000e-01   -1.982156905371391664e+00
4.335937500000000000e-01   -9.055351680089087640e-01
4.338378906250000000e-01   -1.401907032821053001e+00
4.340820312500000000e-01   -2.760708844640439308e-01
4.343261718750000000e-01   2.963468409640023782e-01
4.345703125000000000e-01   -1.499019085535120421e-01
4.348144531250000000e-01   -3.369224446291725350e-01
4.350585937500000000e-01   -2.822453152344888139e+00
4.353027343750000000e-01   1.339417918222539639e+00
4.355468750000000000e-01   -1.667166078591842737e+00
4.357910156250000000e-01   1.092808867122125660e+00
4.360351562500000000e-01   6.885121237244272718e-01
4.362792968750000000e-01   2.193018858841541685e-01
4.365234375000000000e-01   1.693904133731237160e-01
4.367675781250000000e-01   1.330170439033757090e-01
4.370117187500000000e-01   -1.490567821878075128e+00
4.372558593750000000e-01   9.835773421223528157e-01
4.375000000000000000e-01   1.726176464950823553e+00
4.377441406250000000e-01   1.737362905988765638e+00
4.379882812500000000e-01   1.144128778245363520e+00
4.382324218750000000e-01   -2.109050770672027675e-01
4.384765625000000000e-01   -1.054449254526876212e+00
4.387207031250000000e-01   -2.067860404751599823e+00
4.389648437500000000e-01   -1.341697350806840827e+00
4.392089843750000000e-01   -6.788319312402009142e-01
4.394531250000000000e-01   2.351869505009549499e-01
4.396972656250000000e-01   -1.519589694974402772e+00
4.399414062500000000e-01   -1.841718736723132910e+00
4.401855468750000000e-01   1.722524806035192757e+00
4.404296875000000000e-01   3.301970709368612922e-01
4.406738281250000000e-01   -3.105310201758598176e-01
4.409179687500000000e-01   -8.896660617839533547e-01
4.411621093750000000e-01   3.648226179200780850e-01
4.414062500000000000e-01   -1.415974020881945350e+00
4.416503906250000000e-01   8.566562490458304868e-01
4.418945312500000000e-01   -4.833611015691030577e-01
4.421386718750000000e-01   -1.525720075450563096e+00
4.423828125000000000e-01   -2.203553247963579154e-01
4.426269531250000000e-01   1.380077179772990492e+00
4.428710937500000000e-01   -2.400219735196628790e+00
4.431152343750000000e-01   -1.907237041018985391e+00
4.433593750000000000e-01   2.591173650907010906e+00
4.436035156250000000e-01   5.775201592371952408e-01
4.438476562500000000e-01   3.935402805782403646e-01
4.440917968750000000e-01   7.253260494175403639e-02
4.443359375000000000e-01   1.351364894845326070e+00
4.445800781250000000e-01   -2.206846476787770683e+00
4.448242187500000000e-01   -4.816429244292392275e-01
4.450683593750000000e-01   6.576985045073138192e-01
4.453125000000000000e-01   -9.600396519451245281e-01
4.455566406250000000e-01   9.213429436746164436e-01
4.458007812500000000e-01   2.144010877209240329e-01
4.460449218750000000e-01   -3.981603053639639067e-01
4.462890625000000000e-01   -3.523619417363772766e-02
4.465332031250000000e-01   -5.707401523592166015e-01
4.467773437500000000e-01   4.708736797171724775e-01
4.470214843750000000e-01   1.378340557654581078e+00
4.472656250000000000e-01   1.576216971988572135e-01
4.475097656250000000e-01   -1.058114591358198853e+00
4.477539062500000000e-01   1.565396162107351774e+00
4.479980468750000000e-01   -1.883752977889169289e-01
4.482421875000000000e-01   -5.733752047408946506e-01
4.484863281250000000e-01   -5.992337290317482079e-01
4.487304687500000000e-01   -9.601134299517255499e-02
4.489746093750000000e-01   7.718136339480666797e-01
4.492187500000000000e-01   6.049020677894899611e-01
4.494628906250000000e-01   -1.847204575677065419e+00
4.497070312500000000e-01   4.253458020335441070e-01
4.499511718750000000e-01   1.754589830568967779e-01
4.501953125000000000e-01   -2.222445401179078961e-01
4.504394531250000000e-01   -8.296820317307590509e-02
4.506835937500000000e-01   -2.857290421385226889e-02
4.509277343750000000e-01   -4.684174476567732337e-01
4.511718750000000000e-01   6.642560021704095874e-01
4.514160156250000000e-01   1.510914890543482603e+00
4.516601562500000000e-01   2.101810004135975074e+00
4.519042968750000000e-01   6.558941044502160089e-01
4.521484375000000000e-01   1.182874257777286608e+00
4.523925781250000000e-01   1.223361226624483988e+00
4.526367187500000000e-01   -8.923234631544354478e-01
4.528808593750000000e-01   -2.814406335551831659e-02
4.531250000000000000e-01   -1.869636592636669814e+00
